1.485649845691999094e+00
6.171859925156795157e-01
3.570470344444216515e-01
2.779061708795750318e-01
5.147374220078492213e-01
3.134932120021788893e-01
2.197108559692393936e-01
4.393795019225754661e-01
6.410376624795541822e-01
3.898678064457782866e-01
2.254145343757842090e-01
3.335659605922816073e-01
2.490798242019278408e-01
3.147103433522269178e-01
3.396315982157727120e-01
5.315966914254880438e-01
1.363298043594121378e-01
4.482415226402510777e-01
3.519732526095221692e-01
9.712216196457322814e-01
1.070965372723299724e+00
5.039872180858249173e-01
1.618226249747539702e-01
4.087586666295605076e-01
2.246013093125758531e-01
4.923897709914196730e-01
1.198105280376992876e-01
2.853100524407454763e-01
3.490385420043547460e-01
3.213915779240574255e-01
1.317912082532864404e-01
4.014288042029246495e-01
5.262527407070072272e-01
2.642887815079175140e-01
9.545160679471048626e-02
5.020787362204426341e-01
3.250734569477941038e-01
6.472963837413235610e-02
4.683924799290661301e-01
4.486003629663270487e-01
5.722940436901852168e-01
3.049954761364360722e-01
3.843151985983769836e-01
3.920654805168959367e-01
1.599457738043797150e-01
2.507778205957506557e-01
3.764044208125237878e-01
4.824281975121786359e-01
1.639851623700646632e-01
2.668234083823882719e-01
3.724653468879697282e-01
1.823517128000409493e-01
2.948577227629605169e-01
2.362630101952998274e-01
2.743110099032500804e-01
6.035257767878635660e-01
2.034115784830246854e-01
1.513333945928457824e-01
4.602803436962753514e-01
2.080942117170904992e-01
2.844336668251086220e-01
1.725428767378223427e-01
1.495163093706511903e-01
2.479717351434609640e-01
1.772224331384823770e-01
2.626353103833352631e-01
2.674164441408837245e-01
3.801392163088158083e-01
3.303962664052210729e-01
1.837080691157448598e-01
1.714137676556125867e-01
3.057858023720917973e-01
2.709872327060130481e-01
3.810790660645249628e-01
2.404240175626391751e-01
3.100369200284850968e-01
3.075343467815829651e-02
3.908726369975332182e-01
3.799014325848901197e-01
5.469025932285935532e-02
3.090687489867605109e-01
3.245240021679702824e-01
4.094396879430165503e-01
7.014540271643690539e-02
1.315109063700605208e-01
3.263664563671589969e-01
4.480142523641924002e-01
2.821336611833705765e-01
2.465372300752993739e-01
2.675260231026518887e-01
3.462633715175068017e-01
1.229646779771201154e-01
2.939747787879585239e-01
4.023222123204860945e-01
2.505272018646311771e-01
2.018523725371205724e-01
3.029438426980472499e-01
4.744272060657356849e-01
2.413223482849998491e-01
1.281475655014757409e-01
3.578004534812649351e-01
3.562362399713495109e-01
2.870494058274315474e-01
9.541982566832914181e-02
4.974810246335407971e-02
5.047871161896037018e-01
2.207031764869263335e-01
1.560264864887731251e-01
1.843230336206610753e-01
3.247357517866015786e-01
2.056699044105559093e-01
1.363943173942779308e-01
1.565551161631522914e-01
3.576193002210357741e-01
2.816038991473830966e-01
5.019655400858787919e-01
8.684280408283301389e-02
3.203224905965695313e-01
2.924017903160652798e-01
8.301036468036765426e-02
1.700093804047164980e-01
3.472249132258055093e-01
4.319072964380379909e-01
1.337613504100580442e-01
6.010665812918672413e-02
4.058244594576681519e-01
3.060343397366789842e-01
1.154875976466409604e-01
4.257760257777973845e-01
3.774023449381626594e-01
1.843509373421298447e-01
2.872445741311501211e-01
5.307101332850053810e-01
3.631006898902245372e-01
2.637822870231994465e-01
4.266358098026142298e-01
4.113135268909615672e-01
5.331881449830754294e-01
3.824254725420348500e-01
2.420942824882646172e-01
2.560308122716337675e-01
2.353712560795607478e-01
2.406815911548834952e-01
2.050390506284626713e-01
1.279213287494961604e-01
4.407052143440347569e-01
2.598842536795089031e-01
2.306319247979501941e-01
1.680584855323121740e-01
2.153086374378223866e-01
3.097156118824711535e-01
