-1.158751568838169502e-02
1.689925042534241644e-03
1.455748376199071138e-02
1.471481589493922257e-02
9.315985819675741061e-03
1.100301420123258808e-02
1.762637448824683900e-02
3.062252290751229719e-02
3.713352136637842332e-02
2.523947220147694168e-02
2.208215658490116778e-02
1.940827184038660530e-02
7.816920636633842637e-03
1.727299639291292929e-03
-1.371430388697733420e-02
-1.084224558922276989e-02
-2.024433683652909419e-02
-1.299963028552915921e-02
-6.851267591340294734e-03
-4.244823624710093550e-03
1.313665194325111009e-02
1.639482015744048518e-02
2.063503270786693974e-02
2.411556671545611943e-02
2.317796340200827324e-02
1.415411629925960105e-02
1.141592472028742609e-02
4.875193095738363305e-03
-2.975679515419950381e-03
-1.401060823973098932e-02
-1.781772809656492762e-02
-1.898932037839232145e-02
-1.465927669617551193e-02
-1.155103378275111614e-02
-2.830331941985280743e-03
1.690427712751401941e-03
9.287755859201177189e-03
2.875649180521428969e-02
2.207281440964509872e-02
3.329295886909246216e-02
2.175143539631407136e-02
1.595080644830807262e-02
9.200908343440599574e-03
-6.057713977691313485e-03
3.516221990381319419e-03
-4.644350568421952950e-03
-7.458753733258998916e-03
-1.361260477351627397e-02
-5.032538129811443307e-03
-3.278555778673738499e-04
4.156469330457226996e-03
8.922398735298693248e-03
1.266183537611549094e-02
1.523640755586390047e-02
1.761306968931902056e-02
2.166137600104987848e-02
1.176011944971530609e-02
1.428962238168160308e-03
2.903984410787480066e-03
-7.602225039079430445e-03
-1.274088170988521215e-02
-2.098746377371610294e-02
-1.502505659937491272e-02
-6.661245441570776138e-03
-5.100188495472738649e-03
3.749034164727079355e-04
1.028591262329402525e-02
1.167761969242740901e-02
1.773776472187351197e-02
1.759678021439141371e-02
1.797012312161788000e-02
1.679190531393736502e-02
1.320144910920245662e-02
-3.978218314635940077e-03
-2.244759041461635591e-03
-1.178818738222775324e-02
-6.423294883619689102e-03
-5.288050315221110367e-03
-9.517543497704181524e-03
-1.050165711482930857e-02
-2.577142242304656088e-03
1.543333219802180177e-03
9.739707417492429742e-03
1.417263982973380326e-02
1.801814548892480272e-02
2.042559543698297189e-02
1.549937087412094766e-02
1.058640661020142197e-02
1.259264836704184843e-03
-1.878745786560558897e-03
-1.553205452282753994e-02
-1.354313217992836327e-02
-2.101525869021789866e-02
-7.965721101160940995e-03
-1.106931909988836428e-02
-6.462656376661114407e-03
-1.091331686529118565e-03
4.219062806612661198e-03
1.307127315112710866e-02
1.072372058393661863e-02
1.304839612807224235e-02
9.236001993065318105e-03
8.258025401546638389e-03
4.930100428632651702e-03
7.801687213157455520e-04
-3.803326598060349176e-03
-1.496477918323920950e-02
-1.114780131028199339e-02
-3.913975483344067988e-03
-7.589812736765391568e-04
-1.306533402513026946e-03
2.093527429834183412e-03
2.505744261152448912e-03
7.964815501172893206e-03
1.366565551337580939e-02
1.531538198444919868e-02
1.126247502162535871e-02
-6.829774227948505385e-04
4.073840742912847139e-04
-1.643612654629733258e-03
-3.281302675716973524e-03
-5.418684832925707573e-03
-9.356920937761881510e-03
-9.314845155777410485e-03
-1.201701180964043388e-02
-5.512847547067592155e-03
-1.159395340268917340e-03
3.214804545542330853e-03
9.461193377081207959e-03
6.509599774226211381e-03
1.015449957778951501e-02
9.137832976951410641e-03
8.623236924225598232e-03
2.170908729975317211e-03
-3.885465920478617212e-03
-3.963988318730753482e-03
-4.730465665346900617e-04
-1.054715501229214029e-02
-9.805678292027697127e-03
-5.106584975262874748e-03
-6.405762734423915521e-03
-2.749631243988438171e-03
-8.166880776035638587e-04
1.092968451578740265e-02
1.478606987600361057e-02
1.161319124409436118e-02
1.098612486770446026e-02
7.787950400944512047e-03
2.653473805465238287e-03
1.104063845763222034e-04
-7.739499487825710761e-03
-7.129947654817271781e-03
-9.031227259564024099e-03
-9.026303469278270167e-03
-4.752840156848021913e-03
-3.608632670016027975e-03
-1.302501566572437800e-03
-8.554723948231621883e-03
5.338428166468235127e-03
4.388173465627218627e-03
8.454286795632452375e-03
8.604007592202344776e-03
5.386123624652388447e-03
3.484997374663718981e-03
2.268616404147128299e-03
-1.140139092993840359e-03
-2.989927403709706586e-03
-1.570914804767780271e-03
-2.073415675720378850e-03
-7.472357088835276809e-05
-6.867898675568901920e-03
1.358283292286364659e-03
4.246740946977987062e-03
1.107321016316980405e-03
5.084933992511328146e-03
3.048253035725185731e-03
2.695544049773406121e-03
2.309063336271712820e-03
2.542558929398723230e-03
1.469966999325207505e-03
-1.073374321007854399e-03
-5.388670109282536931e-03
-6.306775159934397031e-03
-7.598612119931900596e-03
-4.625816040965856184e-03
-5.795534317332423115e-03
-4.141569619621313786e-03
-1.071250479683182001e-03
-1.875271466957158890e-03
6.141548386595434630e-03
6.102834227300871391e-03
9.868919407880247241e-03
2.907322768246361436e-03
5.876131321697168619e-03
1.368884134403701826e-03
-1.346734185434518474e-03
2.207788690008925022e-03
-2.821769176706164471e-03
-3.568359673775472161e-03
-1.501166725144461363e-03
-3.318515802916901548e-03
-3.751079951448747524e-03
6.460137146335384042e-04
9.705870063976003437e-03
3.538910064166007289e-03
2.087542799922031782e-03
4.728634380943248089e-03
2.092385866062720229e-03
1.433797370699881274e-03
4.745343003198721626e-03
1.620594089734602502e-03
1.551910942969225802e-03
-7.620530208032025993e-03
-5.562790352503430708e-03
-8.962634943124435025e-03
-3.253291598064589341e-03
-2.422555349752423919e-03
-2.355314106314759359e-03
4.314098324463191275e-03
2.377746862609847727e-03
1.001225931696582937e-02
2.560205575057362699e-03
4.379843530273323099e-03
-5.975768524366209642e-05
7.588313085828702611e-04
-1.613055173470584859e-03
-2.386773884304472983e-03
-3.682332160264231106e-03
7.414628872593887051e-04
-5.411656677913585442e-03
-2.356566964481834284e-03
-7.668077322175674950e-04
2.038278220407728665e-03
6.678348135463167560e-04
2.534552086465751471e-03
1.396902273919806321e-03
4.929713339074426152e-03
3.763644356578407877e-03
5.150934553554087575e-04
3.365235370744774131e-03
-6.055721161281146878e-04
1.484166245369301354e-03
-1.264693464016669383e-03
-5.470334519987690367e-03
-4.646842228845636004e-03
-1.673436746139147580e-03
-2.665999137150681930e-03
-3.252542810405225759e-03
-2.461072218032482172e-03
2.905494889675671460e-03
1.983593137756837696e-03
4.440761428702625149e-03
3.491598135572411641e-03
1.542228878370757728e-03
-3.700353687932824397e-03
2.676533528172752533e-03
-3.239755384292076004e-03
-3.195512279549787360e-04
1.716780992945134317e-03
-2.074336060574178027e-03
-3.751637920507592833e-03
-1.637251952043232602e-03
-7.662043116063155506e-04
9.934058423713555512e-04
1.110180646773142312e-03
3.118389932708365460e-03
3.653570627212773120e-03
4.931162255403813335e-04
4.658128817724464625e-03
9.841784621353792759e-04
1.514875275330037361e-03
1.343870277913014480e-03
-3.167046364033495698e-04
-1.179706104617209411e-03
2.425602104459893450e-05
-3.281797823788719457e-03
-1.496433025547282093e-03
-4.574591695499278751e-04
-8.899952212569547938e-04
-2.280188357139411627e-03
1.296531956635993367e-04
-2.511997299953907820e-03
8.565866957369132860e-04
8.589309446350243274e-04
2.214105807138313717e-03
6.611143436918331040e-04
-1.899284850724510584e-03
1.780111493515775575e-03
-1.852689874383158625e-04
-1.530398944534678857e-03
-1.932258773832590086e-03
-7.217130663544924505e-04
-2.924171003348300085e-03
3.517010117849737882e-03
1.133449036727673985e-04
1.127565579744471799e-04
-4.734235662491604051e-04
-4.778317020795910916e-04
-9.766183719801934532e-04
-2.200000000000017480e-03
