4.691061392850650602e-01
3.283005858750112083e-01
2.156176398355186541e-01
1.284177544792576009e-01
9.211000868162870503e-02
1.170567526170646910e-01
1.485978968672117262e-01
1.238867820344393272e-01
2.281393067287779963e-01
2.569117320939097171e-01
1.331374638522441478e-01
1.177196550567381761e-01
4.225760985030410644e-02
1.108262267966499681e-01
1.375354093047112258e-01
2.467903721071392775e-01
1.784397023871809318e-01
2.857309023972998130e-01
4.136172313292641456e-01
8.825351029349506327e-01
1.269314893351353168e+00
3.674717012184098852e-01
1.615084175835885538e-01
1.603521116633690735e-01
1.242690893058824575e-01
9.881518598441935142e-02
5.089592861089186487e-02
7.740226623976234621e-02
8.949300108185396715e-03
4.649427391128238551e-02
3.425954553476490139e-02
8.542633906167358682e-02
7.285612910064701020e-02
9.636879337172332693e-02
6.867327358485737776e-02
3.193267850528150320e-02
9.719085504770705319e-02
4.611227676158891758e-02
1.650428357012348815e-02
3.729179581919939840e-02
1.131412025239467434e-01
2.531499183477355086e-02
4.283508030237832137e-02
5.079210373193675937e-02
1.102175984514840688e-02
4.725176452220841705e-02
2.023791006040922408e-02
8.903679115338315742e-02
1.195139504613486614e-01
7.886809151255087802e-02
7.778034914485425395e-03
1.130852744422753409e-01
1.456335368821424017e-02
7.846189297202278701e-02
6.946718978756934171e-02
8.216918825710123331e-02
9.424460425919749251e-02
6.596657636940764236e-02
5.797178118197879315e-02
9.654598761185885503e-02
5.108598849115434520e-02
5.035034086028730704e-02
4.684712531124543555e-02
7.155952418889950650e-02
6.363780469564007947e-02
8.122831164077246036e-02
5.965095117123740687e-02
1.510015452986351696e-02
3.808082943083650196e-02
1.079113400529121969e-01
5.694352679945548223e-02
6.104119289957261885e-02
5.144878253317352462e-02
3.697974136926330396e-02
2.618237197346460349e-02
6.320348223594873804e-02
4.700448498801642477e-02
4.307629719045590749e-02
2.576319970764497091e-02
4.473772892181124283e-02
3.604690173560606142e-02
2.719102485608703920e-02
4.222537108075277712e-02
3.034794951483353945e-02
2.738015346412123879e-02
9.031487772387934709e-02
4.384965398220380672e-02
3.871306365337984223e-02
9.165293189663177228e-03
4.274257891635713930e-02
4.384743912703964464e-02
2.803711321529088127e-02
3.777012029375168695e-02
3.676832771543850353e-02
4.576176646579085960e-02
2.650226368596726029e-02
8.398298190149375286e-02
5.138634750299445053e-02
1.615093831175192646e-02
2.762404830594026098e-02
3.132281308804571451e-02
1.117423407960389976e-02
2.116016246293128331e-02
2.562264158700371802e-02
2.852325206310458647e-02
2.385825362125136573e-02
1.025775324410814482e-02
5.544831449036580900e-02
5.739642812977798630e-02
1.542393565098755526e-02
4.183066743745990357e-02
1.070703788842928827e-01
3.525516535244206662e-02
5.995315243438890940e-02
5.127850252070728643e-02
3.458160961146492657e-02
2.304678928008085936e-02
3.644138046328998515e-02
4.793368860103645879e-02
4.294837571111903562e-02
4.523645097093807743e-02
5.638119690669550488e-02
3.008375715979525952e-02
5.964102746496265095e-02
3.964598861350167314e-02
2.114486508885460303e-02
1.189182195120362939e-01
4.893737674044022767e-02
7.699645501566275418e-02
5.911332243016564902e-02
4.006756819923461971e-02
4.957726260222577834e-03
3.717967125019752683e-02
4.954305927765042389e-02
7.335141012234974722e-02
6.078598324513025120e-02
8.127454112683352161e-02
1.977889645214142567e-02
8.707748814930216241e-02
5.618714989594933429e-02
3.989184614303025594e-02
1.165052996633442021e-02
3.158452158044783298e-02
4.651891494668738969e-02
8.895641029583022108e-02
3.125885053930620855e-02
4.927078240330352160e-02
5.698773629804140817e-02
2.668396209839568253e-02
2.096103307162660440e-02
4.800744875898250649e-03
