9.389201158235394029e-01
9.488942546012760770e-01
9.623280391144584112e-01
9.494064113408978711e-01
9.431309813692734245e-01
9.333388872689909466e-01
9.326337679394743896e-01
9.412745258785593094e-01
9.564999049919922225e-01
9.590505012294306963e-01
9.453579970003648247e-01
9.310395846503557449e-01
9.252282101561971617e-01
9.253910950661853319e-01
9.467718949151631147e-01
9.480258873872078329e-01
9.547155188540581428e-01
9.548526046574236092e-01
9.366805460106992776e-01
9.181904246686503068e-01
9.232466594930329729e-01
9.391223992607319326e-01
9.601729830815532996e-01
9.605241080553394983e-01
9.500737746984859733e-01
9.329725158562367504e-01
9.281985267825216823e-01
9.421861916723757169e-01
9.450485280496153662e-01
9.530800665960345031e-01
9.630491437081161177e-01
9.469522891804412756e-01
9.405621627426239417e-01
9.271030762501822897e-01
9.171327547412407855e-01
9.380266666666666753e-01
9.685026385224274614e-01
9.516762893600504425e-01
9.350762274650744610e-01
9.464057207376740388e-01
9.237494916632777997e-01
