8.872620838903633178e-01
8.986509690050252797e-01
8.874955941930079417e-01
8.864051069794783855e-01
8.992482937744550320e-01
8.934651075238629891e-01
9.005484460604086250e-01
8.808663286735600728e-01
8.889433234788842730e-01
8.925282651060244543e-01
8.966367404243860140e-01
8.902492769544539941e-01
8.909911566720238874e-01
8.920781714321026623e-01
8.877894057726902766e-01
8.818754498339738124e-01
8.854717535913386728e-01
8.923402923244071472e-01
8.879597306897638598e-01
8.811496418653089746e-01
8.928484754189690564e-01
8.887632139139201026e-01
8.832727276918149739e-01
8.840185505851816394e-01
8.869405101156424553e-01
8.938424830287744483e-01
8.960836592784958698e-01
8.892194571265504832e-01
8.941321426085229174e-01
8.857898475513743541e-01
8.940993056782827741e-01
8.938405204271333560e-01
8.833219323311274351e-01
8.893262166818555192e-01
8.943773238431449446e-01
8.943318779640054839e-01
8.857236477783958506e-01
8.841073130772780786e-01
8.863022421975641496e-01
8.899077937109108882e-01
