9.383198679523934160e-01
9.728489925986841813e-01
1.014242809741767060e+00
1.009993857808261231e+00
9.991790661877886226e-01
9.793270872055532816e-01
9.472378577814715150e-01
9.248546896473466283e-01
9.119750807568066664e-01
9.211330222158670145e-01
9.568124164302762580e-01
9.868326163181060373e-01
9.978502149785021258e-01
1.005919515139063636e+00
9.859867297589717250e-01
9.610816666021896326e-01
9.424748114945833422e-01
9.093973660708670748e-01
9.141740568164737901e-01
9.358757062146892958e-01
9.591762224145391480e-01
9.883522361129011280e-01
1.010870869429579377e+00
1.035178747470554717e+00
1.040340122602333439e+00
1.141379310344827536e+00
2.000000000000000000e+00
0.000000000000000000e+00
0.000000000000000000e+00
0.000000000000000000e+00
0.000000000000000000e+00
0.000000000000000000e+00
0.000000000000000000e+00
0.000000000000000000e+00
0.000000000000000000e+00
0.000000000000000000e+00
0.000000000000000000e+00
0.000000000000000000e+00
0.000000000000000000e+00
0.000000000000000000e+00
0.000000000000000000e+00
