9.509197870188379476e-01
9.678440580638263402e-01
9.375973460524716918e-01
9.034735468803472003e-01
8.666820802654793265e-01
8.535066989662637438e-01
8.550112339741442469e-01
8.874683893489073716e-01
9.364027245391945975e-01
9.584569683468583401e-01
9.829264398880095399e-01
9.640328824628744409e-01
9.374648913670686756e-01
9.011855629407146129e-01
8.707430364214383545e-01
8.538604844438613117e-01
8.672581582688018154e-01
8.966368008171337056e-01
9.310473302917098293e-01
9.611320066690142161e-01
9.654550390852101316e-01
9.620049486272673755e-01
9.313129933877166700e-01
8.934656477460025670e-01
8.616200821825616973e-01
8.515456957431377649e-01
8.724740966040255286e-01
9.021294238790888986e-01
9.369033701767101041e-01
9.649439668749784094e-01
9.673906935530734996e-01
9.516915624064953283e-01
9.257100533861649660e-01
8.904267724337557866e-01
8.516161075769174138e-01
8.576596951663492119e-01
8.664464846597701442e-01
9.052394623653590155e-01
9.390568766574923787e-01
9.705521399680053785e-01
