8.651539379010029229e-01
8.694339194414167915e-01
8.809628824066471076e-01
8.946222865271444835e-01
8.956014160109611044e-01
8.767558693568010542e-01
8.770056197032917167e-01
8.579818603257343135e-01
8.582250510374510588e-01
8.650765085853890923e-01
8.797120782038179154e-01
8.851749542523162928e-01
8.840593437764678875e-01
8.841165061228901667e-01
8.725044776289205828e-01
8.726076677218678190e-01
8.682786453200455057e-01
8.638334597589919506e-01
8.727376083564523102e-01
8.824631070797425147e-01
8.807906627134785005e-01
8.839619316968824192e-01
8.762924674796901403e-01
8.723275111561969997e-01
8.639242951466115095e-01
8.685763838284358274e-01
8.770786449597928192e-01
8.682914113071242834e-01
8.805686475298630800e-01
8.817765745565416813e-01
8.932414313706110720e-01
8.691043174075291367e-01
8.655407694342488467e-01
8.707789407005774862e-01
8.708890078752923314e-01
8.738867651652214574e-01
8.846231745177337569e-01
8.831907877901342685e-01
8.859110158287895054e-01
8.732375492346196033e-01
