9.368888888888888822e-01
9.379501906689892143e-01
9.455248914408017624e-01
9.545562173287434060e-01
9.610047396608661918e-01
9.427191281674132117e-01
9.327136560957020039e-01
9.267814667158028596e-01
9.343821884916970744e-01
9.280292898221211839e-01
9.319767733730484061e-01
9.473530221671485618e-01
9.415405659570830199e-01
9.405598530427894399e-01
9.365275126286091156e-01
9.317023959646910658e-01
9.268867527482702595e-01
9.417398376682656336e-01
9.376482098734723047e-01
9.442528543208222880e-01
9.462222968435191062e-01
9.419092665378722140e-01
9.347004121674558075e-01
9.220209723546234359e-01
9.279855391279139276e-01
9.355327131104792526e-01
9.398003377869935671e-01
9.587224252266882685e-01
9.430586500929757365e-01
9.386620185922974757e-01
9.381960571593239706e-01
9.408929692670592315e-01
9.357290474645169054e-01
9.263521093245402627e-01
9.328386409701466819e-01
9.425924626289564623e-01
9.443738426346174331e-01
9.479157841226806269e-01
9.493220292926822790e-01
9.335115524155050970e-01
9.476277718112325887e-01
