8.180713931627857649e-01
8.215952195957761939e-01
8.216036067992610326e-01
8.441402565322760898e-01
8.651174644810029069e-01
8.932442374659728124e-01
9.156481528301042561e-01
9.269760273272726891e-01
9.299786337737059316e-01
9.261291335601156138e-01
9.078915652663119840e-01
8.915302173801750163e-01
8.860726763701971542e-01
8.653320215796809212e-01
8.490483308348857339e-01
8.269830199316390296e-01
8.133308140930306518e-01
8.176071055223786965e-01
8.253780996120347879e-01
8.164663812452411795e-01
8.521297429650853683e-01
8.731770729593084646e-01
8.998322803107406953e-01
9.224206649159724103e-01
9.341597310248931363e-01
9.353640023762218592e-01
9.190588049457006914e-01
9.000146554952156430e-01
8.755668423707158032e-01
8.645413186761659041e-01
8.387142454344891362e-01
8.200975614252171697e-01
8.182906932832344493e-01
8.241506320376318362e-01
8.538382205383100443e-01
8.752554274290994529e-01
8.986384671297811266e-01
9.267156355433928683e-01
9.291316422766853211e-01
9.274160068815322511e-01
