8.414634146341463117e-01
8.687898089171974814e-01
8.923182441700959755e-01
8.968098378185707098e-01
8.887127000144154909e-01
8.915416303334636750e-01
8.911866428145498453e-01
9.024463778103195555e-01
9.237021449118675287e-01
9.351744034480961032e-01
9.702719311722231010e-01
9.773893553017046765e-01
9.996011327828965287e-01
9.914994400279067976e-01
9.923630288772971042e-01
9.706861677298895819e-01
9.491460766476905730e-01
9.361787589818354460e-01
9.113631070222428798e-01
8.932013278542285661e-01
8.870670534038559429e-01
9.016705473629744727e-01
9.111834272561314396e-01
9.304885239457535429e-01
9.497245520869521673e-01
9.798289898576431067e-01
9.946203567337588147e-01
9.857280410827002903e-01
9.965424984564724697e-01
9.925896805896805564e-01
9.607532956685499448e-01
9.519256058613563276e-01
9.189931444618815171e-01
9.001025904077968320e-01
9.054162189350465351e-01
8.885649267529511786e-01
9.077371153602633580e-01
9.106480385192201599e-01
9.314776143378388218e-01
9.550139574833583778e-01
9.746829159323885383e-01
