9.343807763401108524e-01
9.404170373424175500e-01
9.513067061143983816e-01
9.685052022656971404e-01
9.317287254979138567e-01
9.411453226122769022e-01
9.333582632998090878e-01
9.412526743478516478e-01
9.333021752254094805e-01
9.522183622828783722e-01
9.566372032185184171e-01
9.679917398038203613e-01
9.464091192032368927e-01
9.410799406110806897e-01
9.382170006910850457e-01
9.397992646328132693e-01
9.498026277028220887e-01
9.476600509691868179e-01
9.595508260332764605e-01
9.569578017664376324e-01
9.385048310604718891e-01
9.363553476571790934e-01
9.413318093135999431e-01
9.397366412960534987e-01
9.555251052167955672e-01
9.618547508173982408e-01
9.636966975320907514e-01
9.474640512660206237e-01
9.318452322881505268e-01
9.305232273838630608e-01
9.271482436991466125e-01
9.315892875607486578e-01
9.455657922498066359e-01
9.655181739506707439e-01
9.585616222684048005e-01
9.390417102705934660e-01
9.222429036761283783e-01
9.291132785108688896e-01
9.335941226982158447e-01
9.520356943669827654e-01
9.572981366459627495e-01
