8.818727343975027999e-01
8.664475827946995778e-01
8.710063343716094586e-01
8.714557980612164245e-01
8.760831062233750410e-01
8.665231834264787159e-01
8.652978675425995192e-01
8.671112942869667606e-01
8.649509691571523051e-01
8.878847063959245389e-01
8.777611850415383277e-01
8.743514260694563722e-01
8.745457178584533642e-01
8.756548211746763011e-01
8.692978467503665874e-01
8.794032446861418384e-01
8.730790384125883818e-01
8.717669653380021311e-01
8.743684703159599891e-01
8.771577874121387897e-01
8.793402019127745106e-01
8.740837115171091742e-01
8.766630672583439754e-01
8.722897960549154117e-01
8.724808140554488611e-01
8.775871141921262053e-01
8.815291266053644215e-01
8.765786846201318872e-01
8.678362349306365520e-01
8.743566045363219130e-01
8.771029208013196854e-01
8.680995962558457624e-01
8.647796290637623784e-01
8.714951581351694232e-01
8.744290001403217660e-01
8.664019698277498627e-01
8.748692490004397193e-01
8.702099137853496202e-01
8.716548288592163019e-01
8.595878516057798846e-01
