8.857242255311734702e-01
8.857355537467482831e-01
8.786270989334855619e-01
8.841311809189271731e-01
8.916894653681528560e-01
8.746506775302236303e-01
8.837977932109746249e-01
8.771287624150730933e-01
8.845682694363364851e-01
8.733976908928461347e-01
8.749085857624284701e-01
8.760916766195971928e-01
8.664652447940013325e-01
8.847588147341834963e-01
8.846914490119076602e-01
8.799592261348795352e-01
8.842192928932530727e-01
8.759252874197125394e-01
8.757599281072629971e-01
8.839947741823078742e-01
8.774944766388899087e-01
8.813600589516231709e-01
8.779176864651238033e-01
8.782212894834527939e-01
8.878474468658035246e-01
8.827077435615597878e-01
8.760457817176522388e-01
8.867265170867313362e-01
8.754809834449952533e-01
8.731315107123961416e-01
8.865417160952936415e-01
8.830207159575194087e-01
8.721855761867749468e-01
8.693324085271891821e-01
8.743630470184137193e-01
8.781462694859947238e-01
8.842975341073475715e-01
8.730743850549004259e-01
8.824709927863243486e-01
8.768875707687393550e-01
