9.430877838208481245e-01
9.304072814741124464e-01
9.043323089124616354e-01
9.101384706351498544e-01
9.335329906781604237e-01
9.422402804333970261e-01
9.533484420765244716e-01
9.449255282299965364e-01
9.172292339301437725e-01
8.968075241753874494e-01
9.057335020310315343e-01
9.338862590487744253e-01
9.589631679795613817e-01
9.613128270175994583e-01
9.466884839207716507e-01
9.182787469319890761e-01
9.025856964273965000e-01
9.093426152994225076e-01
9.292731365020521217e-01
9.512149879428677401e-01
9.652922060625432898e-01
9.381758500655169586e-01
9.240175709367208778e-01
8.965151434784914830e-01
9.082282698510009133e-01
9.407745801081754955e-01
9.583966592332713308e-01
9.622624114564927167e-01
9.427621244025535807e-01
9.104944482045841392e-01
8.920533311587702796e-01
9.052859951637325375e-01
9.351915664803328587e-01
9.639459776864357510e-01
9.613168446945445922e-01
9.432769726247987041e-01
9.160544567171846619e-01
8.872201756871634926e-01
9.076154806491885108e-01
9.072516481018413348e-01
9.612856099342586003e-01
