8.000000000000000000e+03
8.005128205128205082e+03
8.010256410256410163e+03
8.015384615384615245e+03
8.020512820512820326e+03
8.025641025641025408e+03
8.030769230769230489e+03
8.035897435897435571e+03
8.041025641025640653e+03
8.046153846153845734e+03
8.051282051282051725e+03
8.056410256410256807e+03
8.061538461538461888e+03
8.066666666666666970e+03
8.071794871794872051e+03
8.076923076923077133e+03
8.082051282051282215e+03
8.087179487179487296e+03
8.092307692307692378e+03
8.097435897435897459e+03
8.102564102564102541e+03
8.107692307692307622e+03
8.112820512820512704e+03
8.117948717948717785e+03
8.123076923076922867e+03
8.128205128205127949e+03
8.133333333333333030e+03
8.138461538461538112e+03
8.143589743589743193e+03
8.148717948717949184e+03
8.153846153846154266e+03
8.158974358974359347e+03
8.164102564102564429e+03
8.169230769230769511e+03
8.174358974358974592e+03
8.179487179487179674e+03
8.184615384615384755e+03
8.189743589743589837e+03
8.194871794871794918e+03
8.200000000000000000e+03
