0.000000000000000000e+00
7.027107930296635059e-08
1.405421586059327012e-07
2.108132379088990518e-07
2.810843172118654024e-07
3.513553965148317265e-07
4.216264758177981036e-07
4.918975551207644806e-07
5.621686344237308048e-07
6.324397137266971289e-07
7.027107930296634530e-07
7.729818723326298830e-07
8.432529516355962071e-07
9.135240309385625313e-07
9.837951102415289613e-07
1.054066189544495285e-06
1.124337268847461610e-06
1.194608348150427934e-06
1.264879427453394258e-06
1.335150506756360582e-06
1.405421586059326906e-06
1.475692665362293442e-06
1.545963744665259766e-06
1.616234823968226090e-06
1.686505903271192414e-06
1.756776982574158738e-06
1.827048061877125063e-06
1.897319141180091387e-06
1.967590220483057923e-06
2.037861299786024035e-06
2.108132379088990571e-06
2.178403458391956683e-06
2.248674537694923219e-06
2.318945616997889755e-06
2.389216696300855867e-06
2.459487775603822403e-06
2.529758854906788516e-06
2.600029934209755051e-06
2.670301013512721164e-06
2.740572092815687700e-06
2.810843172118653812e-06
2.881114251421620348e-06
2.951385330724586884e-06
3.021656410027552996e-06
3.091927489330519532e-06
3.162198568633485644e-06
3.232469647936452180e-06
3.302740727239418293e-06
3.373011806542384829e-06
3.443282885845351364e-06
3.513553965148317477e-06
3.583825044451284013e-06
3.654096123754250125e-06
3.724367203057216661e-06
3.794638282360182773e-06
3.864909361663149309e-06
3.935180440966115845e-06
4.005451520269082381e-06
4.075722599572048070e-06
4.145993678875014606e-06
4.216264758177981142e-06
4.286535837480947677e-06
4.356806916783913366e-06
4.427077996086879902e-06
4.497349075389846438e-06
4.567620154692812974e-06
4.637891233995779510e-06
4.708162313298745199e-06
4.778433392601711735e-06
4.848704471904678270e-06
4.918975551207644806e-06
4.989246630510610495e-06
5.059517709813577031e-06
5.129788789116543567e-06
5.200059868419510103e-06
5.270330947722476639e-06
5.340602027025442328e-06
5.410873106328408863e-06
5.481144185631375399e-06
5.551415264934341935e-06
5.621686344237307624e-06
5.691957423540274160e-06
5.762228502843240696e-06
5.832499582146207232e-06
5.902770661449173768e-06
5.973041740752139456e-06
6.043312820055105992e-06
6.113583899358072528e-06
6.183854978661039064e-06
6.254126057964005600e-06
6.324397137266971289e-06
6.394668216569937825e-06
6.464939295872904361e-06
6.535210375175870896e-06
6.605481454478836585e-06
6.675752533781803121e-06
6.746023613084769657e-06
6.816294692387736193e-06
6.886565771690702729e-06
6.956836850993668418e-06
7.027107930296634954e-06
7.097379009599601489e-06
7.167650088902568025e-06
7.237921168205533714e-06
7.308192247508500250e-06
7.378463326811466786e-06
7.448734406114433322e-06
7.519005485417399858e-06
7.589276564720365547e-06
7.659547644023332930e-06
7.729818723326298618e-06
7.800089802629264307e-06
7.870360881932231690e-06
7.940631961235197379e-06
8.010903040538164762e-06
8.081174119841130451e-06
8.151445199144096140e-06
8.221716278447063523e-06
8.291987357750029211e-06
8.362258437052994900e-06
8.432529516355962283e-06
8.502800595658927972e-06
8.573071674961895355e-06
8.643342754264861044e-06
8.713613833567826733e-06
8.783884912870794116e-06
