1.798669708000022219e+05
2.590151608000022243e+05
3.296710308000021614e+05
3.764266308000021963e+05
4.286837708000022103e+05
4.870453608000021195e+05
5.492137108000022126e+05
6.052023908000022639e+05
6.566072208000022219e+05
7.052407808000021614e+05
7.500257508000021335e+05
7.938470708000020823e+05
8.397230708000023151e+05
8.853736208000022452e+05
9.319939508000023197e+05
9.762566208000022452e+05
1.019939150800002390e+06
1.060939540800002404e+06
1.103797570800002431e+06
1.147148900800002273e+06
1.192470580800002208e+06
1.237913830800002441e+06
1.282009930800002068e+06
1.332954510800002143e+06
1.381153840800002450e+06
1.427201570800002199e+06
1.472856300800002413e+06
1.522894970800002106e+06
1.576651550800002180e+06
1.626595940800001845e+06
1.674364880800002255e+06
1.718407380800002022e+06
1.765751130800002022e+06
1.813482090800002217e+06
1.861627630800002487e+06
1.908540340800002217e+06
1.956897700800002320e+06
2.007610900800002273e+06
2.060525980800002115e+06
2.113678130800002255e+06
2.165053710800002329e+06
2.214672020800002385e+06
2.266978690800001845e+06
2.322270930800002068e+06
2.376616640800002497e+06
2.431132080800001975e+06
2.488788770800001919e+06
2.542853560800002422e+06
2.596643230800002348e+06
2.650573440800002310e+06
2.702354910800002050e+06
2.752157840800002217e+06
2.803676000800001901e+06
2.853607720800002106e+06
2.904031860800002236e+06
2.955510870800002012e+06
3.008248580800002441e+06
3.060760030800002161e+06
3.114536870800002478e+06
3.167665230800002348e+06
3.221146460800001863e+06
3.274283540800002869e+06
3.328101930800002068e+06
3.381670200800002087e+06
3.437241830800001975e+06
3.490550270800001919e+06
3.545560950800001621e+06
3.600103100800001994e+06
3.653991520800002385e+06
3.706486640800002031e+06
3.761345390800002497e+06
3.813252610800002236e+06
3.866484330800001975e+06
3.920973650800002273e+06
3.974620570800002664e+06
4.027706190800001845e+06
4.084018190800002310e+06
4.137470000800001901e+06
4.190470500800002366e+06
4.246087910800001584e+06
4.300227180800002068e+06
4.353385730800002813e+06
4.409663960800002329e+06
4.464447480800001882e+06
4.519859530800001696e+06
4.575385570800002664e+06
4.631169960800002329e+06
4.685377760800003074e+06
4.741317770800002851e+06
4.795683740800002590e+06
4.851326900800001808e+06
4.906723280800001696e+06
4.961994450800002553e+06
5.017221530800002627e+06
5.073405930800002068e+06
5.127682230800001882e+06
5.183483370800001547e+06
5.239078230800002813e+06
5.293970770800000988e+06
5.348057850800001994e+06
5.405105100800002925e+06
5.460319360800001770e+06
5.515601420800002292e+06
5.572795500800002366e+06
5.629231590800001286e+06
5.684460730800002813e+06
5.741754160800002515e+06
5.797418320800002664e+06
5.853730220800002106e+06
5.910015170800002292e+06
5.966925880800002255e+06
6.022638570800001733e+06
6.079579120800002478e+06
6.135645170800002292e+06
6.192271650800002739e+06
6.249533500800001435e+06
6.305800880800002255e+06
6.361935820800002664e+06
6.419815710800002329e+06
6.475164320800000802e+06
6.532757240800002590e+06
6.590388800800002180e+06
6.647447740800002590e+06
6.703512400800001808e+06
6.762290510800001211e+06
6.818659690800001845e+06
6.875884630800002255e+06
6.934147010800001211e+06
6.991382910800002515e+06
7.047723500800001435e+06
7.107090300800002180e+06
7.163634920800001360e+06
7.221406840800001286e+06
7.278975990800002590e+06
7.337451620800002478e+06
7.394855700800002553e+06
7.453023700800002553e+06
7.510948700800001621e+06
7.568933350800001994e+06
7.627520600800001994e+06
7.685426820800002664e+06
7.743182990800002590e+06
7.802513450800001621e+06
7.859351360800001770e+06
7.918147580800002441e+06
7.976780820800003596e+06
8.035725020800001919e+06
8.092653440800001845e+06
8.151558870800002478e+06
8.209564100800001994e+06
8.267844440800001845e+06
8.326454880800001323e+06
8.385398150800001808e+06
8.443501650800002739e+06
8.503797820800002664e+06
8.561602170800002292e+06
8.621878410800002515e+06
8.681496430800002068e+06
8.740809590800002217e+06
8.798917980800002813e+06
8.859668640800002962e+06
8.918633430800002068e+06
8.977514880800001323e+06
9.038040240800000727e+06
9.097730080800002441e+06
9.156497510800000280e+06
9.217421460800003260e+06
9.276662980800002813e+06
9.336353510800002143e+06
9.395635900800002739e+06
9.455851850800001994e+06
9.514928930800002068e+06
9.575310120800003409e+06
9.635381430800002068e+06
9.695462960800003260e+06
9.755832410800002515e+06
9.816224810800001025e+06
9.875283750800002366e+06
9.936556960800003260e+06
9.995499120800001547e+06
1.005598232080000266e+07
1.011634330080000125e+07
1.017657244079999998e+07
1.023684950080000237e+07
1.029849811080000363e+07
1.035872808080000244e+07
1.041881166080000438e+07
1.048044724080000259e+07
1.054190432080000266e+07
1.060093169080000184e+07
1.066338658080000244e+07
1.072342716080000252e+07
1.078530735080000199e+07
1.084660051080000028e+07
1.090795023080000281e+07
1.096895859080000222e+07
1.103091541080000252e+07
1.109176524080000259e+07
1.115276795080000162e+07
1.121433106080000103e+07
1.127631775080000237e+07
1.133715890080000274e+07
1.139975420080000162e+07
1.146052468080000393e+07
1.152254126080000214e+07
1.158491758080000058e+07
1.164626228080000170e+07
1.170798112080000155e+07
1.177092860080000199e+07
1.183135651080000214e+07
1.189322209080000222e+07
1.195595080080000125e+07
1.201800823080000281e+07
1.207884977080000378e+07
1.214289531080000103e+07
1.220448812080000155e+07
1.226656083080000244e+07
1.232986428079999983e+07
1.239226459080000222e+07
1.245407064080000296e+07
1.251724790080000088e+07
1.257970847080000304e+07
1.264214742080000229e+07
1.270468675080000237e+07
1.276835660080000199e+07
1.283045430080000125e+07
1.289403712080000155e+07
1.295625303080000356e+07
1.301977104080000333e+07
1.308264095080000162e+07
1.314531098080000281e+07
1.320840289080000110e+07
1.327315414080000296e+07
1.333456398080000281e+07
1.339883864080000296e+07
1.346276849080000073e+07
1.352635317080000043e+07
1.358890760080000013e+07
1.365380349080000445e+07
1.371637571080000326e+07
1.377949192080000043e+07
1.384413628079999983e+07
1.390781998080000281e+07
1.397101496080000326e+07
1.403570568080000207e+07
1.409933983080000244e+07
1.416290346080000140e+07
1.422650592080000229e+07
1.429089245080000348e+07
1.435354994080000371e+07
