1.798669708000022219e+05
2.367893923662672751e+05
2.937118139325323282e+05
3.506342354987973813e+05
4.075566570650624344e+05
4.644790786313275457e+05
5.214015001975925989e+05
5.783239217638575938e+05
6.352463433301227633e+05
6.921687648963877000e+05
7.490911864626528695e+05
8.060136080289179226e+05
8.629360295951829758e+05
9.198584511614480289e+05
9.767808727277130820e+05
1.033703294293978135e+06
1.090625715860243188e+06
1.147548137426508125e+06
1.204470558992773294e+06
1.261392980559038464e+06
1.318315402125303634e+06
1.375237823691568337e+06
1.432160245257833507e+06
1.489082666824098676e+06
1.546005088390363846e+06
1.602927509956628550e+06
1.659849931522893719e+06
1.716772353089158889e+06
1.773694774655424058e+06
1.830617196221688762e+06
1.887539617787953932e+06
1.944462039354219101e+06
2.001384460920484271e+06
2.058306882486749440e+06
2.115229304053014144e+06
2.172151725619279314e+06
2.229074147185544483e+06
2.285996568751809187e+06
2.342918990318074357e+06
2.399841411884339526e+06
2.456763833450604696e+06
2.513686255016869400e+06
2.570608676583134569e+06
2.627531098149399739e+06
2.684453519715664908e+06
2.741375941281929612e+06
2.798298362848194782e+06
2.855220784414459951e+06
2.912143205980725121e+06
2.969065627546990290e+06
3.025988049113254994e+06
3.082910470679520164e+06
3.139832892245785333e+06
3.196755313812050503e+06
3.253677735378315207e+06
3.310600156944580376e+06
3.367522578510845546e+06
3.424445000077110715e+06
3.481367421643375419e+06
3.538289843209640589e+06
3.595212264775905758e+06
3.652134686342170928e+06
3.709057107908435632e+06
3.765979529474700801e+06
3.822901951040965971e+06
3.879824372607231140e+06
3.936746794173496310e+06
3.993669215739761014e+06
4.050591637306026183e+06
4.107514058872291353e+06
4.164436480438556522e+06
4.221358902004821226e+06
4.278281323571086861e+06
4.335203745137351565e+06
4.392126166703616269e+06
4.449048588269881904e+06
4.505971009836146608e+06
4.562893431402411312e+06
4.619815852968676947e+06
4.676738274534941651e+06
4.733660696101207286e+06
4.790583117667471990e+06
4.847505539233736694e+06
4.904427960800002329e+06
4.961350382366267033e+06
5.018272803932532668e+06
5.075195225498797372e+06
5.132117647065062076e+06
5.189040068631327711e+06
5.245962490197592415e+06
5.302884911763857119e+06
5.359807333330122754e+06
5.416729754896387458e+06
5.473652176462653093e+06
5.530574598028917797e+06
5.587497019595182501e+06
5.644419441161448136e+06
5.701341862727712840e+06
5.758264284293978475e+06
5.815186705860243179e+06
5.872109127426507883e+06
5.929031548992773518e+06
5.985953970559038222e+06
6.042876392125302926e+06
6.099798813691568561e+06
6.156721235257833265e+06
6.213643656824098900e+06
6.270566078390363604e+06
6.327488499956628308e+06
6.384410921522893943e+06
6.441333343089158647e+06
6.498255764655423351e+06
6.555178186221688986e+06
6.612100607787953690e+06
6.669023029354219325e+06
6.725945450920484029e+06
6.782867872486748733e+06
6.839790294053014368e+06
6.896712715619279072e+06
6.953635137185544707e+06
7.010557558751809411e+06
7.067479980318074115e+06
7.124402401884339750e+06
7.181324823450604454e+06
7.238247245016869158e+06
7.295169666583134793e+06
7.352092088149399497e+06
7.409014509715665132e+06
7.465936931281929836e+06
7.522859352848194540e+06
7.579781774414460175e+06
7.636704195980724879e+06
7.693626617546990514e+06
7.750549039113255218e+06
7.807471460679519922e+06
7.864393882245785557e+06
7.921316303812050261e+06
7.978238725378314964e+06
8.035161146944580600e+06
8.092083568510845304e+06
8.149005990077110939e+06
8.205928411643375643e+06
8.262850833209640346e+06
8.319773254775905982e+06
8.376695676342170686e+06
8.433618097908437252e+06
8.490540519474701956e+06
8.547462941040966660e+06
8.604385362607231364e+06
8.661307784173497930e+06
8.718230205739762634e+06
8.775152627306027338e+06
8.832075048872292042e+06
8.888997470438556746e+06
8.945919892004821450e+06
9.002842313571088016e+06
9.059764735137352720e+06
9.116687156703617424e+06
9.173609578269882128e+06
9.230531999836146832e+06
9.287454421402413398e+06
9.344376842968678102e+06
9.401299264534942806e+06
9.458221686101207510e+06
9.515144107667472214e+06
9.572066529233738780e+06
9.628988950800003484e+06
9.685911372366268188e+06
9.742833793932532892e+06
9.799756215498797596e+06
9.856678637065064162e+06
9.913601058631328866e+06
9.970523480197593570e+06
1.002744590176385827e+07
1.008436832333012298e+07
1.014129074489638768e+07
1.019821316646265425e+07
1.025513558802891895e+07
1.031205800959518366e+07
1.036898043116144836e+07
1.042590285272771306e+07
1.048282527429397963e+07
1.053974769586024433e+07
1.059667011742650904e+07
1.065359253899277374e+07
1.071051496055903845e+07
1.076743738212530501e+07
1.082435980369156972e+07
1.088128222525783442e+07
1.093820464682409912e+07
1.099512706839036383e+07
1.105204948995663039e+07
1.110897191152289510e+07
1.116589433308915980e+07
1.122281675465542451e+07
1.127973917622168921e+07
1.133666159778795578e+07
1.139358401935422048e+07
1.145050644092048518e+07
1.150742886248674989e+07
1.156435128405301459e+07
1.162127370561927930e+07
1.167819612718554586e+07
1.173511854875181057e+07
1.179204097031807527e+07
1.184896339188433997e+07
1.190588581345060468e+07
1.196280823501687124e+07
1.201973065658313595e+07
1.207665307814940065e+07
1.213357549971566536e+07
1.219049792128193006e+07
1.224742034284819663e+07
1.230434276441446133e+07
1.236126518598072603e+07
1.241818760754699074e+07
1.247511002911325544e+07
1.253203245067952201e+07
1.258895487224578671e+07
1.264587729381205142e+07
1.270279971537831612e+07
1.275972213694458082e+07
1.281664455851084553e+07
1.287356698007711209e+07
1.293048940164337680e+07
1.298741182320964150e+07
1.304433424477590621e+07
1.310125666634217091e+07
1.315817908790843748e+07
1.321510150947470218e+07
1.327202393104096688e+07
1.332894635260723159e+07
1.338586877417349629e+07
1.344279119573976286e+07
1.349971361730602756e+07
1.355663603887229227e+07
1.361355846043855697e+07
1.367048088200482167e+07
1.372740330357108824e+07
1.378432572513735294e+07
1.384124814670361765e+07
1.389817056826988235e+07
1.395509298983614706e+07
1.401201541140241362e+07
1.406893783296867833e+07
1.412586025453494303e+07
1.418278267610120773e+07
1.423970509766747244e+07
1.429662751923373714e+07
1.435354994080000371e+07
