0.000000000000000000e+00
2.000000000000000096e-04
4.000000000000000192e-04
6.000000000000000559e-04
8.000000000000000383e-04
1.000000000000000021e-03
1.200000000000000112e-03
1.399999999999999986e-03
1.600000000000000077e-03
1.800000000000000168e-03
2.000000000000000042e-03
2.200000000000000133e-03
2.400000000000000223e-03
2.600000000000000314e-03
2.799999999999999972e-03
3.000000000000000062e-03
3.200000000000000153e-03
3.400000000000000244e-03
3.600000000000000335e-03
3.799999999999999992e-03
4.000000000000000083e-03
4.200000000000000608e-03
4.400000000000000265e-03
4.599999999999999922e-03
4.800000000000000447e-03
5.000000000000000104e-03
5.200000000000000629e-03
5.400000000000000286e-03
5.599999999999999943e-03
5.800000000000000468e-03
6.000000000000000125e-03
6.200000000000000649e-03
6.400000000000000307e-03
6.599999999999999964e-03
6.800000000000000488e-03
7.000000000000000146e-03
7.200000000000000670e-03
7.400000000000000328e-03
7.599999999999999985e-03
7.800000000000000509e-03
8.000000000000000167e-03
8.200000000000000691e-03
8.400000000000001216e-03
8.600000000000000006e-03
8.800000000000000530e-03
9.000000000000001055e-03
9.199999999999999845e-03
9.400000000000000369e-03
9.600000000000000894e-03
9.799999999999999684e-03
1.000000000000000021e-02
1.020000000000000073e-02
1.040000000000000126e-02
1.060000000000000005e-02
1.080000000000000057e-02
1.100000000000000110e-02
1.119999999999999989e-02
1.140000000000000041e-02
1.160000000000000094e-02
1.179999999999999973e-02
1.200000000000000025e-02
1.220000000000000077e-02
1.240000000000000130e-02
1.260000000000000009e-02
1.280000000000000061e-02
1.300000000000000114e-02
1.319999999999999993e-02
1.340000000000000045e-02
1.360000000000000098e-02
1.380000000000000150e-02
1.400000000000000029e-02
1.420000000000000082e-02
1.440000000000000134e-02
1.460000000000000013e-02
1.480000000000000066e-02
1.500000000000000118e-02
1.519999999999999997e-02
1.540000000000000049e-02
1.560000000000000102e-02
1.580000000000000154e-02
1.600000000000000033e-02
1.619999999999999912e-02
1.640000000000000138e-02
1.660000000000000017e-02
1.680000000000000243e-02
1.700000000000000122e-02
1.720000000000000001e-02
1.740000000000000227e-02
1.760000000000000106e-02
1.779999999999999985e-02
1.800000000000000211e-02
1.820000000000000090e-02
1.839999999999999969e-02
1.860000000000000195e-02
1.880000000000000074e-02
1.899999999999999953e-02
1.920000000000000179e-02
1.940000000000000058e-02
1.959999999999999937e-02
1.980000000000000163e-02
2.000000000000000042e-02
2.020000000000000268e-02
2.040000000000000147e-02
2.060000000000000026e-02
2.080000000000000251e-02
2.100000000000000130e-02
2.120000000000000009e-02
2.140000000000000235e-02
2.160000000000000114e-02
2.179999999999999993e-02
2.200000000000000219e-02
2.220000000000000098e-02
2.239999999999999977e-02
2.260000000000000203e-02
2.280000000000000082e-02
2.299999999999999961e-02
2.320000000000000187e-02
2.340000000000000066e-02
2.359999999999999945e-02
2.380000000000000171e-02
2.400000000000000050e-02
2.420000000000000276e-02
2.440000000000000155e-02
2.460000000000000034e-02
2.480000000000000260e-02
2.500000000000000139e-02
2.520000000000000018e-02
2.540000000000000244e-02
2.560000000000000123e-02
2.580000000000000002e-02
2.600000000000000228e-02
2.620000000000000107e-02
2.639999999999999986e-02
2.660000000000000211e-02
2.680000000000000090e-02
2.699999999999999969e-02
2.720000000000000195e-02
2.740000000000000074e-02
2.760000000000000300e-02
2.780000000000000179e-02
2.800000000000000058e-02
2.820000000000000284e-02
2.840000000000000163e-02
2.860000000000000042e-02
2.880000000000000268e-02
2.900000000000000147e-02
2.920000000000000026e-02
2.940000000000000252e-02
2.960000000000000131e-02
2.980000000000000010e-02
3.000000000000000236e-02
3.020000000000000115e-02
3.039999999999999994e-02
3.060000000000000220e-02
3.080000000000000099e-02
3.099999999999999978e-02
3.120000000000000204e-02
3.140000000000000430e-02
3.160000000000000309e-02
3.180000000000000188e-02
3.200000000000000067e-02
3.219999999999999946e-02
3.239999999999999825e-02
3.260000000000000397e-02
3.280000000000000276e-02
3.300000000000000155e-02
3.320000000000000034e-02
3.339999999999999913e-02
3.360000000000000486e-02
3.380000000000000365e-02
3.400000000000000244e-02
3.420000000000000123e-02
3.440000000000000002e-02
3.459999999999999881e-02
3.480000000000000454e-02
3.500000000000000333e-02
3.520000000000000212e-02
3.540000000000000091e-02
3.559999999999999970e-02
3.579999999999999849e-02
3.600000000000000422e-02
3.620000000000000301e-02
3.640000000000000180e-02
3.660000000000000059e-02
3.679999999999999938e-02
3.700000000000000511e-02
3.720000000000000390e-02
3.740000000000000269e-02
3.760000000000000148e-02
3.780000000000000027e-02
3.799999999999999906e-02
3.820000000000000479e-02
3.840000000000000357e-02
3.860000000000000236e-02
3.880000000000000115e-02
3.899999999999999994e-02
3.919999999999999873e-02
3.940000000000000446e-02
3.960000000000000325e-02
3.980000000000000204e-02
4.000000000000000083e-02
4.019999999999999962e-02
4.040000000000000535e-02
4.060000000000000414e-02
4.080000000000000293e-02
4.100000000000000172e-02
4.120000000000000051e-02
4.139999999999999930e-02
4.160000000000000503e-02
4.180000000000000382e-02
4.200000000000000261e-02
4.220000000000000140e-02
4.240000000000000019e-02
4.259999999999999898e-02
4.280000000000000471e-02
4.300000000000000350e-02
4.320000000000000229e-02
4.340000000000000108e-02
4.359999999999999987e-02
4.379999999999999866e-02
4.400000000000000439e-02
4.420000000000000318e-02
4.440000000000000197e-02
4.460000000000000075e-02
4.479999999999999954e-02
4.500000000000000527e-02
4.520000000000000406e-02
4.540000000000000285e-02
4.560000000000000164e-02
4.580000000000000043e-02
4.599999999999999922e-02
4.620000000000000495e-02
4.640000000000000374e-02
4.660000000000000253e-02
4.680000000000000132e-02
4.700000000000000011e-02
4.719999999999999890e-02
4.740000000000000463e-02
4.760000000000000342e-02
4.780000000000000221e-02
4.800000000000000100e-02
4.819999999999999979e-02
4.840000000000000552e-02
4.860000000000000431e-02
4.880000000000000310e-02
4.900000000000000189e-02
4.920000000000000068e-02
4.939999999999999947e-02
4.960000000000000520e-02
4.980000000000000399e-02
5.000000000000000278e-02
