0.000000000000000000e+00
3.754645933227820878e-08
7.509291866455641756e-08
1.126393779968346263e-07
1.501858373291128351e-07
1.877322966613910307e-07
2.252787559936692527e-07
2.628252153259474747e-07
3.003716746582256703e-07
3.379181339905038658e-07
3.754645933227820613e-07
4.130110526550603098e-07
4.505575119873385054e-07
4.881039713196167009e-07
5.256504306518949494e-07
5.631968899841730920e-07
6.007433493164513405e-07
6.382898086487295890e-07
6.758362679810077316e-07
7.133827273132859801e-07
7.509291866455641227e-07
7.884756459778423712e-07
8.260221053101206197e-07
8.635685646423987623e-07
9.011150239746770108e-07
9.386614833069552593e-07
9.762079426392334019e-07
1.013754401971511650e-06
1.051300861303789899e-06
1.088847320636068147e-06
1.126393779968346184e-06
1.163940239300624433e-06
1.201486698632902681e-06
1.239033157965180930e-06
1.276579617297459178e-06
1.314126076629737215e-06
1.351672535962015463e-06
1.389218995294293712e-06
1.426765454626571960e-06
1.464311913958850209e-06
1.501858373291128245e-06
1.539404832623406494e-06
1.576951291955684742e-06
1.614497751287962991e-06
1.652044210620241239e-06
1.689590669952519488e-06
1.727137129284797525e-06
1.764683588617075773e-06
1.802230047949354022e-06
1.839776507281632270e-06
1.877322966613910519e-06
1.914869425946188767e-06
1.952415885278466804e-06
1.989962344610745264e-06
2.027508803943023301e-06
2.065055263275301337e-06
2.102601722607579798e-06
2.140148181939857834e-06
2.177694641272136295e-06
2.215241100604414331e-06
2.252787559936692368e-06
2.290334019268970828e-06
2.327880478601248865e-06
2.365426937933527325e-06
2.402973397265805362e-06
2.440519856598083399e-06
2.478066315930361859e-06
2.515612775262639896e-06
2.553159234594918356e-06
2.590705693927196393e-06
2.628252153259474429e-06
2.665798612591752890e-06
2.703345071924030926e-06
2.740891531256309387e-06
2.778437990588587423e-06
2.815984449920865460e-06
2.853530909253143920e-06
2.891077368585421957e-06
2.928623827917700417e-06
2.966170287249978454e-06
3.003716746582256491e-06
3.041263205914534951e-06
3.078809665246812988e-06
3.116356124579091448e-06
3.153902583911369485e-06
3.191449043243647945e-06
3.228995502575925982e-06
3.266541961908204018e-06
3.304088421240482479e-06
3.341634880572760515e-06
3.379181339905038976e-06
3.416727799237317012e-06
3.454274258569595049e-06
3.491820717901873509e-06
3.529367177234151546e-06
3.566913636566430006e-06
3.604460095898708043e-06
3.642006555230986080e-06
3.679553014563264540e-06
3.717099473895542577e-06
3.754645933227821037e-06
3.792192392560099074e-06
3.829738851892377534e-06
3.867285311224655147e-06
3.904831770556933607e-06
3.942378229889212068e-06
3.979924689221490528e-06
4.017471148553768141e-06
4.055017607886046601e-06
4.092564067218325062e-06
4.130110526550602675e-06
4.167656985882881135e-06
4.205203445215159595e-06
4.242749904547437209e-06
4.280296363879715669e-06
4.317842823211994129e-06
4.355389282544272589e-06
4.392935741876550202e-06
4.430482201208828663e-06
4.468028660541107123e-06
4.505575119873384736e-06
4.543121579205663196e-06
4.580668038537941657e-06
4.618214497870219270e-06
4.655760957202497730e-06
4.693307416534776190e-06
4.730853875867054651e-06
4.768400335199332264e-06
4.805946794531610724e-06
4.843493253863889184e-06
4.881039713196166798e-06
4.918586172528445258e-06
4.956132631860723718e-06
4.993679091193002178e-06
5.031225550525279791e-06
5.068772009857558252e-06
5.106318469189836712e-06
5.143864928522114325e-06
5.181411387854392785e-06
5.218957847186671246e-06
5.256504306518948859e-06
5.294050765851227319e-06
5.331597225183505779e-06
5.369143684515784240e-06
5.406690143848061853e-06
5.444236603180340313e-06
5.481783062512618773e-06
5.519329521844896387e-06
5.556875981177174847e-06
5.594422440509453307e-06
5.631968899841730920e-06
5.669515359174009380e-06
5.707061818506287841e-06
5.744608277838566301e-06
5.782154737170843914e-06
5.819701196503122374e-06
5.857247655835400835e-06
5.894794115167678448e-06
5.932340574499956908e-06
5.969887033832235368e-06
6.007433493164512982e-06
6.044979952496791442e-06
6.082526411829069902e-06
6.120072871161348362e-06
6.157619330493625976e-06
6.195165789825904436e-06
6.232712249158182896e-06
6.270258708490460509e-06
6.307805167822738969e-06
6.345351627155017430e-06
6.382898086487295890e-06
6.420444545819573503e-06
6.457991005151851963e-06
6.495537464484130424e-06
6.533083923816408037e-06
6.570630383148686497e-06
6.608176842480964957e-06
6.645723301813242571e-06
6.683269761145521031e-06
6.720816220477799491e-06
6.758362679810077951e-06
6.795909139142355565e-06
6.833455598474634025e-06
6.871002057806912485e-06
6.908548517139190098e-06
6.946094976471468558e-06
6.983641435803747019e-06
7.021187895136024632e-06
7.058734354468303092e-06
7.096280813800581552e-06
7.133827273132860013e-06
7.171373732465137626e-06
7.208920191797416086e-06
7.246466651129694546e-06
7.284013110461972160e-06
7.321559569794250620e-06
7.359106029126529080e-06
7.396652488458807540e-06
7.434198947791085154e-06
7.471745407123363614e-06
7.509291866455642074e-06
7.546838325787919687e-06
7.584384785120198147e-06
7.621931244452476608e-06
7.659477703784755068e-06
7.697024163117032681e-06
7.734570622449310294e-06
7.772117081781589602e-06
7.809663541113867215e-06
7.847210000446144828e-06
7.884756459778424135e-06
7.922302919110701749e-06
7.959849378442981056e-06
7.997395837775258669e-06
8.034942297107536282e-06
8.072488756439815590e-06
8.110035215772093203e-06
8.147581675104370816e-06
8.185128134436650123e-06
8.222674593768927736e-06
8.260221053101205350e-06
8.297767512433484657e-06
8.335313971765762270e-06
8.372860431098039883e-06
8.410406890430319191e-06
8.447953349762596804e-06
8.485499809094874417e-06
8.523046268427153724e-06
8.560592727759431338e-06
8.598139187091710645e-06
8.635685646423988258e-06
8.673232105756265871e-06
8.710778565088545179e-06
8.748325024420822792e-06
8.785871483753100405e-06
8.823417943085379712e-06
8.860964402417657325e-06
8.898510861749934939e-06
8.936057321082214246e-06
8.973603780414491859e-06
9.011150239746769472e-06
9.048696699079048780e-06
9.086243158411326393e-06
9.123789617743604006e-06
9.161336077075883313e-06
9.198882536408160927e-06
9.236428995740438540e-06
9.273975455072717847e-06
9.311521914404995460e-06
9.349068373737274768e-06
9.386614833069552381e-06
