1.408006535999985063e+05
1.940679931991969061e+05
2.473353327983953059e+05
3.006026723975937348e+05
3.538700119967921055e+05
4.071373515959905344e+05
4.604046911951889051e+05
5.136720307943872758e+05
5.669393703935856465e+05
6.202067099927840754e+05
6.734740495919825044e+05
7.267413891911809333e+05
7.800087287903793622e+05
8.332760683895777911e+05
8.865434079887759872e+05
9.398107475879744161e+05
9.930780871871728450e+05
1.046345426786371274e+06
1.099612766385569703e+06
1.152880105984768132e+06
1.206147445583966561e+06
1.259414785183164757e+06
1.312682124782363186e+06
1.365949464381561615e+06
1.419216803980760043e+06
1.472484143579958472e+06
1.525751483179156901e+06
1.579018822778355330e+06
1.632286162377553526e+06
1.685553501976751955e+06
1.738820841575950384e+06
1.792088181175148813e+06
1.845355520774347242e+06
1.898622860373545671e+06
1.951890199972744100e+06
2.005157539571942529e+06
2.058424879171140958e+06
2.111692218770339154e+06
2.164959558369537815e+06
2.218226897968736012e+06
2.271494237567934673e+06
2.324761577167132869e+06
2.378028916766331065e+06
2.431296256365529727e+06
2.484563595964727923e+06
2.537830935563926585e+06
2.591098275163124781e+06
2.644365614762323443e+06
2.697632954361521639e+06
2.750900293960719835e+06
2.804167633559918497e+06
2.857434973159116693e+06
2.910702312758315355e+06
2.963969652357513551e+06
3.017236991956712212e+06
3.070504331555910408e+06
3.123771671155108605e+06
3.177039010754307266e+06
3.230306350353505462e+06
3.283573689952704124e+06
3.336841029551902320e+06
3.390108369151100982e+06
3.443375708750299178e+06
3.496643048349497840e+06
3.549910387948696036e+06
3.603177727547894232e+06
3.656445067147092894e+06
3.709712406746291090e+06
3.762979746345489752e+06
3.816247085944687948e+06
3.869514425543886609e+06
3.922781765143084805e+06
3.976049104742283467e+06
4.029316444341481663e+06
4.082583783940679859e+06
4.135851123539878521e+06
4.189118463139076717e+06
4.242385802738275379e+06
4.295653142337474041e+06
4.348920481936672702e+06
4.402187821535871364e+06
4.455455161135069095e+06
4.508722500734267756e+06
4.561989840333466418e+06
4.615257179932664149e+06
4.668524519531862810e+06
4.721791859131061472e+06
4.775059198730260134e+06
4.828326538329457864e+06
4.881593877928656526e+06
4.934861217527855188e+06
4.988128557127052918e+06
5.041395896726251580e+06
5.094663236325450242e+06
5.147930575924648903e+06
5.201197915523846634e+06
5.254465255123045295e+06
5.307732594722243957e+06
5.360999934321441688e+06
5.414267273920640349e+06
5.467534613519839011e+06
5.520801953119037673e+06
5.574069292718235403e+06
5.627336632317434065e+06
5.680603971916632727e+06
5.733871311515830457e+06
5.787138651115029119e+06
5.840405990714227781e+06
5.893673330313426442e+06
5.946940669912624173e+06
6.000208009511822835e+06
6.053475349111021496e+06
6.106742688710219227e+06
6.160010028309417889e+06
6.213277367908616550e+06
6.266544707507815212e+06
6.319812047107012942e+06
6.373079386706211604e+06
6.426346726305410266e+06
6.479614065904608928e+06
6.532881405503806658e+06
6.586148745103005320e+06
6.639416084702203982e+06
6.692683424301401712e+06
6.745950763900600374e+06
6.799218103499799035e+06
6.852485443098997697e+06
6.905752782698195428e+06
6.959020122297394089e+06
7.012287461896592751e+06
7.065554801495790482e+06
7.118822141094989143e+06
7.172089480694187805e+06
7.225356820293386467e+06
7.278624159892584197e+06
7.331891499491782859e+06
7.385158839090981521e+06
7.438426178690179251e+06
7.491693518289377913e+06
7.544960857888576575e+06
7.598228197487775236e+06
7.651495537086972967e+06
7.704762876686171629e+06
7.758030216285370290e+06
7.811297555884568952e+06
7.864564895483766682e+06
7.917832235082965344e+06
7.971099574682164006e+06
8.024366914281361736e+06
8.077634253880560398e+06
8.130901593479759060e+06
8.184168933078957722e+06
8.237436272678155452e+06
8.290703612277354114e+06
8.343970951876552776e+06
8.397238291475750506e+06
8.450505631074948236e+06
8.503772970674147829e+06
8.557040310273345560e+06
8.610307649872543290e+06
8.663574989471742883e+06
8.716842329070940614e+06
8.770109668670138344e+06
8.823377008269337937e+06
8.876644347868535668e+06
8.929911687467733398e+06
8.983179027066932991e+06
9.036446366666130722e+06
9.089713706265328452e+06
9.142981045864528045e+06
9.196248385463725775e+06
9.249515725062923506e+06
9.302783064662123099e+06
9.356050404261320829e+06
9.409317743860520422e+06
9.462585083459718153e+06
9.515852423058915883e+06
9.569119762658115476e+06
9.622387102257313207e+06
9.675654441856510937e+06
9.728921781455710530e+06
9.782189121054908261e+06
9.835456460654105991e+06
9.888723800253305584e+06
9.941991139852503315e+06
9.995258479451701045e+06
1.004852581905090064e+07
1.010179315865009837e+07
1.015506049824929796e+07
1.020832783784849569e+07
1.026159517744769342e+07
1.031486251704689302e+07
1.036812985664609075e+07
1.042139719624528848e+07
1.047466453584448807e+07
1.052793187544368580e+07
1.058119921504288353e+07
1.063446655464208312e+07
1.068773389424128085e+07
1.074100123384048045e+07
1.079426857343967818e+07
1.084753591303887591e+07
1.090080325263807550e+07
1.095407059223727323e+07
1.100733793183647096e+07
1.106060527143567055e+07
1.111387261103486829e+07
1.116713995063406602e+07
1.122040729023326561e+07
1.127367462983246334e+07
1.132694196943166107e+07
1.138020930903086066e+07
1.143347664863005839e+07
1.148674398822925799e+07
1.154001132782845572e+07
1.159327866742765345e+07
1.164654600702685304e+07
1.169981334662605077e+07
1.175308068622524850e+07
1.180634802582444809e+07
1.185961536542364582e+07
1.191288270502284355e+07
1.196615004462204315e+07
1.201941738422124088e+07
1.207268472382043861e+07
1.212595206341963820e+07
1.217921940301883593e+07
1.223248674261803553e+07
1.228575408221723326e+07
1.233902142181643099e+07
1.239228876141563058e+07
1.244555610101482831e+07
1.249882344061402604e+07
1.255209078021322563e+07
1.260535811981242336e+07
1.265862545941162109e+07
1.271189279901082069e+07
1.276516013861001842e+07
1.281842747820921801e+07
1.287169481780841574e+07
1.292496215740761347e+07
1.297822949700681306e+07
1.303149683660601079e+07
1.308476417620520853e+07
1.313803151580440812e+07
1.319129885540360585e+07
1.324456619500280358e+07
1.329783353460200317e+07
1.335110087420120090e+07
1.340436821380039863e+07
1.345763555339959823e+07
1.351090289299879596e+07
1.356417023259799555e+07
1.361743757219719328e+07
1.367070491179639101e+07
1.372397225139559060e+07
1.377723959099478833e+07
1.383050693059398606e+07
1.388377427019318566e+07
1.393704160979238339e+07
1.399030894939158112e+07
1.404357628899078071e+07
1.409684362858997844e+07
1.415011096818917803e+07
1.420337830778837577e+07
1.425664564738757350e+07
1.430991298698677309e+07
1.436318032658597082e+07
1.441644766618516855e+07
1.446971500578436814e+07
1.452298234538356587e+07
1.457624968498276360e+07
1.462951702458196320e+07
1.468278436418116093e+07
1.473605170378035866e+07
1.478931904337955825e+07
1.484258638297875598e+07
1.489585372257795557e+07
1.494912106217715330e+07
1.500238840177635103e+07
1.505565574137555063e+07
1.510892308097474836e+07
1.516219042057394609e+07
1.521545776017314568e+07
1.526872509977234341e+07
1.532199243937154114e+07
1.537525977897074074e+07
1.542852711856993847e+07
1.548179445816913806e+07
1.553506179776833579e+07
1.558832913736753352e+07
1.564159647696673311e+07
1.569486381656593084e+07
1.574813115616512857e+07
1.580139849576432817e+07
1.585466583536352590e+07
1.590793317496272363e+07
1.596120051456192322e+07
1.601446785416112095e+07
1.606773519376031868e+07
1.612100253335951827e+07
1.617426987295871601e+07
1.622753721255791560e+07
1.628080455215711333e+07
1.633407189175631106e+07
1.638733923135551065e+07
1.644060657095470838e+07
1.649387391055390611e+07
1.654714125015310571e+07
1.660040858975230344e+07
1.665367592935150117e+07
1.670694326895070076e+07
1.676021060854989849e+07
1.681347794814909622e+07
1.686674528774829581e+07
1.692001262734749541e+07
1.697327996694669500e+07
1.702654730654589087e+07
1.707981464614509046e+07
1.713308198574429005e+07
1.718634932534348965e+07
1.723961666494268551e+07
1.729288400454188511e+07
1.734615134414108470e+07
1.739941868374028057e+07
1.745268602333948016e+07
1.750595336293867975e+07
1.755922070253787562e+07
1.761248804213707522e+07
1.766575538173627481e+07
1.771902272133547068e+07
1.777229006093467027e+07
1.782555740053386986e+07
1.787882474013306573e+07
1.793209207973226532e+07
1.798535941933146492e+07
1.803862675893066078e+07
1.809189409852986038e+07
1.814516143812905997e+07
1.819842877772825584e+07
1.825169611732745543e+07
1.830496345692665502e+07
1.835823079652585089e+07
1.841149813612505049e+07
1.846476547572425008e+07
1.851803281532344595e+07
1.857130015492264554e+07
1.862456749452184513e+07
1.867783483412104473e+07
1.873110217372024059e+07
1.878436951331944019e+07
1.883763685291863978e+07
1.889090419251783565e+07
1.894417153211703524e+07
1.899743887171623483e+07
1.905070621131543070e+07
1.910397355091463029e+07
1.915724089051382989e+07
1.921050823011302575e+07
1.926377556971222535e+07
1.931704290931142494e+07
1.937031024891062081e+07
1.942357758850982040e+07
1.947684492810901999e+07
1.953011226770821586e+07
1.958337960730741546e+07
1.963664694690661505e+07
1.968991428650581092e+07
1.974318162610501051e+07
1.979644896570421010e+07
1.984971630530340597e+07
1.990298364490260556e+07
1.995625098450180516e+07
2.000951832410100475e+07
2.006278566370020062e+07
2.011605300329940021e+07
2.016932034289859980e+07
2.022258768249779567e+07
2.027585502209699526e+07
2.032912236169619486e+07
2.038238970129539073e+07
2.043565704089459032e+07
2.048892438049378991e+07
2.054219172009298578e+07
2.059545905969218537e+07
2.064872639929138497e+07
2.070199373889058083e+07
2.075526107848978043e+07
2.080852841808898002e+07
2.086179575768817589e+07
2.091506309728737548e+07
2.096833043688657507e+07
2.102159777648577094e+07
2.107486511608497053e+07
2.112813245568417013e+07
2.118139979528336599e+07
2.123466713488256559e+07
2.128793447448176518e+07
2.134120181408096477e+07
2.139446915368016064e+07
2.144773649327936023e+07
2.150100383287855983e+07
2.155427117247775570e+07
2.160753851207695529e+07
2.166080585167615488e+07
2.171407319127535075e+07
2.176734053087455034e+07
2.182060787047374994e+07
2.187387521007294580e+07
2.192714254967214540e+07
2.198040988927134499e+07
2.203367722887054086e+07
2.208694456846974045e+07
2.214021190806894004e+07
2.219347924766813591e+07
2.224674658726733550e+07
2.230001392686653510e+07
2.235328126646573097e+07
2.240654860606493056e+07
2.245981594566413015e+07
2.251308328526332602e+07
2.256635062486252561e+07
2.261961796446172521e+07
2.267288530406092480e+07
2.272615264366012067e+07
2.277941998325932026e+07
2.283268732285851985e+07
2.288595466245771572e+07
2.293922200205691531e+07
2.299248934165611491e+07
2.304575668125531077e+07
2.309902402085451037e+07
2.315229136045370996e+07
2.320555870005290583e+07
2.325882603965210542e+07
2.331209337925130501e+07
2.336536071885050088e+07
2.341862805844970047e+07
2.347189539804890007e+07
2.352516273764809594e+07
2.357843007724729553e+07
2.363169741684649512e+07
2.368496475644569099e+07
2.373823209604489058e+07
2.379149943564409018e+07
2.384476677524328604e+07
2.389803411484248564e+07
2.395130145444168523e+07
2.400456879404088110e+07
2.405783613364008069e+07
2.411110347323928028e+07
2.416437081283847988e+07
2.421763815243767574e+07
2.427090549203687534e+07
2.432417283163607493e+07
2.437744017123527080e+07
2.443070751083447039e+07
2.448397485043366998e+07
2.453724219003286585e+07
2.459050952963206545e+07
2.464377686923126504e+07
2.469704420883046091e+07
2.475031154842966050e+07
2.480357888802886009e+07
2.485684622762805596e+07
2.491011356722725555e+07
2.496338090682645515e+07
2.501664824642565101e+07
2.506991558602485061e+07
2.512318292562405020e+07
2.517645026522324607e+07
2.522971760482244566e+07
2.528298494442164525e+07
2.533625228402084112e+07
2.538951962362004071e+07
2.544278696321924031e+07
2.549605430281843990e+07
2.554932164241763577e+07
2.560258898201683536e+07
2.565585632161603495e+07
2.570912366121523082e+07
2.576239100081443042e+07
2.581565834041363001e+07
2.586892568001282588e+07
2.592219301961202547e+07
2.597546035921122506e+07
2.602872769881042093e+07
2.608199503840962052e+07
2.613526237800882012e+07
2.618852971760801598e+07
2.624179705720721558e+07
2.629506439680641517e+07
2.634833173640561104e+07
2.640159907600481063e+07
2.645486641560401022e+07
2.650813375520320609e+07
2.656140109480240569e+07
2.661466843440160528e+07
2.666793577400080115e+07
2.672120311360000074e+07
