1.408006535999985063e+05
1.430595235999984725e+05
2.120475335999984527e+05
2.110316035999984888e+05
2.782718435999984504e+05
2.778050435999984620e+05
3.334227735999985016e+05
3.327517635999984923e+05
3.742664835999984643e+05
3.736140035999984830e+05
4.113439035999985063e+05
4.108186835999985924e+05
4.455644935999984737e+05
4.455480535999985877e+05
4.730000635999985971e+05
4.725936335999985458e+05
5.057942835999983945e+05
5.050315135999986087e+05
5.355684635999986203e+05
5.355935335999985691e+05
5.547540835999983829e+05
5.553776035999985179e+05
5.875012435999985319e+05
5.886129935999984154e+05
6.275720635999982478e+05
6.274976035999985179e+05
6.590378335999986157e+05
6.589526135999985272e+05
6.971017435999984154e+05
6.967868235999984900e+05
7.275993235999986064e+05
7.284377335999984061e+05
7.579354435999984853e+05
7.575609335999984760e+05
7.926616735999985831e+05
7.930805035999983083e+05
8.321647835999985691e+05
8.315897635999983177e+05
8.712197035999984946e+05
8.713469735999983968e+05
9.090088135999985971e+05
9.092151335999984294e+05
9.551235935999986250e+05
9.555671835999985924e+05
9.976027735999985598e+05
9.983650135999985505e+05
1.045836713599998620e+06
1.045913573599998606e+06
1.090343143599998672e+06
1.090673863599998411e+06
1.126103203599998727e+06
1.125829943599998485e+06
1.165081463599998737e+06
1.165114133599998662e+06
1.206157543599998346e+06
1.205629233599998523e+06
1.242391993599998532e+06
1.241813393599998672e+06
1.285933003599998308e+06
1.285143153599998681e+06
1.329441583599998383e+06
1.329361593599998392e+06
1.367509583599998616e+06
1.367237773599998327e+06
1.412189143599998439e+06
1.412134503599998541e+06
1.456023483599998290e+06
1.456293253599998541e+06
1.493857733599998523e+06
1.494551423599998467e+06
1.537193223599998513e+06
1.537706383599998429e+06
1.581890773599998327e+06
1.581809453599998727e+06
1.618695033599998569e+06
1.619101553599998355e+06
1.662733753599998541e+06
1.662680373599998420e+06
1.706308273599998327e+06
1.706346683599998243e+06
1.745270403599998914e+06
1.744720203599998495e+06
1.789486803599998355e+06
1.789872183599998709e+06
1.834698993599998299e+06
1.833803373599998187e+06
1.873376523599998560e+06
1.873448213599998737e+06
1.918268383599998662e+06
1.917696473599998280e+06
1.962602893599998439e+06
1.963067543599998346e+06
2.000963283599998569e+06
2.001212573599998374e+06
2.045791573599998374e+06
2.045473633599998429e+06
2.089938803599998588e+06
2.090355163599998225e+06
2.128584323599998374e+06
2.128371563599998597e+06
2.173219913599998225e+06
2.173507463599998038e+06
2.219572823599998839e+06
2.219058783599997871e+06
2.258182703599998262e+06
2.257857533599998336e+06
2.304166313599998131e+06
2.303737673599998467e+06
2.349498393599998206e+06
2.349209993599998765e+06
2.388544553599998355e+06
2.388123493599998765e+06
2.434203753599998541e+06
2.434182173599998001e+06
2.479284803599998355e+06
2.479707363599998411e+06
2.518867683599998709e+06
2.519223763599998783e+06
2.564565533599998336e+06
2.564399603599998634e+06
2.610952653599997982e+06
2.610501513599998318e+06
2.649457003599998541e+06
2.649509683599998709e+06
2.695770513599998318e+06
2.695882303599998821e+06
2.741758003599998076e+06
2.741667653599998914e+06
2.781489853599998169e+06
2.780832513599998318e+06
2.827120413599998690e+06
2.827810903599998448e+06
2.874063093599998392e+06
2.873618203599999193e+06
2.913945583599998616e+06
2.913977093599998392e+06
2.960280273599998094e+06
2.959736903599998448e+06
3.005686193599998951e+06
3.006657483599998057e+06
3.046328403599998448e+06
3.046100063599998597e+06
3.092833843599998392e+06
3.092823503599998541e+06
3.140091033599998336e+06
3.139898823599997908e+06
3.179773123599998653e+06
3.179876803599998355e+06
3.225900933599998243e+06
3.226121613599998411e+06
3.273176643599998206e+06
3.272693423599998932e+06
3.313193913599998225e+06
3.313157323599998839e+06
3.360506703599998262e+06
3.360206963599998970e+06
3.407055233599998523e+06
3.406568423599998932e+06
3.447421713599998970e+06
3.447322173599998932e+06
3.494286023599999025e+06
3.494843683599998243e+06
3.541690163599998225e+06
3.541847253599998541e+06
3.582275933599998243e+06
3.582921343599998392e+06
3.629168163599998690e+06
3.628919543599998578e+06
3.676868843599998392e+06
3.677359593599997927e+06
3.717398003599998076e+06
3.717140633599998895e+06
3.765220133599998429e+06
3.764972013599997852e+06
3.813217143599998672e+06
3.813355573599998839e+06
3.854997603599999100e+06
3.854117893599998672e+06
3.901808833599998616e+06
3.901999593599998392e+06
3.949802353599999100e+06
3.948977183599998243e+06
3.990133343599998392e+06
3.990722623599998653e+06
4.038931313599998597e+06
4.038418963599998504e+06
4.085864423599998001e+06
4.087137223599998280e+06
4.128091413599998690e+06
4.128246523599998560e+06
4.176961333599998616e+06
4.176661583599999081e+06
4.225780043599999510e+06
4.225239963599998504e+06
4.266863483599998988e+06
4.266373233599998057e+06
4.314812063599998131e+06
4.314677453599997796e+06
4.363788513599999249e+06
4.363512703599998727e+06
4.404886813599998131e+06
4.404530023599998094e+06
4.453473283599998802e+06
4.453437123599998653e+06
4.501687953599998727e+06
4.501842373599998653e+06
4.543965843599998392e+06
4.544232743599997833e+06
4.592790523599998094e+06
4.593041273599998094e+06
4.641295373599999584e+06
4.640901623599998653e+06
4.683211683599998243e+06
4.683737473599998280e+06
4.731751213599997573e+06
4.731505693599998951e+06
4.780885353599998169e+06
4.780911663599999622e+06
4.823261043599997647e+06
4.822258383599998429e+06
4.872038543599998578e+06
4.871987563599998131e+06
4.921356953599996865e+06
4.920713233599998057e+06
4.963706983599998057e+06
4.962370483599998988e+06
5.011774363599997945e+06
5.012241683599998243e+06
5.061756663599998690e+06
5.061258183599998243e+06
5.103662633599998429e+06
5.104232813599999063e+06
5.153378683600000106e+06
5.153507733599998057e+06
5.202180393599999137e+06
5.203039013599998318e+06
5.244949273599999025e+06
5.244861093599999323e+06
5.294698993599997833e+06
5.294735583599998616e+06
5.344516903599997982e+06
5.343799823599997908e+06
5.386794163599998690e+06
5.386356973599999212e+06
5.436905423599999398e+06
5.435920033599997871e+06
5.486558113599998876e+06
5.485982213599997573e+06
5.529271913599998690e+06
5.528046563599999063e+06
5.579046243599998765e+06
5.579376093599999323e+06
5.628665043599998578e+06
5.628940993599998765e+06
5.672485453599997796e+06
5.672784463599998504e+06
5.722884513599998318e+06
5.723444353599998169e+06
5.774068123599998653e+06
5.774018073599997908e+06
5.816639993599997833e+06
5.817664083599998616e+06
5.867921693599998020e+06
5.866898583599998616e+06
5.918455643599998206e+06
5.918910703599997796e+06
5.961929213599998504e+06
5.960740203599998727e+06
6.012747113599998876e+06
6.012696673599999398e+06
6.063322593599998392e+06
6.062415783599997871e+06
6.106865393599998206e+06
6.106173403599997982e+06
6.156985633599998429e+06
6.156662953599998727e+06
6.207598713599999435e+06
6.207050243599998765e+06
6.250732453599999659e+06
6.250997833599998616e+06
6.301783323599997908e+06
6.301626193599998020e+06
6.351814043599999510e+06
6.352559003599998541e+06
6.395998033599997871e+06
6.396708723599998280e+06
6.446667853599998169e+06
6.447367813599999994e+06
6.498806253599999472e+06
6.498649263599998318e+06
6.542440603599999100e+06
6.541619163599997759e+06
6.593404433599998243e+06
6.592321023599998094e+06
6.644695853599999100e+06
6.644364013599999249e+06
6.689079423599998467e+06
6.688231793599998578e+06
6.740491103599998169e+06
6.740397633599998429e+06
6.791397883599997498e+06
6.790284083599998616e+06
6.835345403599997982e+06
6.835072103599998169e+06
6.886485613599998876e+06
6.886887863599997945e+06
6.938300463599999435e+06
6.938799223599998280e+06
6.982518063599998131e+06
6.983488803599999286e+06
7.035220223599999212e+06
7.034872153599997051e+06
7.087208543599997647e+06
7.087094203599997796e+06
7.131715643599999137e+06
7.130521353599998169e+06
7.183651723599998280e+06
7.183866983599998057e+06
7.236480143599999137e+06
7.235053453599998727e+06
7.280561543599998578e+06
7.279606423599998467e+06
7.332669323599998839e+06
7.332035713599998504e+06
7.385070623599998653e+06
7.384606693599999882e+06
7.429720013599999249e+06
7.429603683600000106e+06
7.482470973599999212e+06
7.482292283599997871e+06
7.533376543599998578e+06
7.534390563599998131e+06
7.578852013599997386e+06
7.579028563599999063e+06
7.630608843599998392e+06
7.631615563599998131e+06
7.684788043599997647e+06
7.684550493599998765e+06
7.729598483599998988e+06
7.730001713599998504e+06
7.782792563599999063e+06
7.782320223599999212e+06
7.835478053599998355e+06
7.835015443599997088e+06
7.881067433599998243e+06
7.879172993599997833e+06
7.933117743599998765e+06
7.932821913599998690e+06
7.985921043599997647e+06
7.985159903599997982e+06
8.030742313599999063e+06
8.030630933599997312e+06
8.083482323599996977e+06
8.083638603599998169e+06
8.136414513599998318e+06
8.136760053599997424e+06
8.181454003599998541e+06
8.182367683599999174e+06
8.235330423599998467e+06
8.235043613599998876e+06
8.288298543599998578e+06
8.288061133599998429e+06
8.333498753599998541e+06
8.333287923599998467e+06
8.386446573599999771e+06
8.386140913599998690e+06
8.439900003599997610e+06
8.438625713599996641e+06
8.485119933599999174e+06
8.484516053599998355e+06
8.538540313599996269e+06
8.537248993599999696e+06
8.591533323599997908e+06
8.591165473599998280e+06
8.637814393599996343e+06
8.637593673599997535e+06
8.691850493599999696e+06
8.691473283600000665e+06
8.744794813599999994e+06
8.744827223599996418e+06
8.790569553599998355e+06
8.790917133599998429e+06
8.844265723600000143e+06
8.844582473599998280e+06
8.898670123599998653e+06
8.898669833599999547e+06
8.944975773599999025e+06
8.944876433599999174e+06
8.999331253599997610e+06
8.998958023599997163e+06
9.053981193600000814e+06
9.053074383599998429e+06
9.100265373599996790e+06
9.098935553599998355e+06
9.154165703599998727e+06
9.154243853599997237e+06
9.208221573599996045e+06
9.207831223600000143e+06
9.255006473599998280e+06
9.255026033599996939e+06
9.308862563599996269e+06
9.309004833599997684e+06
9.363585373599996790e+06
9.363669193599998951e+06
9.408946203599998727e+06
9.410101413599995896e+06
9.464228683599999174e+06
9.463907493599999696e+06
9.518867893599998206e+06
9.519213313599998131e+06
9.565713773599999025e+06
9.565152383599998429e+06
9.620171503599997610e+06
9.619933143599998206e+06
9.674942093599997461e+06
9.673060963599998504e+06
9.720745613599998876e+06
9.719873733599998057e+06
9.775275593599999323e+06
9.774923873599998653e+06
9.830461393600000069e+06
9.830019943599998951e+06
9.877671633599998429e+06
9.877622483599998057e+06
9.932829043599998578e+06
9.932443843599997461e+06
9.985914463600000367e+06
9.987121683599999174e+06
1.003383956359999813e+07
1.003457932359999977e+07
1.008921907359999791e+07
1.008912926359999925e+07
1.014469045360000059e+07
1.014432870359999873e+07
1.019086388359999843e+07
1.019099835359999910e+07
1.024689615359999798e+07
1.024640756359999627e+07
1.030195777359999903e+07
1.030220068359999731e+07
1.035051969359999895e+07
1.034906005359999835e+07
1.040521501359999925e+07
1.040468293359999917e+07
1.046009086359999701e+07
1.045877876359999925e+07
1.050684112359999865e+07
1.050733917359999754e+07
1.056332009359999932e+07
1.056265457359999791e+07
1.061866705360000022e+07
1.061917860359999910e+07
1.066572306359999813e+07
1.066610949359999970e+07
1.072151688359999843e+07
1.072114095359999873e+07
1.077672730359999835e+07
1.077740013359999843e+07
1.082483996360000037e+07
1.082496853359999880e+07
1.088050286359999888e+07
1.088122950359999761e+07
1.093740555359999835e+07
1.093659256359999999e+07
1.098493524359999970e+07
1.098411240359999612e+07
1.104105020359999873e+07
1.104041690359999798e+07
1.109691036359999888e+07
1.109659496359999664e+07
1.114565863359999843e+07
1.114532665359999612e+07
1.120181320359999873e+07
1.120155030359999835e+07
1.125765943359999917e+07
1.125772417359999754e+07
1.130631042359999940e+07
1.130662689360000007e+07
1.136193321359999850e+07
1.136266461359999888e+07
1.141957375359999761e+07
1.141961876359999739e+07
1.146752954359999858e+07
1.146747567359999940e+07
1.152429797360000014e+07
1.152370778359999694e+07
1.158036290359999798e+07
1.157991955359999835e+07
1.162866451359999739e+07
1.162793985359999910e+07
1.168530612359999865e+07
1.168545046359999850e+07
1.174233357359999791e+07
1.174092185359999724e+07
1.178997970359999873e+07
1.178993148359999806e+07
1.184712454359999858e+07
1.184622968359999917e+07
1.190342896359999664e+07
1.190415530360000022e+07
1.184392136359999888e+07
1.197119639359999821e+07
1.202411851359999739e+07
1.202343072359999828e+07
1.207940703359999880e+07
1.207949083359999955e+07
1.212887589360000007e+07
1.212866043359999917e+07
1.218602870359999873e+07
1.218606248359999992e+07
1.224236850359999947e+07
1.224336224359999783e+07
1.229298850359999947e+07
1.229432635360000096e+07
1.235127605359999835e+07
1.235098755359999835e+07
1.240829242359999754e+07
1.240829827359999903e+07
1.245565392359999940e+07
1.245611290359999798e+07
1.251394645359999873e+07
1.251361480360000022e+07
1.257089373359999806e+07
1.257082385359999910e+07
1.262054967359999940e+07
1.262012057359999791e+07
1.267706865359999798e+07
1.267734682359999791e+07
1.273435926359999925e+07
1.273440960359999910e+07
1.278371268359999731e+07
1.278480078359999694e+07
1.284260552359999903e+07
1.284276180359999835e+07
1.289975604359999672e+07
1.290034997360000014e+07
1.294888441359999776e+07
1.294905282359999977e+07
1.300646206359999813e+07
1.300648635359999724e+07
1.306442153359999694e+07
1.306481802359999903e+07
1.311441289360000007e+07
1.311433091359999962e+07
1.317174879359999858e+07
1.317279331359999627e+07
1.323012941359999962e+07
1.322967625359999947e+07
1.327886092359999754e+07
1.327816937359999679e+07
1.333677780359999835e+07
1.333703697359999642e+07
1.339482009359999746e+07
1.339510071359999850e+07
1.344480692359999940e+07
1.344491090359999798e+07
1.350170418360000104e+07
1.350210725359999575e+07
1.355943448359999806e+07
1.355949093359999917e+07
1.360948575359999575e+07
1.361096586359999888e+07
1.366928995359999686e+07
1.366946055359999835e+07
1.372807474359999783e+07
1.372829878359999694e+07
1.377796885359999910e+07
1.377693531359999627e+07
1.383505179359999858e+07
1.383510589359999821e+07
1.389347433359999768e+07
1.389397144359999709e+07
1.394443358359999955e+07
1.394488412359999865e+07
1.400297285359999910e+07
1.400359341359999776e+07
1.406154331359999627e+07
1.406091017360000312e+07
1.411036237360000052e+07
1.411141301359999739e+07
1.416946479359999858e+07
1.416997447359999828e+07
1.422831201359999925e+07
1.422970964360000007e+07
1.427941727359999716e+07
1.427938798359999992e+07
1.433793994359999895e+07
1.433811381359999813e+07
1.439659940359999798e+07
1.439582778359999694e+07
1.444653544359999895e+07
1.444662335359999910e+07
1.450594686359999888e+07
1.450639791359999962e+07
1.456577260359999910e+07
1.456510350359999761e+07
1.461506071359999850e+07
1.461473152360000089e+07
1.467318398359999992e+07
1.467378437359999865e+07
1.473104282359999977e+07
1.473199268359999917e+07
1.478348098359999992e+07
1.478482757359999977e+07
1.484331757359999791e+07
1.484369233359999955e+07
1.490205742359999754e+07
1.490252046359999850e+07
1.495225152359999903e+07
1.495388055359999835e+07
1.501224915359999985e+07
1.501204170359999873e+07
1.507174143359999917e+07
1.507283813359999843e+07
1.512314243359999917e+07
1.512382921359999664e+07
1.518245942359999754e+07
1.518301528359999880e+07
1.524167565359999612e+07
1.524183061359999701e+07
1.529384892359999754e+07
1.529331377359999903e+07
1.535212357359999791e+07
1.535314687359999865e+07
1.541275188359999843e+07
1.541315776359999925e+07
1.546315909359999746e+07
1.546471134359999746e+07
1.552297243359999917e+07
1.552384280359999835e+07
1.558197500359999947e+07
1.558383849359999783e+07
1.563411618359999731e+07
1.563575299359999970e+07
1.569541879359999858e+07
1.569568262359999865e+07
1.575547642359999567e+07
1.575501980359999835e+07
1.580587358359999955e+07
1.580601455359999835e+07
1.586535402359999903e+07
1.586614501359999739e+07
1.592651365359999612e+07
1.592687552359999903e+07
1.597826954359999858e+07
1.597727225360000134e+07
1.603824216359999776e+07
1.603874570359999873e+07
1.609722351359999739e+07
1.609791627360000089e+07
1.614882211359999888e+07
1.615034441359999776e+07
1.620935885360000096e+07
1.621143243360000104e+07
1.627009304359999858e+07
1.627206861359999701e+07
1.632198970359999873e+07
1.632321218359999731e+07
1.638210889359999634e+07
1.638132626359999925e+07
1.644157634359999746e+07
1.644190995359999873e+07
1.649353152359999716e+07
1.649388386359999888e+07
1.655453475359999761e+07
1.655570640359999985e+07
1.661569048359999806e+07
1.661653971360000037e+07
1.666841885359999724e+07
1.666772664360000007e+07
1.672760871359999850e+07
1.672751879359999858e+07
1.678851616360000148e+07
1.678931179360000044e+07
1.684044966360000148e+07
1.684176412359999865e+07
1.690151995359999686e+07
1.690160748359999806e+07
1.696051835359999537e+07
1.696161623359999806e+07
1.701174640359999985e+07
1.701366598359999806e+07
1.707176224359999970e+07
1.707345004360000044e+07
1.713475857360000163e+07
1.713619311360000074e+07
1.718707687359999493e+07
1.718768734359999746e+07
1.724846866359999776e+07
1.724833172360000014e+07
1.730952395359999686e+07
1.730965183359999582e+07
1.736187164359999821e+07
1.736238122360000014e+07
1.742400327359999716e+07
1.742581200359999761e+07
1.748701570359999686e+07
1.748689856359999627e+07
1.753877372360000014e+07
1.753995675359999761e+07
1.759879846359999850e+07
1.760038318360000104e+07
1.766015254359999672e+07
1.766171945360000059e+07
1.771301328359999880e+07
1.771583122360000014e+07
1.777665254359999672e+07
1.777810133359999582e+07
1.783813797360000014e+07
1.783860604360000044e+07
1.788972842359999940e+07
1.788934081359999999e+07
1.795052396359999850e+07
1.795199422360000014e+07
1.801362195359999686e+07
1.801380023360000178e+07
1.806694775360000134e+07
1.806805179360000044e+07
1.812909981359999999e+07
1.812927773359999806e+07
1.819002551359999925e+07
1.818948017359999940e+07
1.824138751359999925e+07
1.824227574359999970e+07
1.830347707359999791e+07
1.830589181359999999e+07
1.836642718359999731e+07
1.836923000360000134e+07
1.842034879359999672e+07
1.842225206359999627e+07
1.848141294359999895e+07
1.848193682359999791e+07
1.854230115359999985e+07
1.854373641359999776e+07
1.859463867359999567e+07
1.859588592359999940e+07
1.865774763359999657e+07
1.865935809359999746e+07
1.872031069359999895e+07
1.872191108359999955e+07
1.877440320360000059e+07
1.877353124359999597e+07
1.883445351359999925e+07
1.883594453359999880e+07
1.889804090359999985e+07
1.889814316359999776e+07
1.895174754360000044e+07
1.895394228359999880e+07
1.901456281359999627e+07
1.901565434359999746e+07
1.907669591359999776e+07
1.907793656359999627e+07
1.912850768360000104e+07
1.913040855359999835e+07
1.919115409359999746e+07
1.919292957360000163e+07
1.925426859359999746e+07
1.925652822359999642e+07
1.930893910359999910e+07
1.930949952359999716e+07
1.937053917359999940e+07
1.937165670360000059e+07
1.943306314359999821e+07
1.943241188360000029e+07
1.948492952359999716e+07
1.948556222360000014e+07
1.954720798359999806e+07
1.954795664359999448e+07
1.960938896359999850e+07
1.960981189359999821e+07
1.966165818359999731e+07
1.966258756359999627e+07
1.972508330360000208e+07
1.972668351359999925e+07
1.978803496359999850e+07
1.979012838359999657e+07
1.984377478359999880e+07
1.984633414359999821e+07
1.990724716359999776e+07
1.990867015359999985e+07
1.997004843359999731e+07
1.997133588359999657e+07
2.002371880359999835e+07
2.002566678359999880e+07
2.008775498359999806e+07
2.008964733359999955e+07
2.015204812359999865e+07
2.015396199359999970e+07
2.020736285359999910e+07
2.020758919359999895e+07
2.026993678359999880e+07
2.027051940359999985e+07
2.033220299359999970e+07
2.033261037359999865e+07
2.038671192359999567e+07
2.038854891360000148e+07
2.045034129360000044e+07
2.045185509360000119e+07
2.051428046359999850e+07
2.051586813360000029e+07
2.056741006359999627e+07
2.056981721359999850e+07
2.063105137359999865e+07
2.063286853359999880e+07
2.069398620359999686e+07
2.069563090359999985e+07
2.074865966359999776e+07
2.075011798359999806e+07
2.081186116359999776e+07
2.081337841359999776e+07
2.087574078359999880e+07
2.087642497360000014e+07
2.092926488360000029e+07
2.093029290359999612e+07
2.099317196359999478e+07
2.099411723359999806e+07
2.105730470360000059e+07
2.105887525359999761e+07
2.111316186359999701e+07
2.111405239359999821e+07
2.117688248359999806e+07
2.117828038360000029e+07
2.124021291359999776e+07
2.124127271359999478e+07
2.129457079359999672e+07
2.129663355359999835e+07
2.135863178360000253e+07
2.136057073359999806e+07
2.142392837359999865e+07
2.142518101359999925e+07
2.147706160359999537e+07
2.147892418360000104e+07
2.154116970359999686e+07
2.154300766360000148e+07
2.160449407359999791e+07
2.160662679360000044e+07
2.166147236360000074e+07
2.166232201359999925e+07
2.172515889359999821e+07
2.172657504359999672e+07
2.178911293359999731e+07
2.178878261359999701e+07
2.184203270360000059e+07
2.184407593360000104e+07
2.190669408359999582e+07
2.190747820359999686e+07
2.197059438359999657e+07
2.197368201359999925e+07
2.202735100359999761e+07
2.203052278359999880e+07
2.209360767359999940e+07
2.209441156359999999e+07
2.215784709359999746e+07
2.215855606359999999e+07
2.221170987359999865e+07
2.221339654359999672e+07
2.227597626359999925e+07
2.227918284360000119e+07
2.234326625360000134e+07
2.234460724359999970e+07
2.239867642359999567e+07
2.239950215359999985e+07
2.246272370359999686e+07
2.246405869359999895e+07
2.252526927359999716e+07
2.252703768360000104e+07
2.258139204360000044e+07
2.258330579360000044e+07
2.264780097360000014e+07
2.264983790359999985e+07
2.271290230359999835e+07
2.271426879360000044e+07
2.276785476359999925e+07
2.276912726359999925e+07
2.283159956359999627e+07
2.283283766359999776e+07
2.289627401359999925e+07
2.289844925359999761e+07
2.295253762359999865e+07
2.295484548359999806e+07
2.301892464360000193e+07
2.301968521360000223e+07
2.308258964359999448e+07
2.308419457359999791e+07
2.313858212359999865e+07
2.313853058359999582e+07
2.320192592359999567e+07
2.320361464359999821e+07
2.326781405359999835e+07
2.326890609360000119e+07
2.332347889360000193e+07
2.332482912359999865e+07
2.338839044359999523e+07
2.338825257360000163e+07
2.345124959359999746e+07
2.345320435359999910e+07
2.350600655359999835e+07
2.351018152360000461e+07
2.357485457360000163e+07
2.357676913359999657e+07
2.364055127359999716e+07
2.364279111359999701e+07
2.369679604359999672e+07
2.369767117360000312e+07
2.375997853359999880e+07
2.376220906359999999e+07
2.382649606359999627e+07
2.382712606359999627e+07
2.388317606359999999e+07
2.388523813359999657e+07
2.394998078360000253e+07
2.395072824359999597e+07
2.401364725360000134e+07
2.401452575359999761e+07
2.406911377359999716e+07
2.407016675359999761e+07
2.413290502359999716e+07
2.413521454360000044e+07
2.419857251359999925e+07
2.420220083359999955e+07
2.425669635359999910e+07
2.425932005360000208e+07
2.432142822359999642e+07
2.432163866359999776e+07
2.438591182360000163e+07
2.438688243360000104e+07
2.444113837359999865e+07
2.444266454360000044e+07
2.450752813360000402e+07
2.451033614359999448e+07
2.457521859359999746e+07
2.457692152359999716e+07
2.463207294359999895e+07
2.463272650359999761e+07
2.469699037359999865e+07
2.469884673359999806e+07
2.476319282359999791e+07
2.476377649359999970e+07
2.482022983359999582e+07
2.482315576359999925e+07
2.488841252360000089e+07
2.489083626359999925e+07
2.495481263359999657e+07
2.495667058359999955e+07
2.501051109360000119e+07
2.501224235359999910e+07
2.507562763359999657e+07
2.507698593360000104e+07
2.514183905359999835e+07
2.514432478359999508e+07
2.520058119359999895e+07
2.520241644359999895e+07
2.526581728359999880e+07
2.526742474359999597e+07
2.533184147359999642e+07
2.533202799359999597e+07
2.538697761359999701e+07
2.538805686359999701e+07
2.545289314359999448e+07
2.545449441359999776e+07
2.551921262359999865e+07
2.552129213359999657e+07
2.557705898360000178e+07
2.557745996360000223e+07
2.564214079360000044e+07
2.564316707359999791e+07
2.570641794359999895e+07
2.570823645359999686e+07
2.576427141359999776e+07
2.576753709359999746e+07
2.583222260360000283e+07
2.583453205359999835e+07
2.590038584359999746e+07
2.590231326359999925e+07
2.595723283359999955e+07
2.595776988360000029e+07
2.602253272360000014e+07
2.602447479360000044e+07
2.608941725359999761e+07
2.609149474359999970e+07
2.614844463359999657e+07
2.614944154360000044e+07
2.621440786359999701e+07
2.621692895359999686e+07
2.628085923359999806e+07
2.628264074359999597e+07
2.633732935359999910e+07
2.634020574359999970e+07
2.640536663359999657e+07
2.640606916359999776e+07
2.647181625360000134e+07
2.647452721359999850e+07
2.652966071359999850e+07
2.653120450360000134e+07
2.659611323359999806e+07
2.659711512359999865e+07
2.666155785359999537e+07
2.666271066359999776e+07
2.671907345359999686e+07
2.672120311360000074e+07
