8.902481649772806538e-01
8.718884399843607191e-01
8.627822286962855136e-01
8.601758168850555109e-01
8.896036161335187931e-01
9.042531012196393103e-01
9.187693048257049577e-01
9.232659232659232718e-01
9.475543577229850190e-01
9.653282216841538865e-01
9.635344779992270903e-01
9.744002819241321944e-01
9.736996655006000534e-01
9.900833193267222221e-01
9.843621728770798329e-01
9.594920698320767993e-01
9.702265872708993877e-01
9.725663457022075686e-01
9.947959183673469319e-01
9.822040000587811681e-01
1.002829082380533476e+00
9.898208185177438390e-01
9.872798434442270343e-01
9.951062405889241624e-01
9.870161267385306747e-01
9.740917971515133944e-01
9.748374950183462673e-01
9.748985523141039389e-01
9.607955578555743559e-01
9.592783285817624295e-01
9.462281239748399075e-01
9.307734142431874913e-01
9.325943637444197298e-01
9.329446064139941264e-01
9.238689012183263216e-01
9.210118366341654150e-01
9.203249271178285396e-01
9.192076243125737456e-01
9.029604756477003225e-01
8.981861857679989125e-01
8.924353461328811132e-01
