8.107061921950823313e-01
8.407014322378748572e-01
8.456721106161285695e-01
8.624884841129363267e-01
8.828838286692947124e-01
8.944767575684894334e-01
9.144170067035460869e-01
9.225645214354120105e-01
9.370161104515900563e-01
9.457977391732171890e-01
9.507049559762276170e-01
9.512853196293664659e-01
9.594263221646738282e-01
9.552186847575747652e-01
9.485257063618488527e-01
9.427980473779635773e-01
9.403687126838422561e-01
9.268303692193233800e-01
9.124076657397014456e-01
9.039551230315883146e-01
8.918839116928355404e-01
8.696224944077862729e-01
8.584824026588073753e-01
8.499568006731605951e-01
8.284897993911095604e-01
8.219625069806072437e-01
8.188490319191930045e-01
8.124884786612290855e-01
8.168799518353235811e-01
8.091849326919933194e-01
8.170014780672985033e-01
8.207693001612202943e-01
8.281448658321642897e-01
8.430999604934865665e-01
8.585249948011479670e-01
8.641851645638864987e-01
8.828755583138002683e-01
8.952208860559278669e-01
9.129055129985612638e-01
9.181877013505197471e-01
