1.000000000000000000e+03
1.005128205128205082e+03
1.010256410256410277e+03
1.015384615384615358e+03
1.020512820512820554e+03
1.025641025641025635e+03
1.030769230769230717e+03
1.035897435897435798e+03
1.041025641025641107e+03
1.046153846153846189e+03
1.051282051282051270e+03
1.056410256410256352e+03
1.061538461538461434e+03
1.066666666666666742e+03
1.071794871794871824e+03
1.076923076923076906e+03
1.082051282051281987e+03
1.087179487179487296e+03
1.092307692307692378e+03
1.097435897435897459e+03
1.102564102564102541e+03
1.107692307692307622e+03
1.112820512820512931e+03
1.117948717948718013e+03
1.123076923076923094e+03
1.128205128205128176e+03
1.133333333333333258e+03
1.138461538461538566e+03
1.143589743589743648e+03
1.148717948717948730e+03
1.153846153846153811e+03
1.158974358974358893e+03
1.164102564102564202e+03
1.169230769230769283e+03
1.174358974358974365e+03
1.179487179487179446e+03
1.184615384615384755e+03
1.189743589743589837e+03
1.194871794871794918e+03
1.200000000000000000e+03
