9.002202479406816726e-01
8.814822651638238860e-01
8.787710320462344127e-01
8.712610408260107464e-01
8.681031664167146999e-01
8.669012825002575529e-01
8.470488209912603317e-01
8.524081663364946326e-01
8.430335503403880715e-01
8.447950825981640488e-01
8.342577770933512493e-01
8.409892203940055877e-01
8.392199980690823180e-01
8.245155666058640032e-01
8.427318924207144457e-01
8.451318286692648396e-01
8.456377091242736066e-01
8.527693466434123071e-01
8.495129187088408251e-01
8.615617462807119153e-01
8.705052736466870611e-01
8.752562509611806485e-01
8.721663843330281773e-01
8.857095755629870171e-01
8.974151272480144215e-01
8.886368970391621547e-01
8.852868735345157392e-01
8.855705656811615478e-01
8.861965556348970763e-01
8.928699564485541584e-01
8.766395558425080781e-01
8.670310130777795221e-01
8.711021137103454048e-01
8.587597795244309440e-01
8.572035123894590214e-01
8.527238550612666890e-01
8.520314124163571590e-01
8.425207056074021095e-01
8.474433004126135094e-01
8.395209033671992005e-01
