1.021610670268445098e+00
1.039721946375372408e+00
1.018201875344732388e+00
9.715210972473569129e-01
9.658885269634455151e-01
9.708082026537997455e-01
9.398126823276523600e-01
9.346850108616944208e-01
9.075675313358804175e-01
9.334672510348186458e-01
9.152337526781300081e-01
8.886603854799368651e-01
9.269060283687943214e-01
9.301918957905319640e-01
9.287467134092900478e-01
9.633549349620028623e-01
9.481635727260644408e-01
9.792014004668222471e-01
9.901675163874726904e-01
1.002539601917399548e+00
1.036397249985556712e+00
1.024095065987623787e+00
1.012666596149777831e+00
1.011733601913634706e+00
1.004840889544170057e+00
1.006408997151556850e+00
9.917304015296367625e-01
9.741688648083458579e-01
9.640185923601444218e-01
9.396730639181027911e-01
9.507976529914933250e-01
9.218742793893833776e-01
9.224182608891592361e-01
9.153791245481129879e-01
9.194640272655119073e-01
9.066194690265486633e-01
9.274324924717382013e-01
9.165896487985212282e-01
9.327408119144847687e-01
9.320937313108247357e-01
9.468270910149427788e-01
