9.089305834517219518e-01
9.068252371999475647e-01
9.500100140196274801e-01
9.634227938443238326e-01
9.921484653818700705e-01
9.888473308398504358e-01
1.009171966380109309e+00
1.002912475604263554e+00
1.012534204254567971e+00
1.008868413475381587e+00
1.003805412773691508e+00
1.003775801308944393e+00
9.805141779066820495e-01
9.684184418662330485e-01
9.692898272552783467e-01
9.442227896584742819e-01
9.398074844806353356e-01
9.200626226750163728e-01
9.126361945256444841e-01
9.085693872404807525e-01
9.135964734905164253e-01
9.141322394765113435e-01
9.110700271657108384e-01
9.083441174815731767e-01
9.201109727097723789e-01
9.244492085064027753e-01
9.247720510605624833e-01
9.432716098651129366e-01
9.496738675124170026e-01
9.693705754680622677e-01
9.567978870582316553e-01
9.717420712460543841e-01
9.643060109289617321e-01
9.781106504391243739e-01
9.754073800908106273e-01
9.825692912630670239e-01
9.746832310433577451e-01
1.000865590088993562e+00
9.880993347097958290e-01
9.722172539199904762e-01
9.857081386771575637e-01
