3.000000000000000000e+03
3.005128205128205082e+03
3.010256410256410163e+03
3.015384615384615245e+03
3.020512820512820326e+03
3.025641025641025863e+03
3.030769230769230944e+03
3.035897435897436026e+03
3.041025641025641107e+03
3.046153846153846189e+03
3.051282051282051270e+03
3.056410256410256352e+03
3.061538461538461434e+03
3.066666666666666515e+03
3.071794871794871597e+03
3.076923076923077133e+03
3.082051282051282215e+03
3.087179487179487296e+03
3.092307692307692378e+03
3.097435897435897459e+03
3.102564102564102541e+03
3.107692307692307622e+03
3.112820512820512704e+03
3.117948717948717785e+03
3.123076923076922867e+03
3.128205128205128403e+03
3.133333333333333485e+03
3.138461538461538566e+03
3.143589743589743648e+03
3.148717948717948730e+03
3.153846153846153811e+03
3.158974358974358893e+03
3.164102564102563974e+03
3.169230769230769056e+03
3.174358974358974592e+03
3.179487179487179674e+03
3.184615384615384755e+03
3.189743589743589837e+03
3.194871794871794918e+03
3.200000000000000000e+03
