8.653424726653556887e-01
8.686229485456538058e-01
8.687334868513933994e-01
8.658543148779397347e-01
8.689972655707804972e-01
8.677431285610621714e-01
8.657342440488878799e-01
8.612811165690372750e-01
8.662341796988867193e-01
8.574574826879646228e-01
8.557369927015022748e-01
8.555379392231251545e-01
8.522086927143711632e-01
8.508458252100098429e-01
8.586437263503197137e-01
8.584035170041410812e-01
8.623278039358994729e-01
8.591397776215878856e-01
8.642676158792406138e-01
8.679543744531205141e-01
8.577881630472607988e-01
8.691099335555070304e-01
8.788134943553053136e-01
8.788345616682171624e-01
8.781898063952111588e-01
8.709229498893059640e-01
8.728388606256708426e-01
8.783420128484105138e-01
8.744396248485268863e-01
8.722984546661418648e-01
8.819335714626803657e-01
8.674339033734167481e-01
8.681144231059327865e-01
8.709004009200776997e-01
8.645858729235864626e-01
8.552800688250995487e-01
8.565051817742049822e-01
8.543463178631243160e-01
8.577500311807552125e-01
8.444035121036999048e-01
