8.503537370991457456e-01
9.195894089428559015e-01
9.106914021983821828e-01
9.024566849871636931e-01
8.966060390508400202e-01
8.888221532009890069e-01
8.838408018828147750e-01
8.680696950463345773e-01
8.649660068843691985e-01
8.567606730744902199e-01
8.586367617191912327e-01
8.554925890374626141e-01
8.497018756550891450e-01
8.590754074218976966e-01
8.616712165236437571e-01
8.689965517899878034e-01
8.727607080938544204e-01
8.806829372825036861e-01
8.905653909191195705e-01
9.018672513157316439e-01
9.010372077167946303e-01
9.083083182726457983e-01
9.232262654729684881e-01
9.162302877326586881e-01
9.156640302946571497e-01
9.082872628954457017e-01
9.107310254554343842e-01
8.982174442443094931e-01
8.979547351240804165e-01
8.948825719138584489e-01
8.795443581816582146e-01
8.728767160288217752e-01
8.662849850661767936e-01
8.642647959839315774e-01
8.542108312694831618e-01
8.583714137415842105e-01
8.600377759103433606e-01
8.547249615013623458e-01
8.618683316381632320e-01
8.703291446667793529e-01
