4.000000000000000000e+03
4.005128205128205082e+03
4.010256410256410163e+03
4.015384615384615245e+03
4.020512820512820326e+03
4.025641025641025863e+03
4.030769230769230944e+03
4.035897435897436026e+03
4.041025641025641107e+03
4.046153846153846189e+03
4.051282051282051270e+03
4.056410256410256352e+03
4.061538461538461434e+03
4.066666666666666515e+03
4.071794871794871597e+03
4.076923076923077133e+03
4.082051282051282215e+03
4.087179487179487296e+03
4.092307692307692378e+03
4.097435897435897459e+03
4.102564102564102541e+03
4.107692307692307622e+03
4.112820512820512704e+03
4.117948717948717785e+03
4.123076923076922867e+03
4.128205128205127949e+03
4.133333333333333030e+03
4.138461538461538112e+03
4.143589743589743193e+03
4.148717948717949184e+03
4.153846153846154266e+03
4.158974358974359347e+03
4.164102564102564429e+03
4.169230769230769511e+03
4.174358974358974592e+03
4.179487179487179674e+03
4.184615384615384755e+03
4.189743589743589837e+03
4.194871794871794918e+03
4.200000000000000000e+03
