1.034186419869676188e+00
1.033926364632639316e+00
1.015924810993404925e+00
1.013799574341488041e+00
9.858820846162618112e-01
9.709331749070345685e-01
9.603153030714868255e-01
9.254716125521494918e-01
9.265538007044653579e-01
9.006147070966558088e-01
8.852117781883668268e-01
8.966189692288211166e-01
8.862655894579967164e-01
8.950612119691011559e-01
9.095356672037497869e-01
9.324789292591306733e-01
9.322596231277178180e-01
9.482067435034720049e-01
9.726849037487335092e-01
1.001905945721980551e+00
9.877902801053387583e-01
9.876143893972861854e-01
1.008953442101074405e+00
1.018681823880971393e+00
9.956131100518834653e-01
9.888046848088184460e-01
9.758304252294170977e-01
9.514676595376223567e-01
9.391439554269425116e-01
9.132195794553602530e-01
9.101128453456699408e-01
9.009404124319992935e-01
9.045681446369394640e-01
8.842877037765216608e-01
9.026150415568618968e-01
8.898646471156944626e-01
9.191484074058733356e-01
9.404638426751856795e-01
9.296637342760831757e-01
9.570998494731560724e-01
9.798311639705576948e-01
