9.704850085235818824e-01
9.749602016449986364e-01
9.880565324132439819e-01
1.001772931022947732e+00
1.006117344869541741e+00
1.014762801849631746e+00
1.030235910417325984e+00
1.008959338387318994e+00
1.005312237254452290e+00
1.010453239706351702e+00
9.775483654370724640e-01
9.769979624179306876e-01
9.649692496924969776e-01
9.549724651765467698e-01
9.334922388233242163e-01
9.413764351228273153e-01
9.514283708850985732e-01
9.300819061801935961e-01
9.184761904761904461e-01
9.649555774925961948e-01
9.652980587527916212e-01
9.411814632490239640e-01
9.645325572935612435e-01
1.007718612603810460e+00
9.580052493438320216e-01
9.713365873922525928e-01
9.701684730121257205e-01
9.654172244533690828e-01
9.858840136454535275e-01
9.721548090433005385e-01
9.595870577867304796e-01
9.641577060931899590e-01
9.592326139088729331e-01
9.852016278209396738e-01
9.691031497956239527e-01
9.987240459343463828e-01
9.976554649994417989e-01
1.022131936277130393e+00
9.827971620176887413e-01
1.016493299597038602e+00
1.006729107938528767e+00
