8.669256848822123329e-01
8.491290389405725669e-01
8.479330282852638456e-01
8.584657073793130477e-01
8.704685291966092198e-01
8.683321394026908280e-01
8.667442893003078908e-01
8.663985971553762599e-01
8.739222036997151832e-01
8.751944860557202555e-01
8.612091209746763898e-01
8.781790981344566038e-01
8.630178830422083891e-01
8.574977165562465142e-01
8.708302008869874822e-01
8.588218402612622926e-01
8.536884979703293075e-01
8.538045323802890829e-01
8.361375677820741537e-01
8.508746859021465436e-01
8.538166420119163158e-01
8.486454653855242114e-01
8.452331429366524151e-01
8.554190826357221944e-01
8.588344727913599375e-01
8.556108270390428983e-01
8.588186270286702895e-01
8.692172125421295803e-01
8.684642994909702596e-01
8.660222563214958758e-01
8.627134246519354566e-01
8.733282413698625346e-01
8.697198062628220816e-01
8.691990740186940068e-01
8.604624684415045355e-01
8.645593374773982154e-01
8.709976417047471386e-01
8.685177421086747174e-01
8.665263738946472616e-01
8.510331180161753162e-01
