8.906752411575562522e-01
7.640117994100295018e-01
7.869415807560137255e-01
8.594771241830065911e-01
1.019292604501607746e+00
8.589928057553957164e-01
9.723618090452261775e-01
9.195224332507569986e-01
9.086904055011779668e-01
9.041608546252508649e-01
8.888020791810832266e-01
8.738459089461955154e-01
8.782939220057746077e-01
8.619131033188400792e-01
8.670834465887469200e-01
8.822286377570760507e-01
8.853634730454217339e-01
9.068840951014551788e-01
9.083577252113613776e-01
9.369881984585741730e-01
9.566828881846989319e-01
9.645164281519488236e-01
9.808268517224784100e-01
9.986811430093918140e-01
1.019655954127216990e+00
1.021169354838709742e+00
1.030999121007911024e+00
1.040739576279384737e+00
1.026421636615811428e+00
1.037704350406845943e+00
1.035827052352821243e+00
1.022065225503121955e+00
1.011132644585950091e+00
9.876974506467497417e-01
9.760672423984659840e-01
9.646897262037593679e-01
9.474202880122071235e-01
9.306702449766033336e-01
9.207274485574598044e-01
9.126733921815889383e-01
9.090070036375481610e-01
