8.291316392290040138e-01
8.179087359465392337e-01
8.135870810090441996e-01
7.947237875302615162e-01
7.864597118529593756e-01
7.834044120085300600e-01
7.754976527855436119e-01
7.867769473764130161e-01
7.891933173668550516e-01
7.980818077605565941e-01
8.102559931491338796e-01
8.124977753328336272e-01
8.229847532018610412e-01
8.350840609279736038e-01
8.477582295142259694e-01
8.698210750439685501e-01
8.822151244390084024e-01
8.990473759342021420e-01
9.094940612692232751e-01
9.191809652716480539e-01
9.219493940026567413e-01
9.400942455509483375e-01
9.353727970926808410e-01
9.431810099135403691e-01
9.500098263885488059e-01
9.626784146952850341e-01
9.624743898118266472e-01
9.429868827011950172e-01
9.505541644278617808e-01
9.547780807816438342e-01
9.317369681652515334e-01
9.337317007224432697e-01
9.248173755496577053e-01
9.092619807481878702e-01
9.016954499340894547e-01
8.825673393705609771e-01
8.628412110511241018e-01
8.515217537190291619e-01
8.252691785494942200e-01
8.156665711545182385e-01
