8.543354550116867285e-01
8.653070267784851444e-01
8.712804433942021864e-01
8.801316454073502271e-01
8.791060373661986338e-01
8.742788199718541930e-01
8.861785954170001700e-01
8.812300602276045280e-01
8.732421497832016932e-01
8.848316471339292555e-01
8.743822512752599252e-01
8.665255186805316256e-01
8.794401982638996307e-01
8.647420635565276070e-01
8.716009513835201172e-01
8.694383831467532575e-01
8.618548688332676733e-01
8.581485337500825983e-01
8.550712772239043025e-01
8.572992166556855365e-01
8.561664480120645404e-01
8.641837016882685241e-01
8.573848421519003615e-01
8.740565308003628298e-01
8.712583513832612425e-01
8.762384992640364079e-01
8.727992950910004044e-01
8.794064025798621342e-01
8.821429974768322246e-01
8.713945755372599633e-01
8.852808857786685914e-01
8.739330889572644034e-01
8.779407756247833428e-01
8.608328170237989907e-01
8.626989134069540377e-01
8.654474634324371696e-01
8.546990860282015490e-01
8.574960083856231208e-01
8.554783207587505212e-01
8.574512729561265534e-01
