1.054025734523659885e+00
1.041970282922857649e+00
1.038092877210378351e+00
1.045471456326733106e+00
1.032507416537834732e+00
1.028085393069181785e+00
1.003108982438450481e+00
9.735857173585716895e-01
9.695067264573991039e-01
9.580028666985188623e-01
9.504920361164654885e-01
9.505711540514572011e-01
9.610578320255739326e-01
9.625620781866802700e-01
9.741379310344827624e-01
9.862992610837438834e-01
9.913072550986292697e-01
1.003379647014645215e+00
1.020021186440678074e+00
1.017249816491313963e+00
1.019365703059219808e+00
1.036648394675019569e+00
1.014999999999999902e+00
9.829833454018827021e-01
9.898840885142254908e-01
9.843517138599106042e-01
9.822518025513033990e-01
1.045353631462099697e+00
1.012371134020618513e+00
9.899856938483547752e-01
9.830446000737190770e-01
1.038461538461538547e+00
1.014890282131661436e+00
9.864054378248700017e-01
9.822872545244513143e-01
1.006206644760861524e+00
9.817578772802653120e-01
9.740494870247434767e-01
9.676297485286249334e-01
1.022211130521587297e+00
9.958668696976289425e-01
