2.462852202876900304e-05 1.441195572963541996e-04 1.374849092284280731e-03 7.759056625893126459e-04 6.447722535812594512e-04 6.187390464577909965e-05 9.248409037672432418e-05 2.299246421924733557e-04 4.224392099860912715e-04 4.151612690410732111e-04
1.254958230345961084e-03 7.501536376272851039e-04 1.472310809795654202e-04 3.566604545727476792e-04 6.901162701361486431e-04 1.257548889015281139e-03 1.767925999110807160e-03 1.450294484954517057e-03 1.533665320975267877e-03 1.586873249526213640e-04
2.341113605148400275e-03 1.652524285223895388e-04 1.692506033615645620e-04 3.030146915343005874e-03 2.221314745737713175e-03 7.887046410986958212e-04 7.451414186282695820e-04 1.078715258042816093e-05 6.014102761132845022e-04 3.515165677481886454e-04
4.374074906313498573e-02 5.343113754307336066e-02 4.659183729998136320e-02 2.453606476395262664e-02 1.914508222921728134e-02 9.406052617300963634e-03 7.953852043737124136e-03 2.615175825824765307e-03 3.740602870069851876e-04 8.390934122433409289e-05
1.818525529030747575e-04 1.193654172685403893e-03 1.232649571423826730e-02 1.905221037271058807e-02 2.706306629926219509e-02 2.923668910128799509e-02 3.773053750301216119e-02 3.822042782075355666e-02 2.371486464496314062e-02 2.221274284191287335e-02
1.039866319925153584e-04 1.759584646619701378e-03 1.223701046028591094e-03 3.200883422930872902e-03 8.660755406782227927e-04 1.747549753423185753e-03 8.133956601579481237e-04 1.455120928814358392e-03 1.852631610921573458e-04 3.917842973856393470e-03
1.495452720086410401e-04 7.543447221849685106e-04 7.083217915231297375e-04 1.771935289440663367e-03 3.285704775971242091e-04 8.310782221175178335e-05 1.355911103113367625e-04 4.422059650000796400e-05 4.740203600622770502e-04 1.759041694515331997e-03
1.383917117856767285e-04 2.232635124789693294e-04 1.064559437015433251e-03 4.479566534011362485e-05 2.713698001034823117e-04 4.662705073408248210e-05 5.394486094176654091e-04 6.640178094110766108e-04 6.489230438862932885e-04 8.020754661457909877e-04
9.990301998618784387e-05 1.863657580579074734e-03 5.510118886687397381e-04 3.547276016947404124e-04 7.171348356525101566e-05 2.431657520775513525e-04 3.150027295714793378e-04 3.235143480529125608e-04 9.493769769121855173e-04 3.075846484664902097e-04
9.429881535866529356e-05 6.401710208762018432e-05 8.217601524958864081e-04 6.323425916803905936e-04 8.023451781293864478e-04 3.264847969291133443e-04 5.891843134746342463e-04 2.735336174757506096e-04 5.934711050481658687e-05 2.097919618311993229e-06
7.570751657412879473e-04 2.541169478196993718e-05 7.524347813113108551e-04 3.145885719894978981e-04 2.537980847276727521e-04 1.090194021440978012e-04 3.536055496253590736e-05 1.333110923252615290e-05 1.262026393146262583e-03 1.116031227370587793e-04
1.274414665015722383e-06 1.221351410658299110e-04 3.039856739935637570e-04 8.809989784945395212e-06 3.961109138319604479e-05 6.764180076033757478e-04 4.279927331269946364e-04 5.750799077453038789e-04 2.630543295271566256e-04 3.725521597977633531e-04
2.829205706516589374e-04 5.463868833327906443e-04 2.319630653452095374e-04 2.301785347488013826e-04 1.334542368857213630e-03 6.108024798999028104e-06 5.523360983080081695e-04 2.806414774148214875e-05 1.947540503600796852e-04 2.964894686850410134e-04
