6.917453748161991943e-05 5.880434178781180753e-04 6.442469825706647083e-05 2.276245980485909297e-04 5.414746814944234070e-04 4.652937137035014109e-06 4.797610146701306597e-04 1.227592652201236762e-04 2.402324497728657070e-04 2.947332792042290576e-04 2.138454488795644829e-05 6.261597792486132746e-04 3.059594346446948745e-08 3.657724785689820172e-04 8.928456721654308393e-05 8.468815679970798289e-05 1.143837597383922663e-04 4.089763219217318211e-05 3.485665599305400541e-04 1.470333282561639018e-07 4.008766336589618244e-04
2.362224578359099878e-04 1.935610645667630136e-04 1.996406709559379509e-04 1.771490105071002702e-04 1.753437645031174805e-05 1.092459730539381942e-04 5.359807579799773827e-05 1.407084314374938802e-04 7.000604871672433296e-05 5.202956758562754503e-05 1.402411366919632102e-04 6.604294934169712642e-04 1.391038629707261689e-04 2.676237966200428081e-04 1.176892174047667331e-04 5.742747303138798979e-05 3.450215297110988664e-04 1.770437201195098318e-04 1.296876046825247214e-05 4.887277301805510038e-04 3.099945176796860789e-04
2.777164036372857474e-05 5.697353969992866002e-05 3.891922712765375256e-05 9.668743940523609178e-05 7.955588531196957388e-05 1.343547131178596288e-05 1.195410949028997879e-04 5.383861687603015147e-05 2.280161567976176485e-05 2.153386336866160698e-04 2.731351681297873612e-04 1.309529494497548050e-05 1.303399441941483091e-04 1.070574458655456306e-04 8.732191368967031299e-06 7.662806248530582270e-04 1.764602795147262801e-04 1.096306316479533623e-04 9.410422668259412859e-05 4.451238312794954720e-06 1.077457703543784518e-04
2.417122980336149779e-04 1.855990884260697328e-05 3.280267474293549869e-04 7.326206304249610027e-05 1.632800405877182673e-04 1.347296463592429741e-04 1.627241311410289266e-05 1.991733609127728380e-04 2.498855891226546685e-04 8.516690342615531424e-05 1.074505307004780525e-04 5.265086331647216835e-04 3.188810877248353967e-04 3.059303282121282044e-04 1.022986204067984062e-04 9.474486783114280353e-05 2.933829683477235848e-04 7.903436726127415640e-05 4.811385148791442979e-04 1.477425348798150231e-04 4.397908435131894886e-04
3.967310373504782809e-04 1.290326969257417225e-03 1.388840815926084635e-03 2.458393844553039931e-04 1.321776270478658118e-03 1.509382924820199510e-04 4.678070182493645189e-04 1.270185023733101702e-04 3.851852651830011201e-04 4.963342116209654023e-04 1.619526345794369956e-03 9.114695151634439241e-05 1.914277687092454799e-03 4.987018500096560534e-05 4.810283201829305597e-04 8.388366922341615429e-05 1.069219487134407190e-03 6.663216658400676444e-04 7.083620405613087929e-04 2.385959335317059326e-04 2.010420067389783166e-04
2.565218476016030424e-02 2.415228740190559359e-02 2.581053872725020890e-02 2.558366586411362636e-02 2.169143458036864106e-02 2.644036145656272416e-02 2.347422016155579355e-02 1.852848625726888354e-02 1.575867851346247211e-02 1.629473326252712032e-02 1.980724023111705978e-02 2.274997656362970702e-02 1.438668227347432958e-02 1.360701898101073989e-02 1.756927234771908652e-02 2.022111214133279905e-02 1.489166381291985586e-02 1.280467214740486914e-02 1.143776178044954989e-02 1.148871380030112854e-02 8.349529763472687480e-03
8.755854619124783106e-03 8.142366131466231838e-03 7.696028763267149728e-03 8.397214873216287540e-03 8.181878168518735492e-03 9.568454058449872221e-03 7.298674439114526645e-03 5.808887889113636439e-03 6.760055516640584537e-03 6.446501580347395455e-03 7.315513696995287925e-03 8.723943121490903771e-03 8.033733072070149694e-03 3.510709632396935044e-03 8.076441438540152284e-03 5.219304507425691873e-03 6.635862485187146720e-03 5.207695134687661230e-03 7.409572049580231100e-03 4.778700154174900586e-03 5.102426690038695638e-03
1.112313762476821889e-03 2.715599850597956617e-03 2.637583031670857545e-03 7.090063264463017205e-04 1.407270213509258629e-03 2.228959210281971932e-03 3.659267053537969532e-03 6.007162758448914702e-04 1.693219681066719011e-03 6.915280705776629191e-04 1.905354780140729957e-03 1.216178489181519561e-03 1.316908982111385587e-03 1.169145955222785542e-03 1.086830223319043814e-03 1.114585335264695748e-03 1.296861436300344225e-03 2.353884655783670412e-04 1.417930182387371020e-03 4.019344853258338332e-04 3.358153929275217871e-04
4.156857887079603805e-04 8.684152038806943223e-04 8.604998545948707020e-04 2.651365429813698450e-04 7.753367442273400786e-04 4.893495121878256332e-05 4.857832508473683701e-04 7.598535834488139517e-05 7.237714633162579785e-04 5.398295044724525519e-04 3.681474128086633757e-04 2.326235940304638959e-04 7.441379484938023467e-04 3.326339155699301314e-04 3.101386187026178022e-05 9.236954533197882676e-04 4.188147879884968191e-04 3.849959723134461294e-04 8.188093297916093725e-04 8.585883279963763427e-04 1.203138974753466317e-05
7.235986415755476728e-04 2.815666435414157617e-04 4.504240117049210994e-04 5.364038454505791411e-05 8.949606347684507573e-05 1.885759520832167252e-04 2.216937002547052346e-04 1.881333825304398017e-04 2.409665403886460859e-04 4.377833734262819682e-05 4.372196691391198485e-04 2.645973422984926522e-04 9.663085544321621057e-05 1.388224900780902311e-04 2.431885310521126001e-05 3.322429431951951320e-04 2.731246774811700841e-05 1.892720232068200782e-04 2.312984327196472307e-04 4.366428582274757786e-05 3.567426288366660689e-04
3.013806164626560598e-04 3.494797003890259975e-04 2.208316275276826836e-05 4.966849309139461928e-06 1.945936185496751150e-04 2.101661687303400230e-04 5.927734865123756345e-06 5.920825884073328409e-05 1.801117168065116594e-04 1.109375295735382251e-05 2.884968628640185821e-04 9.637274427344530187e-05 3.614711799493313510e-04 2.307095871768040894e-04 1.700190857909814014e-04 2.361933217886550687e-04 2.868472697316098367e-04 5.214714802277671882e-04 1.364742703653060250e-04 3.141388808098572274e-05 1.379877938702823157e-04
2.082731216806545758e-05 5.168921123466680849e-05 3.394524962232761759e-05 1.204201663597724228e-04 4.484509608928602116e-04 3.966424768377495714e-04 5.150753706860426630e-04 3.910173371447786886e-04 3.933299120090015641e-04 7.124410658019246370e-05 4.937568927867883256e-04 2.984488608118348848e-04 1.516663763348712633e-05 5.850952480542539981e-04 1.755335974595940746e-04 4.480552613998846942e-04 8.072243325394438929e-05 3.008595581115560623e-05 5.502324724063237759e-05 2.297874508467979854e-05 1.706314125002148668e-04
3.799789976508661751e-05 2.071910328453071377e-04 5.215078691575270201e-06 2.964804821238478509e-04 9.019046255531699497e-05 1.704585857599253871e-05 1.028097516617876062e-04 1.911444712680708438e-04 5.834224441569770111e-05 1.008851885611453022e-04 2.632345043231926304e-04 6.760541438252522879e-05 6.106980077322358990e-05 2.902312082806812288e-04 1.487794316563184702e-04 2.984978909800961241e-04 5.905262545946487660e-05 4.392652236980249642e-05 1.366000783246326005e-04 4.239885005932638563e-05 6.445367729319108276e-05
