5.000000000000000000e+03
5.020040080160320940e+03
5.040080160320640971e+03
5.060120240480961911e+03
5.080160320641282851e+03
5.100200400801602882e+03
5.120240480961923822e+03
5.140280561122244762e+03
5.160320641282564793e+03
5.180360721442885733e+03
5.200400801603206673e+03
5.220440881763526704e+03
5.240480961923847644e+03
5.260521042084168585e+03
5.280561122244488615e+03
5.300601202404809555e+03
5.320641282565130496e+03
5.340681362725450526e+03
5.360721442885771467e+03
5.380761523046092407e+03
5.400801603206412437e+03
5.420841683366733378e+03
5.440881763527054318e+03
5.460921843687374349e+03
5.480961923847695289e+03
5.501002004008016229e+03
5.521042084168337169e+03
5.541082164328657200e+03
5.561122244488978140e+03
5.581162324649298171e+03
5.601202404809619111e+03
5.621242484969940051e+03
5.641282565130260991e+03
5.661322645290581022e+03
5.681362725450901962e+03
5.701402805611221993e+03
5.721442885771542933e+03
5.741482965931863873e+03
5.761523046092184813e+03
5.781563126252504844e+03
5.801603206412825784e+03
5.821643286573145815e+03
5.841683366733466755e+03
5.861723446893787695e+03
5.881763527054108636e+03
5.901803607214428666e+03
5.921843687374749607e+03
5.941883767535070547e+03
5.961923847695390577e+03
5.981963927855711518e+03
6.002004008016032458e+03
6.022044088176352489e+03
6.042084168336673429e+03
6.062124248496993459e+03
6.082164328657314400e+03
6.102204408817635340e+03
6.122244488977956280e+03
6.142284569138276311e+03
6.162324649298597251e+03
6.182364729458918191e+03
6.202404809619238222e+03
6.222444889779559162e+03
6.242484969939880102e+03
6.262525050100200133e+03
6.282565130260521073e+03
6.302605210420842013e+03
6.322645290581162044e+03
6.342685370741482984e+03
6.362725450901803924e+03
6.382765531062123955e+03
6.402805611222444895e+03
6.422845691382765835e+03
6.442885771543085866e+03
6.462925851703406806e+03
6.482965931863727747e+03
6.503006012024048687e+03
6.523046092184368717e+03
6.543086172344689658e+03
6.563126252505009688e+03
6.583166332665330629e+03
6.603206412825651569e+03
6.623246492985972509e+03
6.643286573146292540e+03
6.663326653306613480e+03
6.683366733466933510e+03
6.703406813627254451e+03
6.723446893787575391e+03
6.743486973947896331e+03
6.763527054108216362e+03
6.783567134268537302e+03
6.803607214428857333e+03
6.823647294589178273e+03
6.843687374749499213e+03
6.863727454909820153e+03
6.883767535070140184e+03
6.903807615230461124e+03
6.923847695390781155e+03
6.943887775551102095e+03
6.963927855711423035e+03
6.983967935871743975e+03
7.004008016032064006e+03
7.024048096192384946e+03
7.044088176352704977e+03
7.064128256513025917e+03
7.084168336673346857e+03
7.104208416833667798e+03
7.124248496993987828e+03
7.144288577154308769e+03
7.164328657314628799e+03
7.184368737474949739e+03
7.204408817635270680e+03
7.224448897795591620e+03
7.244488977955911650e+03
7.264529058116232591e+03
7.284569138276552621e+03
7.304609218436873562e+03
7.324649298597194502e+03
7.344689378757515442e+03
7.364729458917836382e+03
7.384769539078156413e+03
7.404809619238476444e+03
7.424849699398797384e+03
7.444889779559118324e+03
7.464929859719439264e+03
7.484969939879760204e+03
7.505010020040080235e+03
7.525050100200400266e+03
7.545090180360721206e+03
7.565130260521042146e+03
7.585170340681363086e+03
7.605210420841684027e+03
7.625250501002004057e+03
7.645290581162324088e+03
7.665330661322645028e+03
7.685370741482965968e+03
7.705410821643286909e+03
7.725450901803607849e+03
7.745490981963927879e+03
7.765531062124247910e+03
7.785571142284568850e+03
7.805611222444889790e+03
7.825651302605210731e+03
7.845691382765531671e+03
7.865731462925851702e+03
7.885771543086172642e+03
7.905811623246492672e+03
7.925851703406813613e+03
7.945891783567134553e+03
7.965931863727455493e+03
7.985971943887775524e+03
8.006012024048096464e+03
8.026052104208416495e+03
8.046092184368737435e+03
8.066132264529058375e+03
8.086172344689379315e+03
8.106212424849699346e+03
8.126252505010020286e+03
8.146292585170340317e+03
8.166332665330661257e+03
8.186372745490982197e+03
8.206412825651303137e+03
8.226452905811624078e+03
8.246492985971945018e+03
8.266533066132264139e+03
8.286573146292585079e+03
8.306613226452906019e+03
8.326653306613226960e+03
8.346693386773546081e+03
8.366733466933867021e+03
8.386773547094187961e+03
8.406813627254508901e+03
8.426853707414829842e+03
8.446893787575150782e+03
8.466933867735471722e+03
8.486973947895792662e+03
8.507014028056111783e+03
8.527054108216432724e+03
8.547094188376753664e+03
8.567134268537074604e+03
8.587174348697395544e+03
8.607214428857714665e+03
8.627254509018035606e+03
8.647294589178356546e+03
8.667334669338677486e+03
8.687374749498998426e+03
8.707414829659319366e+03
8.727454909819640307e+03
8.747494989979959428e+03
8.767535070140280368e+03
8.787575150300601308e+03
8.807615230460922248e+03
8.827655310621243189e+03
8.847695390781562310e+03
8.867735470941883250e+03
8.887775551102204190e+03
8.907815631262525130e+03
8.927855711422846070e+03
8.947895791583167011e+03
8.967935871743487951e+03
8.987975951903807072e+03
9.008016032064128012e+03
9.028056112224448952e+03
9.048096192384769893e+03
9.068136272545090833e+03
9.088176352705409954e+03
9.108216432865730894e+03
9.128256513026051834e+03
9.148296593186372775e+03
9.168336673346693715e+03
9.188376753507014655e+03
9.208416833667335595e+03
9.228456913827656535e+03
9.248496993987975657e+03
9.268537074148296597e+03
9.288577154308617537e+03
9.308617234468936658e+03
9.328657314629257598e+03
9.348697394789578539e+03
9.368737474949899479e+03
9.388777555110220419e+03
9.408817635270541359e+03
9.428857715430862299e+03
9.448897795591183240e+03
9.468937875751504180e+03
9.488977955911823301e+03
9.509018036072144241e+03
9.529058116232465181e+03
9.549098196392786122e+03
9.569138276553105243e+03
9.589178356713426183e+03
9.609218436873747123e+03
9.629258517034068063e+03
9.649298597194389004e+03
9.669338677354709944e+03
9.689378757515030884e+03
9.709418837675351824e+03
9.729458917835672764e+03
9.749498997995991886e+03
9.769539078156312826e+03
9.789579158316633766e+03
9.809619238476952887e+03
9.829659318637273827e+03
9.849699398797594768e+03
9.869739478957915708e+03
9.889779559118236648e+03
9.909819639278557588e+03
9.929859719438878528e+03
9.949899799599199469e+03
9.969939879759520409e+03
9.989979959919839530e+03
1.001002004008016047e+04
1.003006012024048141e+04
1.005010020040080053e+04
1.007014028056112147e+04
1.009018036072144241e+04
1.011022044088176335e+04
1.013026052104208429e+04
1.015030060120240523e+04
1.017034068136272617e+04
1.019038076152304711e+04
1.021042084168336805e+04
1.023046092184368717e+04
1.025050100200400811e+04
1.027054108216432905e+04
1.029058116232464818e+04
1.031062124248496912e+04
1.033066132264529006e+04
1.035070140280561100e+04
1.037074148296593194e+04
1.039078156312625288e+04
1.041082164328657382e+04
1.043086172344689476e+04
1.045090180360721570e+04
1.047094188376753482e+04
1.049098196392785576e+04
1.051102204408817670e+04
1.053106212424849582e+04
1.055110220440881676e+04
1.057114228456913770e+04
1.059118236472945864e+04
1.061122244488977958e+04
1.063126252505010052e+04
1.065130260521042146e+04
1.067134268537074240e+04
1.069138276553106334e+04
1.071142284569138246e+04
1.073146292585170340e+04
1.075150300601202434e+04
1.077154308617234528e+04
1.079158316633266440e+04
1.081162324649298534e+04
1.083166332665330629e+04
1.085170340681362723e+04
1.087174348697394817e+04
1.089178356713426911e+04
1.091182364729459005e+04
1.093186372745491099e+04
1.095190380761523193e+04
1.097194388777555105e+04
1.099198396793587199e+04
1.101202404809619293e+04
1.103206412825651205e+04
1.105210420841683299e+04
1.107214428857715393e+04
1.109218436873747487e+04
1.111222444889779581e+04
1.113226452905811675e+04
1.115230460921843769e+04
1.117234468937875863e+04
1.119238476953907957e+04
1.121242484969939869e+04
1.123246492985971963e+04
1.125250501002004057e+04
1.127254509018035969e+04
1.129258517034068063e+04
1.131262525050100157e+04
1.133266533066132251e+04
1.135270541082164345e+04
1.137274549098196439e+04
1.139278557114228533e+04
1.141282565130260627e+04
1.143286573146292722e+04
1.145290581162324634e+04
1.147294589178356728e+04
1.149298597194388822e+04
1.151302605210420734e+04
1.153306613226452828e+04
1.155310621242484922e+04
1.157314629258517016e+04
1.159318637274549110e+04
1.161322645290581204e+04
1.163326653306613298e+04
1.165330661322645392e+04
1.167334669338677486e+04
1.169338677354709398e+04
1.171342685370741492e+04
1.173346693386773586e+04
1.175350701402805498e+04
1.177354709418837592e+04
1.179358717434869686e+04
1.181362725450901780e+04
1.183366733466933874e+04
1.185370741482965968e+04
1.187374749498998062e+04
1.189378757515030156e+04
1.191382765531062250e+04
1.193386773547094162e+04
1.195390781563126257e+04
1.197394789579158351e+04
1.199398797595190263e+04
1.201402805611222357e+04
1.203406813627254451e+04
1.205410821643286545e+04
1.207414829659318639e+04
1.209418837675350733e+04
1.211422845691382827e+04
1.213426853707414921e+04
1.215430861723447015e+04
1.217434869739479109e+04
1.219438877755511021e+04
1.221442885771543115e+04
1.223446893787575209e+04
1.225450901803607121e+04
1.227454909819639215e+04
1.229458917835671309e+04
1.231462925851703403e+04
1.233466933867735497e+04
1.235470941883767591e+04
1.237474949899799685e+04
1.239478957915831779e+04
1.241482965931863873e+04
1.243486973947895785e+04
1.245490981963927879e+04
1.247494989979959973e+04
1.249498997995991886e+04
1.251503006012023980e+04
1.253507014028056074e+04
1.255511022044088168e+04
1.257515030060120262e+04
1.259519038076152356e+04
1.261523046092184450e+04
1.263527054108216544e+04
1.265531062124248638e+04
1.267535070140280550e+04
1.269539078156312644e+04
1.271543086172344738e+04
1.273547094188376650e+04
1.275551102204408744e+04
1.277555110220440838e+04
1.279559118236472932e+04
1.281563126252505026e+04
1.283567134268537120e+04
1.285571142284569214e+04
1.287575150300601308e+04
1.289579158316633402e+04
1.291583166332665314e+04
1.293587174348697408e+04
1.295591182364729502e+04
1.297595190380761414e+04
1.299599198396793508e+04
1.301603206412825602e+04
1.303607214428857696e+04
1.305611222444889790e+04
1.307615230460921885e+04
1.309619238476953979e+04
1.311623246492986073e+04
1.313627254509018167e+04
1.315631262525050079e+04
1.317635270541082173e+04
1.319639278557114267e+04
1.321643286573146361e+04
1.323647294589178455e+04
1.325651302605210367e+04
1.327655310621242461e+04
1.329659318637274555e+04
1.331663326653306649e+04
1.333667334669338743e+04
1.335671342685370837e+04
1.337675350701402749e+04
1.339679358717434843e+04
1.341683366733466937e+04
1.343687374749499031e+04
1.345691382765531125e+04
1.347695390781563219e+04
1.349699398797595131e+04
1.351703406813627225e+04
1.353707414829659319e+04
1.355711422845691413e+04
1.357715430861723507e+04
1.359719438877755601e+04
1.361723446893787514e+04
1.363727454909819608e+04
1.365731462925851702e+04
1.367735470941883796e+04
1.369739478957915890e+04
1.371743486973947984e+04
1.373747494989979896e+04
1.375751503006011990e+04
1.377755511022044084e+04
1.379759519038076178e+04
1.381763527054108272e+04
1.383767535070140366e+04
1.385771543086172278e+04
1.387775551102204372e+04
1.389779559118236466e+04
1.391783567134268560e+04
1.393787575150300654e+04
1.395791583166332748e+04
1.397795591182364660e+04
1.399799599198396754e+04
1.401803607214428848e+04
1.403807615230460942e+04
1.405811623246493036e+04
1.407815631262525130e+04
1.409819639278557224e+04
1.411823647294589136e+04
1.413827655310621230e+04
1.415831663326653324e+04
1.417835671342685418e+04
1.419839679358717513e+04
1.421843687374749607e+04
1.423847695390781519e+04
1.425851703406813613e+04
1.427855711422845707e+04
1.429859719438877801e+04
1.431863727454909895e+04
1.433867735470941989e+04
1.435871743486973901e+04
1.437875751503005995e+04
1.439879759519038089e+04
1.441883767535070183e+04
1.443887775551102277e+04
1.445891783567134371e+04
1.447895791583166283e+04
1.449899799599198377e+04
1.451903807615230471e+04
1.453907815631262565e+04
1.455911823647294659e+04
1.457915831663326753e+04
1.459919839679358665e+04
1.461923847695390759e+04
1.463927855711422853e+04
1.465931863727454947e+04
1.467935871743487041e+04
1.469939879759519135e+04
1.471943887775551048e+04
1.473947895791583142e+04
1.475951903807615236e+04
1.477955911823647330e+04
1.479959919839679424e+04
1.481963927855711518e+04
1.483967935871743430e+04
1.485971943887775524e+04
1.487975951903807618e+04
1.489979959919839712e+04
1.491983967935871806e+04
1.493987975951903900e+04
1.495991983967935812e+04
1.497995991983967906e+04
1.500000000000000000e+04
