8.846153846153845812e-01
1.021978021978021900e+00
1.049428771275355610e+00
1.018002322880371624e+00
9.359369962695159861e-01
9.576901425142958502e-01
1.033603186841429045e+00
1.024291757466991415e+00
9.531033980935749161e-01
9.224745229464469398e-01
9.933584315953970512e-01
1.057605760576057596e+00
9.954409071425788236e-01
9.399727148703956869e-01
9.521929058186265893e-01
1.022612143014463015e+00
1.046383152274665385e+00
9.780236378053845936e-01
9.457003863213621075e-01
9.543569973814373109e-01
1.022905301440760972e+00
1.031691258131048672e+00
9.611489530399682790e-01
9.406734556292800642e-01
9.813603662524525983e-01
1.037401292175161416e+00
1.029154634281419289e+00
9.355011805108391920e-01
9.384131346738029400e-01
1.009262322196493589e+00
1.038023376239088691e+00
1.000621552326936614e+00
9.439806678383128036e-01
9.643930288461538547e-01
1.031164395745135076e+00
1.026317748659916651e+00
9.756135627609349159e-01
9.242906937521082611e-01
9.947691955251803941e-01
1.050362092416277537e+00
1.016010824219190534e+00
9.303251493032514974e-01
9.509276363344310035e-01
1.005705605572227768e+00
1.029888103651354525e+00
9.996583273224250998e-01
9.318556774980274460e-01
9.577081029853103944e-01
1.023108030040439154e+00
1.007916053019145775e+00
9.705938660642493554e-01
9.334409490201966975e-01
9.722075770128794092e-01
1.042463409998099166e+00
1.005313581837211201e+00
9.416193761358999659e-01
9.408036177626214469e-01
9.978249048395867460e-01
1.040078237443259335e+00
9.946448813665325073e-01
9.471495962261133883e-01
9.589872188966186428e-01
1.016834022445363361e+00
1.037214794499676129e+00
9.695525857059849040e-01
9.321548195013025229e-01
9.653979238754325509e-01
1.012448132780082943e+00
1.017755763002476721e+00
9.570049837829285311e-01
9.393385779799411361e-01
9.980834834604622730e-01
1.037123784986532460e+00
1.003370038010893861e+00
9.393999920105460255e-01
9.273967876720204950e-01
1.018171607364916298e+00
1.065642727588469008e+00
9.799775810753352800e-01
9.309745695782656316e-01
9.781133226569053152e-01
1.027216049876108928e+00
1.015095846645367450e+00
9.669674574333428918e-01
9.367337672165885198e-01
9.982285890326555444e-01
1.034491017964071835e+00
1.015068758473755661e+00
9.307099070595215018e-01
9.519428640600411384e-01
1.017368277580902758e+00
1.046787273861509604e+00
9.813324133701318841e-01
9.366729678638940904e-01
9.662006079027355421e-01
1.029613025011798078e+00
1.029948601724068213e+00
9.675050341532751563e-01
9.367677674817324052e-01
9.921488102427828970e-01
1.038158408115489761e+00
1.027750626832688807e+00
9.515177228371967111e-01
9.427083333333333703e-01
1.012857259847678382e+00
1.048784460642586680e+00
9.868383287547665139e-01
9.335372309140100855e-01
9.649643460698239528e-01
1.032141405932547773e+00
1.034871180347513464e+00
9.790556138509968198e-01
9.303310238645111641e-01
9.924341974276271738e-01
1.018919919384691397e+00
1.004836174585902464e+00
9.495234148363033144e-01
9.530395498137433918e-01
1.017878624465922810e+00
1.026786443446304542e+00
1.007204668947474291e+00
9.352941176470588314e-01
9.636513999921237916e-01
1.019010954119701440e+00
1.043296619825294425e+00
9.620736808236808324e-01
9.342554855707875250e-01
9.742176165803109189e-01
1.027680959714679432e+00
1.022987072369788475e+00
9.376725838264299284e-01
9.396523315208435978e-01
1.000819134993446990e+00
1.045390300044421128e+00
9.998308811094198667e-01
9.443378885958603197e-01
9.420063340599679202e-01
1.008875616938326836e+00
1.050985556149952593e+00
9.813593710372812140e-01
9.275179269882659616e-01
9.687396488903610159e-01
1.037787234042553131e+00
1.002572347266881048e+00
9.597941994108127872e-01
9.417095777548918356e-01
9.858582574772432050e-01
1.053411560191221286e+00
9.941949528339917297e-01
9.331555124474619767e-01
9.591326464629046367e-01
1.033263685750104521e+00
1.036916026647430655e+00
9.632386015129830170e-01
9.458656060288884726e-01
9.847516198704103774e-01
1.030413524488273724e+00
1.020379067427037878e+00
9.626362441155265071e-01
9.499732587320525168e-01
9.949042422183532741e-01
1.050860719874804339e+00
9.967756989521021627e-01
9.474771684780363135e-01
9.411401013973043073e-01
1.012051293047990796e+00
1.030069901145717060e+00
9.659339299707180304e-01
9.373000086482746740e-01
9.787024093413370096e-01
1.014601004346541657e+00
1.001218238774799874e+00
9.615050291816714667e-01
9.432033320711851188e-01
9.970349699136652477e-01
1.021019868679116538e+00
9.971294363256785198e-01
9.330268389662027539e-01
9.609638757596218328e-01
1.013503538708697027e+00
1.035990469422731319e+00
9.878206789323659143e-01
9.332128410362338089e-01
9.717360355079138756e-01
1.023095969945355233e+00
1.023682167198688653e+00
9.557927488008296502e-01
9.549645692819943577e-01
9.843452331649134024e-01
1.042267050912583981e+00
1.018058690744920947e+00
9.454030279962784000e-01
9.404122639875281964e-01
1.020045290614778111e+00
1.016722266796165730e+00
9.695480473892057471e-01
9.346018145161290036e-01
9.730619315721091844e-01
1.023740289049954511e+00
1.005061675882603200e+00
9.778125698948780808e-01
9.281092138771761535e-01
9.820519458106825583e-01
1.024053471703091356e+00
9.985590778097982456e-01
9.402309747479100643e-01
9.613980409617096656e-01
1.017629520805427124e+00
1.017904137365718942e+00
9.865484696127723163e-01
9.500304692260816974e-01
9.674361450013165831e-01
1.018998198816364997e+00
1.017903930131004442e+00
9.661810386314914068e-01
9.601745305214527404e-01
9.956018823943352247e-01
1.031669398059972487e+00
1.003413411683373724e+00
9.679501348304672126e-01
9.519604380077710815e-01
1.001970443349753603e+00
1.024086783263227884e+00
9.855897527130403901e-01
9.341359155543923487e-01
9.712580631006186849e-01
1.040723393182409584e+00
1.029157667386608965e+00
9.761095204008589654e-01
9.421476970580667798e-01
9.893517902302675360e-01
1.036473228034669347e+00
1.008268418991252968e+00
9.571831237975929607e-01
9.516235917826375568e-01
1.018827803127630327e+00
1.038104048279811398e+00
9.788260049975888721e-01
9.441189725101396535e-01
9.657220208724509591e-01
1.022963791175711679e+00
1.028573987817986479e+00
9.665872175141242417e-01
9.466393692555647998e-01
9.863495066900932473e-01
1.033389724868666981e+00
1.000521036863358137e+00
9.641997325011145703e-01
9.497911707908563983e-01
1.003458653371064102e+00
1.048161830960533392e+00
9.602282552308490926e-01
9.352692618897779919e-01
9.507527542465873394e-01
1.035247124923184936e+00
1.028797958625717657e+00
9.600463747436012163e-01
9.267745415318230373e-01
9.804394426580921307e-01
1.030863089897721130e+00
9.980112095461941557e-01
9.456693268407051489e-01
9.438005685545594048e-01
1.012259744925453564e+00
1.034587541335239891e+00
9.780264041172521683e-01
9.356725146198829890e-01
9.594892315992985532e-01
1.042114176211061061e+00
1.036965156165372770e+00
9.843094325852946858e-01
9.328456860844276388e-01
9.910465220912444417e-01
1.033174922317674937e+00
1.005543138131425929e+00
9.632763193999817064e-01
9.534179731622464127e-01
1.014145470771976809e+00
1.048787185354691065e+00
9.852284286409269676e-01
9.440878683782317760e-01
9.645435438179658094e-01
1.001887703586636924e+00
1.017807975841549029e+00
9.670983867302885839e-01
9.300973499188750493e-01
9.867000683215668699e-01
1.022849283464217551e+00
1.005538045925258972e+00
9.549660985889683040e-01
9.639587592214025058e-01
1.010180180180180187e+00
1.020075339948548265e+00
9.831035414977020714e-01
9.393605292171995913e-01
9.628025709987692027e-01
1.044949381327334059e+00
1.020760933339351029e+00
9.600823623005287910e-01
9.366149082464368947e-01
9.936450505612766104e-01
1.028782187627279798e+00
9.966528317043781282e-01
9.781655269983494660e-01
9.584091736439752651e-01
1.026575654152446004e+00
1.020998230747741875e+00
9.757514290982850502e-01
9.488816444806664752e-01
9.564335438661195621e-01
1.024652516904583033e+00
1.011780284005296515e+00
9.789342675394118176e-01
9.488054607508532579e-01
9.850697975409078433e-01
1.010565167243367979e+00
1.015002703189763933e+00
9.546428408624697548e-01
9.477133168362202875e-01
1.003626432664756374e+00
1.024286885992891749e+00
9.864447415740698055e-01
9.461871281773931441e-01
9.718150560984437636e-01
1.011187130177514826e+00
1.015195468987429184e+00
9.629594766319951038e-01
9.450383771929824483e-01
9.856941090710282793e-01
1.043108739789414097e+00
9.918766349993115572e-01
9.571935974906591316e-01
9.535079908140787763e-01
1.012875334805695138e+00
1.034283619030158530e+00
9.844588866911556657e-01
9.414329037149355983e-01
9.636885739428465714e-01
1.044252792308779876e+00
1.027645508760575144e+00
9.577763436894993765e-01
9.438285634769701948e-01
9.844908663411104932e-01
1.016643299715074056e+00
1.005746593752896434e+00
9.454882962828813353e-01
9.555156868157144157e-01
1.037605122324158913e+00
1.026475072771796837e+00
9.944048830111902326e-01
9.445780859393424489e-01
9.973964497041419852e-01
1.028110926759895793e+00
1.020424719637317956e+00
9.622420811303982191e-01
9.322733455278833237e-01
9.793150999770168230e-01
1.039882588640916872e+00
1.005353420504074391e+00
9.465677528406423180e-01
9.708358528303642210e-01
9.995413264838087786e-01
1.042570434285169378e+00
9.928184219061297888e-01
9.544077265410472188e-01
9.666727538349160209e-01
1.034302515517804721e+00
1.014755639097744355e+00
9.632946635730857965e-01
9.454053802042052812e-01
1.013099369470648714e+00
1.037208414826122249e+00
9.935007659811522229e-01
9.602205218383156327e-01
9.576964936355463198e-01
1.010713121244585233e+00
1.028816384853536547e+00
9.734880649117840790e-01
9.608559254576953812e-01
9.824153948241539647e-01
1.035659060025303502e+00
1.003299103201524156e+00
9.432581407198110668e-01
9.360709501593607040e-01
9.891720339774106030e-01
1.027080327080327038e+00
9.924787289051849593e-01
9.525295508274231882e-01
9.773650609402205758e-01
1.009352517985611541e+00
1.016711102647114728e+00
9.920230658337337859e-01
9.485598644578313587e-01
9.780579119473010730e-01
1.016380249017658555e+00
1.005249221907372092e+00
9.662647210622624661e-01
9.442304078180793203e-01
1.003891597899474908e+00
1.029125304364113092e+00
9.939652282197423139e-01
9.480636303380362007e-01
9.650822150822150336e-01
1.024474149793591415e+00
1.013529955711296004e+00
9.778023882896764718e-01
9.540932347924957480e-01
9.619659522581249789e-01
1.032187907785993897e+00
1.026713347081674721e+00
9.682779456193353340e-01
9.436024961291230584e-01
9.726724462872220478e-01
1.036631936259488018e+00
1.019161619984859879e+00
9.421781797190686980e-01
9.691982707801140018e-01
1.017646773646191827e+00
1.002410549699862985e+00
9.717679219493802201e-01
9.463731574864235885e-01
9.783397040086249108e-01
1.021780303030302983e+00
1.027836538461538440e+00
9.511080009330533658e-01
9.537193179688964184e-01
9.994365932672895081e-01
1.020048806162974220e+00
9.968002292373083773e-01
9.637347896905240630e-01
9.635850250718076548e-01
1.009944215377152510e+00
1.010359922178988290e+00
9.818487561204807257e-01
9.410645483518051968e-01
9.846109867073228328e-01
1.018300218651963185e+00
1.007272040421211656e+00
9.755911153570575589e-01
9.599248591108328066e-01
9.988017063701288833e-01
1.035458639488030297e+00
9.964566929133857887e-01
9.468326337627249734e-01
9.719383940587150716e-01
1.020916383680299244e+00
1.017647058823529349e+00
9.823393167342211463e-01
9.516543138109770927e-01
9.688397269945869805e-01
1.015614490246949275e+00
1.004369957741068076e+00
9.580152671755725047e-01
9.450097013865884632e-01
9.976083561108941566e-01
1.017174542421119821e+00
9.853345554537121798e-01
9.623674475955610319e-01
9.512183422870299498e-01
1.007761654534059748e+00
1.023381557796288144e+00
9.678934624697336231e-01
9.527209571593978632e-01
9.897445914928945099e-01
1.029612537256032967e+00
9.951247490679667740e-01
9.668119675054487328e-01
9.521042866907528657e-01
9.999513902391600206e-01
1.022843891849220421e+00
9.896175131005435777e-01
9.736522288658790991e-01
9.894638831716161542e-01
1.013824662813102018e+00
1.015744228725973253e+00
9.752607324763521435e-01
9.382054992764109480e-01
9.968080475891086811e-01
1.019035907525823959e+00
9.948034120992254037e-01
9.616145054733086228e-01
9.562786213545432235e-01
1.001844481118338015e+00
1.009320019020446990e+00
9.890933878663940026e-01
9.558279139569785254e-01
9.789949349488529240e-01
1.007816389525042267e+00
1.011660354793701311e+00
9.928306427353855712e-01
9.423749429831229651e-01
9.919186046511627719e-01
1.036183250656550925e+00
1.007360492981855593e+00
1.002155172413793149e+00
1.044444444444444509e+00
2.250000000000000000e+00
0.000000000000000000e+00
0.000000000000000000e+00
0.000000000000000000e+00
