inf
9.423159093867190528e-01
9.813678216083712158e-01
1.011407900863675380e+00
9.732036224908905409e-01
9.487770209995510795e-01
9.612012183343991989e-01
1.002343184789107999e+00
9.980623458622311928e-01
9.588195657080561540e-01
9.812187577076708633e-01
1.019011880748909915e+00
9.988658652576123398e-01
9.962609047670305529e-01
9.532086960369138273e-01
9.788498207742382107e-01
1.011987920487333437e+00
9.585491935466653457e-01
9.359148167256481354e-01
1.002056985322351101e+00
1.005312144545732256e+00
9.729978619948279617e-01
9.470993976772724698e-01
9.752101081301867147e-01
1.007230004284026315e+00
9.849752240308241591e-01
9.602487727226769465e-01
9.645532319679905875e-01
1.008372764722656356e+00
1.026923643615761383e+00
9.469265620279089246e-01
9.508669223584100827e-01
9.902246523740990680e-01
9.978335435273928411e-01
9.688914484308169817e-01
9.656805671690957826e-01
9.836775327269065006e-01
1.016596307519670450e+00
9.651528340162930375e-01
9.588005454272113814e-01
9.929763399174205141e-01
1.009295159459358882e+00
9.751941704956887946e-01
9.487213937054921331e-01
9.811934891715481388e-01
9.978921572291550302e-01
9.548069566761506755e-01
9.800251860564166417e-01
9.740268658625622633e-01
9.990140051395225429e-01
9.961305199717592762e-01
9.575867458878302152e-01
9.974897434420900710e-01
1.020887209073867874e+00
9.895175281123388400e-01
9.678558585634779998e-01
9.536387168316624585e-01
9.931566008006305069e-01
1.006895563449820452e+00
1.000994891166844480e+00
9.671667032723356705e-01
9.902771442444135985e-01
9.999903985694694741e-01
9.722138551126029427e-01
9.575612684192287283e-01
9.870970241772168974e-01
1.007952196460708327e+00
9.851171396067321950e-01
9.634188826054332910e-01
9.760297313539222364e-01
1.015751579999393694e+00
9.854959362683441970e-01
9.683320557047646604e-01
9.899100931712955243e-01
1.002907018313792031e+00
9.508513079107484556e-01
9.613748349848951769e-01
9.980772168065279448e-01
1.001770076103810636e+00
9.879340732189050289e-01
9.592949110710848881e-01
9.626295531709326836e-01
9.856855043243811787e-01
1.009725705026977671e+00
9.838516707742198664e-01
9.607098118442707335e-01
1.023726989334712956e+00
1.015413080308330773e+00
9.531828156971876576e-01
9.703454721520056170e-01
1.002214360384714453e+00
1.004809288839017434e+00
9.727129235091890314e-01
9.418797127091775856e-01
9.903829128089634004e-01
1.016020746487521276e+00
9.733754681330563097e-01
9.726605813842067461e-01
1.005938764305806199e+00
9.975915122454616091e-01
9.701535345896530327e-01
9.753550271447943842e-01
9.917433663211632222e-01
9.927523689705103349e-01
9.854307707223259882e-01
9.673432163395996319e-01
9.868492065783087686e-01
9.901971058971840156e-01
9.888381850618308544e-01
9.637997479737928641e-01
9.876646957944766880e-01
9.989129518324180168e-01
9.921386184588411039e-01
9.507838963046318925e-01
9.784506288515630867e-01
1.002098776715175887e+00
9.834637077200217847e-01
9.611914619889000422e-01
9.792018348564383023e-01
9.978035236796758412e-01
1.001787608047133737e+00
9.615604983743755163e-01
9.854893307417963433e-01
9.959475302130005314e-01
9.834394273916631235e-01
9.638463866715510919e-01
9.618245123537545460e-01
1.021540188970139429e+00
9.782333260823653509e-01
9.776137692078322727e-01
9.737265379259257836e-01
1.004665689403433593e+00
1.002393029040795192e+00
9.497371901157918295e-01
9.395717654195618884e-01
1.008775199059303906e+00
1.026341511187149891e+00
9.748967672218733505e-01
9.522285432876332889e-01
9.957903598147760382e-01
1.006172284647801174e+00
9.852361001449317923e-01
9.584529516974746866e-01
9.873338949192431713e-01
1.002442383228233203e+00
9.921006621405477066e-01
9.455505629626909103e-01
9.966180671729926166e-01
9.915430538149361261e-01
9.641979066418727706e-01
9.629437555071794774e-01
1.003479871561760772e+00
1.006893481660120271e+00
9.686646415477163652e-01
9.827588333751501315e-01
1.009421589873061853e+00
1.000647874510506741e+00
9.834676634824618402e-01
9.712047215173152948e-01
9.706781822282506411e-01
1.019116983560798495e+00
9.722711992894115252e-01
9.723070671090301431e-01
9.781781057664177270e-01
9.780116546661576926e-01
9.878257193463307884e-01
9.618696766561639633e-01
9.696576210805160079e-01
1.014332584717920982e+00
9.814740758066133886e-01
9.521736103310710631e-01
9.889401989974517804e-01
1.017293856049215295e+00
9.671762384133940627e-01
9.929497545197886188e-01
9.555031349028816345e-01
1.000741123327405502e+00
9.893548682526470683e-01
9.599847256578107890e-01
9.855651463132392154e-01
9.984185580954536565e-01
9.973442901198628086e-01
9.753359085685850971e-01
9.518506876520117510e-01
1.007217670872980753e+00
9.969716283785344801e-01
9.780244650263939521e-01
9.734072621029038475e-01
1.017241830324595808e+00
9.873264392928478017e-01
9.558411627443501590e-01
9.711343637310628774e-01
1.007527018437749611e+00
9.952208263545311295e-01
9.644789740909911480e-01
9.716348708976095816e-01
9.803360081064059761e-01
9.946530236072211872e-01
9.802316623491758030e-01
9.820792556874849977e-01
9.946551832609061838e-01
9.760352364610220821e-01
9.573130457401444193e-01
9.627082014318321113e-01
1.015733578387431502e+00
9.804662496720959464e-01
9.564617441917226959e-01
9.977603468070226356e-01
9.844261944063051883e-01
1.013457135552418675e+00
9.486716839775692911e-01
9.900412388255565022e-01
1.007436336678201538e+00
9.974015971116652057e-01
9.807486229431524594e-01
9.570341290016644020e-01
9.683579774120492090e-01
1.003095944435517639e+00
9.838105443820699403e-01
9.537943597165486898e-01
9.934648360999790428e-01
9.582680415018155484e-01
9.577006383385321397e-01
1.001714224077342674e+00
9.963698015113742201e-01
1.006621325009061652e+00
9.635710848483862723e-01
9.753885315780279619e-01
9.832030237114602889e-01
9.607235649384033849e-01
9.724462149422452573e-01
9.811981880700429981e-01
9.831612197084076410e-01
9.757793056461752101e-01
9.702818505350360168e-01
9.915167623920950746e-01
9.972638494345665849e-01
9.953051017028643477e-01
9.626358884307293362e-01
9.768829712156221756e-01
1.004760632477748938e+00
1.007375218120796889e+00
9.943133822360864515e-01
9.706757422783546252e-01
1.015749846941434997e+00
9.868601327192321193e-01
9.852738670326653958e-01
9.712034331822043676e-01
1.010329474882599721e+00
1.024351807118114577e+00
