2.557214991320823927e-05 5.638481741318911331e-07 4.963039962945710754e-05 8.497787858514739361e-06 6.573096052927390416e-06 8.481211789357782156e-06 4.848106864762534343e-05 8.352469316807165632e-05 1.097982661797622270e-04 2.015778679661096010e-05
1.145030522283744552e-04 1.710326595257326363e-04 6.165667880362037611e-05 6.599493478976702868e-05 5.492755934524917944e-05 5.299477422125055398e-05 5.672310233230538467e-04 1.012537775499301507e-04 2.598671672821987647e-05 1.638326054922353904e-05
7.778668149280476465e-05 6.205449125517028229e-04 3.412407159564994686e-04 7.603215956137836630e-04 1.592161896263579661e-05 6.907120748738234057e-05 1.375505050427412799e-04 2.762603467019890117e-05 1.282626196048462439e-04 7.663157646482422368e-04
1.158248515483149154e-04 2.707807488073072093e-04 4.836347449547339386e-05 1.105181633043131040e-05 8.365598677528648009e-05 5.797979406885798255e-04 1.506864619205795319e-04 1.684683630047778351e-04 1.653622842169018108e-04 2.272431980683722972e-04
2.926529962015693865e-04 6.218006022140175207e-04 7.736153664426155757e-04 3.472985024101866492e-04 1.003161034175903718e-05 1.014628717906588537e-04 3.170066551823265714e-05 2.231370433070502897e-04 4.239704903175303056e-04 1.651515458072755826e-03
1.583875578454123356e-03 5.906836650966604539e-05 1.414795785424955051e-04 1.420611664859416717e-04 1.003908844626146175e-04 1.361488591779677886e-03 1.917602540798284865e-04 5.405709996156292000e-05 8.507610409642569517e-04 4.866997657356311496e-04
1.087501922747912027e-02 6.420001432367805454e-03 3.783993376897917642e-03 7.298476267080939751e-03 3.373875484338777122e-03 9.727903046338077023e-03 4.112679829590368784e-03 4.998931364337433347e-03 3.051713732477991190e-03 3.873354394290319980e-04
2.850760243721615759e-05 3.186414240939711368e-04 2.136792368616439227e-03 2.280485707488808054e-03 6.778282905457806880e-04 4.564830444073138586e-04 3.807074424570042886e-04 1.400451745983944090e-04 9.440653187230130510e-04 1.582009769192145414e-03
1.572430749107290616e-03 5.769193763661987964e-04 4.686196215633123014e-04 8.401247086822139680e-04 1.362731247665990039e-05 1.297030912147846419e-04 3.907020568357420461e-04 4.485613639157541295e-04 1.578503386640512447e-04 1.617793639840503896e-04
2.235768712326558047e-04 1.955955912228666031e-04 7.982031740373233045e-05 5.454751841428419432e-04 1.877657941297786756e-04 4.490055051481832535e-04 2.586167152860601782e-04 1.438512037669381584e-03 4.768659751754728525e-04 6.949573934626110784e-04
4.279003263200712717e-04 1.303569880845272238e-03 5.835483972708568130e-05 1.672124555597865605e-04 1.103280341396497844e-04 2.458508599405496899e-04 9.209818357949007064e-04 9.002230889515812524e-04 1.009577868051779112e-03 8.024387076791967546e-04
6.041054110421160110e-05 2.499334321388258970e-05 1.173763396284176972e-04 5.900365179226857739e-06 4.804006474728162693e-05 3.007094698860697480e-04 2.535446434148480089e-04 5.007412745533175490e-04 9.905474428228725967e-04 2.227077482970898675e-04
8.221174019836084582e-05 1.854600285306780402e-04 9.475162360114481772e-05 1.740370101518356379e-06 3.547218047520483736e-04 3.260317913790648282e-04 2.000812783346975318e-04 6.852736710126236357e-04 3.829458363622617687e-04 2.339628290033791210e-05
