1.500000000000000000e+04
1.502008032128514060e+04
1.504016064257028120e+04
1.506024096385542180e+04
1.508032128514056240e+04
1.510040160642570299e+04
1.512048192771084359e+04
1.514056224899598419e+04
1.516064257028112479e+04
1.518072289156626539e+04
1.520080321285140599e+04
1.522088353413654659e+04
1.524096385542168719e+04
1.526104417670682778e+04
1.528112449799196838e+04
1.530120481927710898e+04
1.532128514056224958e+04
1.534136546184739018e+04
1.536144578313253078e+04
1.538152610441767138e+04
1.540160642570281198e+04
1.542168674698795257e+04
1.544176706827309317e+04
1.546184738955823377e+04
1.548192771084337437e+04
1.550200803212851315e+04
1.552208835341365557e+04
1.554216867469879435e+04
1.556224899598393495e+04
1.558232931726907555e+04
1.560240963855421614e+04
1.562248995983935674e+04
1.564257028112449734e+04
1.566265060240963794e+04
1.568273092369477854e+04
1.570281124497991914e+04
1.572289156626505974e+04
1.574297188755020034e+04
1.576305220883534093e+04
1.578313253012048153e+04
1.580321285140562213e+04
1.582329317269076273e+04
1.584337349397590333e+04
1.586345381526104393e+04
1.588353413654618453e+04
1.590361445783132513e+04
1.592369477911646572e+04
1.594377510040160632e+04
1.596385542168674692e+04
1.598393574297188752e+04
1.600401606425702812e+04
1.602409638554216872e+04
1.604417670682730932e+04
1.606425702811244992e+04
1.608433734939759051e+04
1.610441767068273111e+04
1.612449799196787171e+04
1.614457831325301231e+04
1.616465863453815291e+04
1.618473895582329351e+04
1.620481927710843411e+04
1.622489959839357471e+04
1.624497991967871531e+04
1.626506024096385590e+04
1.628514056224899650e+04
1.630522088353413710e+04
1.632530120481927770e+04
1.634538152610441830e+04
1.636546184738955890e+04
1.638554216867469950e+04
1.640562248995983828e+04
1.642570281124498069e+04
1.644578313253011947e+04
1.646586345381526189e+04
1.648594377510040067e+04
1.650602409638554309e+04
1.652610441767068187e+04
1.654618473895582429e+04
1.656626506024096307e+04
1.658634538152610548e+04
1.660642570281124426e+04
1.662650602409638668e+04
1.664658634538152546e+04
1.666666666666666788e+04
1.668674698795180666e+04
1.670682730923694908e+04
1.672690763052208786e+04
1.674698795180723027e+04
1.676706827309236905e+04
1.678714859437751147e+04
1.680722891566265025e+04
1.682730923694779267e+04
1.684738955823293145e+04
1.686746987951807387e+04
1.688755020080321265e+04
1.690763052208835506e+04
1.692771084337349384e+04
1.694779116465863626e+04
1.696787148594377504e+04
1.698795180722891746e+04
1.700803212851405624e+04
1.702811244979919866e+04
1.704819277108433744e+04
1.706827309236947622e+04
1.708835341365461863e+04
1.710843373493976105e+04
1.712851405622489983e+04
1.714859437751003861e+04
1.716867469879518103e+04
1.718875502008031981e+04
1.720883534136546223e+04
1.722891566265060101e+04
1.724899598393574342e+04
1.726907630522088220e+04
1.728915662650602462e+04
1.730923694779116340e+04
1.732931726907630582e+04
1.734939759036144460e+04
1.736947791164658702e+04
1.738955823293172580e+04
1.740963855421686822e+04
1.742971887550200699e+04
1.744979919678714941e+04
1.746987951807228819e+04
1.748995983935743061e+04
1.751004016064256939e+04
1.753012048192771181e+04
1.755020080321285059e+04
1.757028112449799301e+04
1.759036144578313178e+04
1.761044176706827420e+04
1.763052208835341298e+04
1.765060240963855540e+04
1.767068273092369418e+04
1.769076305220883660e+04
1.771084337349397538e+04
1.773092369477911780e+04
1.775100401606425658e+04
1.777108433734939899e+04
1.779116465863453777e+04
1.781124497991968019e+04
1.783132530120481897e+04
1.785140562248996139e+04
1.787148594377510017e+04
1.789156626506024259e+04
1.791164658634538137e+04
1.793172690763052378e+04
1.795180722891566256e+04
1.797188755020080134e+04
1.799196787148594376e+04
1.801204819277108618e+04
1.803212851405622496e+04
1.805220883534136374e+04
1.807228915662650616e+04
1.809236947791164857e+04
1.811244979919678735e+04
1.813253012048192613e+04
1.815261044176706855e+04
1.817269076305221097e+04
1.819277108433734975e+04
1.821285140562248853e+04
1.823293172690763095e+04
1.825301204819276973e+04
1.827309236947791214e+04
1.829317269076305092e+04
1.831325301204819334e+04
1.833333333333333212e+04
1.835341365461847454e+04
1.837349397590361332e+04
1.839357429718875574e+04
1.841365461847389452e+04
1.843373493975903693e+04
1.845381526104417571e+04
1.847389558232931813e+04
1.849397590361445691e+04
1.851405622489959933e+04
1.853413654618473811e+04
1.855421686746988053e+04
1.857429718875501931e+04
1.859437751004016172e+04
1.861445783132530050e+04
1.863453815261044292e+04
1.865461847389558170e+04
1.867469879518072412e+04
1.869477911646586290e+04
1.871485943775100532e+04
1.873493975903614410e+04
1.875502008032128651e+04
1.877510040160642529e+04
1.879518072289156771e+04
1.881526104417670649e+04
1.883534136546184891e+04
1.885542168674698769e+04
1.887550200803213011e+04
1.889558232931726889e+04
1.891566265060241130e+04
1.893574297188755008e+04
1.895582329317269250e+04
1.897590361445783128e+04
1.899598393574297370e+04
1.901606425702811248e+04
1.903614457831325126e+04
1.905622489959839368e+04
1.907630522088353609e+04
1.909638554216867487e+04
1.911646586345381365e+04
1.913654618473895607e+04
1.915662650602409849e+04
1.917670682730923727e+04
1.919678714859437605e+04
1.921686746987951847e+04
1.923694779116466088e+04
1.925702811244979966e+04
1.927710843373493844e+04
1.929718875502008086e+04
1.931726907630522328e+04
1.933734939759036206e+04
1.935742971887550084e+04
1.937751004016064326e+04
1.939759036144578204e+04
1.941767068273092445e+04
1.943775100401606323e+04
1.945783132530120565e+04
1.947791164658634443e+04
1.949799196787148685e+04
1.951807228915662563e+04
1.953815261044176805e+04
1.955823293172690683e+04
1.957831325301204924e+04
1.959839357429718802e+04
1.961847389558233044e+04
1.963855421686746922e+04
1.965863453815261164e+04
1.967871485943775042e+04
1.969879518072289284e+04
1.971887550200803162e+04
1.973895582329317403e+04
1.975903614457831281e+04
1.977911646586345523e+04
1.979919678714859401e+04
1.981927710843373643e+04
1.983935742971887521e+04
1.985943775100401763e+04
1.987951807228915641e+04
1.989959839357429883e+04
1.991967871485943760e+04
1.993975903614457638e+04
1.995983935742971880e+04
1.997991967871486122e+04
2.000000000000000000e+04
