1.108108108108108114e+00
1.046511627906976827e+00
8.108108108108108558e-01
8.333333333333333703e-01
9.172794117647058432e-01
9.258411535820554317e-01
9.505857898715041054e-01
9.566847927995499878e-01
9.726725335803613204e-01
9.840087341853445135e-01
9.789167071225466366e-01
9.451261546946091441e-01
9.785893304690297390e-01
9.616397409437050792e-01
9.409687897189662475e-01
9.448074516891422636e-01
9.470951445411169844e-01
9.779323068189881285e-01
9.598217394331870489e-01
9.638994240764152677e-01
9.623839765510503463e-01
9.638250140213123762e-01
9.508471031165027787e-01
9.615118850193477007e-01
9.603652210002074918e-01
9.725501152476077049e-01
9.509083344889751599e-01
9.455510372872010239e-01
9.569839826537035465e-01
9.527045769764216354e-01
9.638655462184874123e-01
9.336637696903856698e-01
9.486684145163516435e-01
9.687632209843463071e-01
9.695160497295778335e-01
9.666945373467112912e-01
9.689922480620154488e-01
9.648718485927788580e-01
9.525340789933589569e-01
9.571749508565009501e-01
9.625824366539396104e-01
9.552279928364788564e-01
9.502808404410234555e-01
9.470313913830306074e-01
9.498031496062991907e-01
9.639414742389570412e-01
9.710633515943249972e-01
9.675732217573221883e-01
9.561228009658503391e-01
9.351653662915141441e-01
9.568983438431155619e-01
9.673179645768906765e-01
9.328306585500829584e-01
9.553571428571429047e-01
9.631250000000000089e-01
9.640882044102204729e-01
9.540638505506761069e-01
9.776087574637475353e-01
9.517647058823529571e-01
9.475655430711610316e-01
9.453675213675213351e-01
9.647402461923638706e-01
9.556721673686391361e-01
9.427710843373493521e-01
9.388719088635731902e-01
9.656824748079768650e-01
9.564102564102564541e-01
9.640818599470972750e-01
9.473942280750911049e-01
9.702339263202128805e-01
9.593316301871159801e-01
9.840598109747495936e-01
9.546257686055551472e-01
9.710329235551787841e-01
9.521901146031076513e-01
9.400054914881933454e-01
9.619697708434910011e-01
9.529297417384059443e-01
9.558084333984920855e-01
9.416581371545547086e-01
9.475289387953143017e-01
9.401014522965742692e-01
9.544049459041731298e-01
9.540686913004730041e-01
9.528668610301262998e-01
9.552154594823329958e-01
9.547731602342481860e-01
9.629890729643990621e-01
9.663700693617319759e-01
9.540300968872397203e-01
9.568550916567923892e-01
9.563400877376226905e-01
9.572133083281239019e-01
9.486535509976280478e-01
9.529411764705881804e-01
9.580184718723762094e-01
9.527244712144558036e-01
9.451903876609516475e-01
9.787940906199193991e-01
9.444676409185803756e-01
9.502068965517241894e-01
9.759094028826355016e-01
9.755463424917433235e-01
9.845703264518894660e-01
9.419686927090678008e-01
9.542980742394641114e-01
9.505957772977492448e-01
9.502278061576694412e-01
9.485091109884041805e-01
9.543894065718488973e-01
9.492298128065206342e-01
9.389999308389238575e-01
9.505061082024433006e-01
9.606884681583476304e-01
9.394023242944106178e-01
9.791905855338690623e-01
9.539731393396754244e-01
9.614787639339635872e-01
9.680858575160630197e-01
9.545137435468117326e-01
9.456634595417733324e-01
9.483616756532559089e-01
9.413766756963256599e-01
9.506345978542879438e-01
9.693451967190324092e-01
9.698467622343054373e-01
9.562718990889979009e-01
9.416672460543696888e-01
9.546096286884088178e-01
9.454165214360403802e-01
9.492456372105958495e-01
9.577874818049491035e-01
9.522007289038407762e-01
9.599915325994919924e-01
9.721368864756733119e-01
9.614467965792794502e-01
9.701206529453513250e-01
9.541284403669725300e-01
9.640811708972636396e-01
9.511751538891998203e-01
9.631549453628467372e-01
9.354771784232365217e-01
9.563027594523657582e-01
9.741111738148984234e-01
9.407211102587349494e-01
9.526970374510900230e-01
9.519742369084289724e-01
9.580724586704185697e-01
9.409984871406958939e-01
9.471747882826599962e-01
9.702376754355032107e-01
9.505600885078135942e-01
9.594727247230402378e-01
9.661579765437332545e-01
9.635190122070997898e-01
9.576793721973093643e-01
9.404926653750346199e-01
9.700711594809543481e-01
9.569771528998242127e-01
9.607581607581607841e-01
9.523215523215523559e-01
9.510812513121982281e-01
9.673225579761067783e-01
9.637645400070496970e-01
9.625698719309417895e-01
9.649135142736605664e-01
9.642756878158338374e-01
9.537917158121140826e-01
9.444833870741623505e-01
9.587051990366907139e-01
9.680565371024735244e-01
9.652846099789177403e-01
9.717034925160370484e-01
9.449079500792939568e-01
9.588147728078258991e-01
9.571658165047864930e-01
9.656221263351488782e-01
9.594122262643555166e-01
9.586616894787778342e-01
9.573765887227020377e-01
9.595580571190327479e-01
9.514488715519643369e-01
9.608427324962758309e-01
9.784347329334476262e-01
9.641144952058657847e-01
9.641890929802079402e-01
9.591420534458509062e-01
9.490347490347490478e-01
9.427574171029667882e-01
9.659284497444633466e-01
9.685218007798652717e-01
9.592149220489977202e-01
9.574304487627568472e-01
9.705779088547152877e-01
9.431158418578933222e-01
9.642154105736783221e-01
9.497611017425520163e-01
9.551719337324238168e-01
9.650569571598295315e-01
9.562448075325394869e-01
9.608174770965468570e-01
9.658943732911210445e-01
9.672142806343787536e-01
9.650974597143058276e-01
9.624086565486228428e-01
9.436649361582714057e-01
9.604443815454287714e-01
9.495055754260467440e-01
9.669073827385542552e-01
9.444830461367426100e-01
9.438635885201038800e-01
9.505671474583391456e-01
9.705882352941176405e-01
9.641640647175702128e-01
9.447062961660217528e-01
9.626812624395791884e-01
9.687191074706962279e-01
9.470138888888889328e-01
9.403692438282521548e-01
9.381797768577643248e-01
9.542715349166962513e-01
9.601532567049808620e-01
9.523445109224989436e-01
9.496754379842256011e-01
9.542214145932345071e-01
9.575598696329885584e-01
9.346350339421932718e-01
9.776676719804682225e-01
9.636972912594247154e-01
9.548477423871193359e-01
9.393770468956866848e-01
9.525521714608009560e-01
9.566771518444381339e-01
9.780667285846966763e-01
9.654781314241156487e-01
9.710113960113959664e-01
9.496195039458850129e-01
9.585714285714285188e-01
9.538243626062322678e-01
9.727587914809311398e-01
9.656125921724333372e-01
9.767890301385516727e-01
9.437253798536859861e-01
9.436114044350580876e-01
9.396807458680604963e-01
9.499160177126279025e-01
9.572501943172985195e-01
9.527215420050915151e-01
9.516583568176891772e-01
9.816360601001669073e-01
