2.312212816668908669e-06 1.981346678163246913e-05 2.933372392557001199e-06 8.802368045022416742e-07 2.653184832331080506e-06 5.785184161925409135e-05 7.432265407212444712e-06 3.695871641514305098e-05 9.610037821865733928e-06 5.258545918700053723e-08
3.364828423501918585e-04 1.646677955164118463e-04 2.709607128478432481e-04 2.362109429888331407e-04 8.818486768965947694e-06 2.690110368216720575e-04 7.066001974969645738e-05 6.029430347103498190e-04 5.753554960392023854e-04 1.054784437940861326e-03
6.919005503484445911e-05 1.909411384064544292e-04 4.347154340541989023e-04 2.071758581518599781e-05 4.408307771865458790e-04 1.301437279697616916e-04 1.919202675470482017e-04 2.697372758143696983e-04 4.690220712049957127e-04 5.850566555074518843e-05
7.074792424944387073e-05 4.367472936317427518e-04 2.735134827484659529e-04 1.338189551801186061e-04 3.532695900981870250e-04 1.036201141676665186e-04 3.391465426106235557e-04 1.297675842908490272e-04 6.084662411751947221e-04 9.672888783381687573e-04
3.084411997077208568e-04 8.381955593169052032e-04 4.008695171705930669e-04 2.263727710344015751e-04 2.230992619114440976e-04 3.993401308689811607e-04 5.737033587201589976e-04 1.168681776003050420e-03 1.237245662276015051e-04 9.802819216918406628e-05
4.678737312015750888e-04 3.442825207351802718e-05 3.921140062514843496e-04 9.263701978214565176e-04 2.147959314622549420e-05 2.294554887963495783e-04 2.302238713297055390e-04 1.854577934525756253e-04 2.793915892332013299e-04 2.875761501375280059e-04
2.900992662666078718e-04 7.033218443818902788e-04 6.796255968844362987e-04 1.100159549708644782e-03 6.904277155271970308e-04 1.230926060758088636e-04 4.610226458073363783e-04 3.196182848235964183e-05 1.110247583085196632e-03 2.664426329157643753e-04
9.644418895981083035e-04 1.824515191915458646e-03 1.691648938315655883e-03 1.691809926574518348e-03 1.121768866543904107e-03 4.663104483974307842e-04 8.578199101768653077e-04 8.208454617429550206e-04 2.697748638294797174e-05 3.696656951979197174e-04
9.584469608352265456e-04 2.862880176347846312e-04 8.853027196500151187e-05 2.087189304561392093e-04 2.790839979655965924e-05 5.653225020695221799e-04 8.342620771316931793e-04 2.030679334467957423e-04 9.499693717126256028e-05 9.301227463356385235e-05
7.886374139692089742e-04 8.493493391470487174e-05 2.047295680092645260e-04 2.096304392335161056e-04 5.543637697984718249e-05 6.293938833497051332e-04 2.101099638665361905e-04 4.263264320855887006e-04 6.566551256246344951e-05 9.551519839929629605e-05
6.266510269479072450e-05 1.469839670277126790e-04 2.179656210982018995e-04 1.307667200688768000e-04 2.079717664857253857e-04 2.276851695253991027e-04 3.135712638241259674e-04 1.624114176074857292e-04 1.278477980177529505e-04 1.001352004265744961e-04
5.218984411421443760e-05 1.611611304467340395e-05 6.044201468767130116e-05 4.520740404209487557e-05 9.709781981740353411e-05 1.343800865157063261e-05 1.143922165900961171e-04 7.040350093771537750e-04 3.235225490480182287e-04 1.047796999741007137e-03
2.068119724640565967e-04 3.158803048065574265e-04 2.349658920523668812e-04 1.884192438555803680e-04 2.196333406215899439e-05 1.259572399870534337e-05 2.673951674047819554e-04 5.714030765643391286e-04 2.895173533877899439e-05 1.085697823924581905e-04
