7.793450881376418922e-06 2.719599158799735698e-05 3.123145707667126010e-07 1.941711063050825429e-05 1.124106411271979784e-04 5.281221781895536238e-06 4.485799550323096227e-06 5.738580740251731571e-10 4.775888646576050998e-06 1.635308484324251606e-05
1.363080188783135921e-05 1.334928886588545671e-04 1.637968703741498569e-04 3.663267520922506627e-04 8.993554293811247425e-04 5.947600913171599470e-04 1.252906150651885743e-04 3.705304799460256083e-05 3.959138965406612114e-05 6.236125557558815872e-04
3.482167859369389575e-05 1.393048148814240094e-04 9.283781614134064522e-05 4.003568903738394767e-04 4.264943885527243644e-04 1.328761608722293843e-03 1.635870199591217349e-04 2.991856806922694664e-05 3.244967332692444959e-04 3.025278103916657999e-04
9.374303473255775343e-04 5.847070280779876863e-05 1.837297816498664304e-04 8.843716339342394734e-05 7.591412796871694084e-05 1.378479881201143670e-05 2.080221933505531330e-04 2.841493836927659069e-04 5.385113098767640950e-04 7.091402947379713646e-04
3.280927168246901976e-04 1.122416629240787660e-06 4.060569907115194033e-05 2.453247734787061579e-04 4.002550826644713194e-04 4.213274940617309119e-04 4.961602549949375388e-04 9.137353889028042937e-05 1.633722960727600117e-04 1.500599455426063916e-04
3.705886661081669799e-04 5.913123887147374877e-05 1.994481278137098573e-04 5.362199723644262787e-04 5.767796600571711938e-05 1.827636140304716896e-04 9.583634261651791542e-04 3.968953746982134025e-04 1.149263277053891552e-04 5.632737026174051607e-05
6.365189763387774102e-05 2.739960151990726155e-04 7.165689248008924150e-05 4.195401629067780990e-05 3.444921482303290607e-04 4.827693264375593012e-04 4.624877733917642103e-05 6.558129776936711145e-04 2.511079801357601307e-04 3.237192114938745191e-05
8.182567155433439576e-05 1.160671405024506610e-03 1.754223471861025960e-04 9.358989582879164164e-05 1.098575308728526973e-03 2.813904435894686658e-04 3.757676660055147308e-04 3.033937520487742755e-04 7.665797473715249641e-07 3.148013299725911586e-04
4.068837339719101327e-04 6.311236727939564329e-04 1.134637135568323358e-05 1.984895699503149335e-04 1.903725762214215293e-04 6.566875244821135382e-04 4.996910319341939201e-04 2.565451928075491327e-06 7.239068482774280817e-04 3.183056767281980788e-05
3.875163869185523812e-06 5.987787153552466156e-04 3.115824109469393459e-05 1.533140097162455113e-04 2.621266492090371732e-04 2.991972517532645722e-04 2.163441165178588794e-04 5.058543781862392952e-04 8.483522016919893072e-04 2.216508930713310873e-06
7.208998799222054088e-05 1.379822769387196047e-04 4.031438171744959435e-04 4.663507667378972185e-04 4.214967364144305657e-04 1.419660743334916621e-04 3.908662391315810948e-04 3.875842642093111484e-05 3.544195439932694533e-05 1.505218957575980919e-04
3.037651935212929604e-04 1.878167408653283878e-04 1.531999205379786495e-05 3.070885315902264394e-04 4.127133147225050462e-04 5.264997692782027051e-04 9.192674664893014849e-04 2.666732639318747139e-04 6.453594100000969959e-04 6.511034530547962242e-06
2.763722774174699836e-06 1.164527770357946378e-04 4.981400839801692791e-04 1.934153770176966886e-04 3.784887170701911065e-04 4.391016654062925213e-04 2.997130995489061820e-04 1.339405303230537496e-06 7.501941976151784331e-05 6.086512924224455218e-05
