0.000000000000000000e+00
5.607296396268693177e-08
1.121459279253738635e-07
1.682188918880607953e-07
2.242918558507477271e-07
2.803648198134346589e-07
3.364377837761215906e-07
3.925107477388085224e-07
4.485837117014954542e-07
5.046566756641823330e-07
5.607296396268693177e-07
6.168026035895563025e-07
6.728755675522431813e-07
7.289485315149300601e-07
7.850214954776170448e-07
8.410944594403040296e-07
8.971674234029909084e-07
9.532403873656777872e-07
1.009313351328364666e-06
1.065386315291051757e-06
1.121459279253738635e-06
1.177532243216425514e-06
1.233605207179112605e-06
1.289678171141799484e-06
1.345751135104486363e-06
1.401824099067173241e-06
1.457897063029860120e-06
1.513970026992547211e-06
1.570042990955234090e-06
1.626115954917920969e-06
1.682188918880608059e-06
1.738261882843294938e-06
1.794334846805981817e-06
1.850407810768668696e-06
1.906480774731355574e-06
1.962553738694042453e-06
2.018626702656729332e-06
2.074699666619416634e-06
2.130772630582103513e-06
2.186845594544790392e-06
2.242918558507477271e-06
2.298991522470164150e-06
2.355064486432851029e-06
2.411137450395537907e-06
2.467210414358225210e-06
2.523283378320912089e-06
2.579356342283598968e-06
2.635429306246285846e-06
2.691502270208972725e-06
2.747575234171659604e-06
2.803648198134346483e-06
2.859721162097033362e-06
2.915794126059720241e-06
2.971867090022407543e-06
3.027940053985094422e-06
3.084013017947781301e-06
3.140085981910468179e-06
3.196158945873155058e-06
3.252231909835841937e-06
3.308304873798528816e-06
3.364377837761216118e-06
3.420450801723902997e-06
3.476523765686589876e-06
3.532596729649276755e-06
3.588669693611963634e-06
3.644742657574650512e-06
3.700815621537337391e-06
3.756888585500024270e-06
3.812961549462711149e-06
3.869034513425398451e-06
3.925107477388084907e-06
3.981180441350772209e-06
4.037253405313458664e-06
4.093326369276145967e-06
4.149399333238833269e-06
4.205472297201519724e-06
4.261545261164207027e-06
4.317618225126893482e-06
4.373691189089580784e-06
4.429764153052267240e-06
4.485837117014954542e-06
4.541910080977641844e-06
4.597983044940328300e-06
4.654056008903015602e-06
4.710128972865702057e-06
4.766201936828389360e-06
4.822274900791075815e-06
4.878347864753763117e-06
4.934420828716450420e-06
4.990493792679136875e-06
5.046566756641824177e-06
5.102639720604510633e-06
5.158712684567197935e-06
5.214785648529884390e-06
5.270858612492571693e-06
5.326931576455258148e-06
5.383004540417945450e-06
5.439077504380632753e-06
5.495150468343319208e-06
5.551223432306006510e-06
5.607296396268692966e-06
5.663369360231380268e-06
5.719442324194066723e-06
5.775515288156754026e-06
5.831588252119440481e-06
5.887661216082127783e-06
5.943734180044815086e-06
5.999807144007501541e-06
6.055880107970188843e-06
6.111953071932875299e-06
6.168026035895562601e-06
6.224098999858249056e-06
6.280171963820936359e-06
6.336244927783623661e-06
6.392317891746310116e-06
6.448390855708997419e-06
6.504463819671683874e-06
6.560536783634371176e-06
6.616609747597057632e-06
6.672682711559744934e-06
6.728755675522432236e-06
6.784828639485118692e-06
6.840901603447805994e-06
6.896974567410492449e-06
6.953047531373179752e-06
7.009120495335866207e-06
7.065193459298553509e-06
7.121266423261239965e-06
7.177339387223927267e-06
7.233412351186614570e-06
7.289485315149301025e-06
7.345558279111988327e-06
7.401631243074674782e-06
7.457704207037362085e-06
7.513777171000048540e-06
7.569850134962735843e-06
7.625923098925422298e-06
7.681996062888109600e-06
7.738069026850796903e-06
7.794141990813484205e-06
7.850214954776169813e-06
7.906287918738857116e-06
7.962360882701544418e-06
8.018433846664231720e-06
8.074506810626917329e-06
8.130579774589604631e-06
8.186652738552291933e-06
8.242725702514979236e-06
8.298798666477666538e-06
8.354871630440352146e-06
8.410944594403039449e-06
8.467017558365726751e-06
8.523090522328414053e-06
8.579163486291101356e-06
8.635236450253786964e-06
8.691309414216474266e-06
8.747382378179161569e-06
8.803455342141848871e-06
8.859528306104534479e-06
8.915601270067221782e-06
8.971674234029909084e-06
9.027747197992596386e-06
9.083820161955283689e-06
9.139893125917969297e-06
9.195966089880656599e-06
9.252039053843343902e-06
9.308112017806031204e-06
9.364184981768716812e-06
9.420257945731404115e-06
9.476330909694091417e-06
9.532403873656778719e-06
9.588476837619466022e-06
9.644549801582151630e-06
9.700622765544838932e-06
9.756695729507526235e-06
9.812768693470213537e-06
9.868841657432900839e-06
9.924914621395586448e-06
9.980987585358273750e-06
1.003706054932096105e-05
1.009313351328364835e-05
1.014920647724633396e-05
1.020527944120902127e-05
1.026135240517170857e-05
1.031742536913439587e-05
1.037349833309708317e-05
1.042957129705976878e-05
1.048564426102245608e-05
1.054171722498514339e-05
1.059779018894783069e-05
1.065386315291051630e-05
1.070993611687320360e-05
1.076600908083589090e-05
1.082208204479857820e-05
1.087815500876126551e-05
1.093422797272395111e-05
1.099030093668663842e-05
1.104637390064932572e-05
1.110244686461201302e-05
1.115851982857469863e-05
1.121459279253738593e-05
1.127066575650007323e-05
1.132673872046276054e-05
1.138281168442544784e-05
1.143888464838813345e-05
1.149495761235082075e-05
1.155103057631350805e-05
1.160710354027619535e-05
1.166317650423888096e-05
1.171924946820156826e-05
1.177532243216425557e-05
1.183139539612694287e-05
1.188746836008963017e-05
1.194354132405231578e-05
1.199961428801500308e-05
1.205568725197769038e-05
1.211176021594037769e-05
1.216783317990306499e-05
1.222390614386575060e-05
1.227997910782843790e-05
1.233605207179112520e-05
1.239212503575381250e-05
1.244819799971649811e-05
1.250427096367918542e-05
1.256034392764187272e-05
1.261641689160456002e-05
1.267248985556724732e-05
1.272856281952993293e-05
1.278463578349262023e-05
1.284070874745530754e-05
1.289678171141799484e-05
1.295285467538068045e-05
1.300892763934336775e-05
1.306500060330605505e-05
1.312107356726874235e-05
1.317714653123142966e-05
1.323321949519411526e-05
1.328929245915680257e-05
1.334536542311948987e-05
1.340143838708217717e-05
1.345751135104486447e-05
1.351358431500755008e-05
1.356965727897023738e-05
1.362573024293292469e-05
1.368180320689561199e-05
1.373787617085829760e-05
1.379394913482098490e-05
1.385002209878367220e-05
1.390609506274635950e-05
1.396216802670904681e-05
1.401824099067173241e-05
1.407431395463441972e-05
1.413038691859710702e-05
1.418645988255979432e-05
1.424253284652247993e-05
1.429860581048516723e-05
1.435467877444785453e-05
1.441075173841054184e-05
1.446682470237322914e-05
1.452289766633591475e-05
1.457897063029860205e-05
1.463504359426128935e-05
1.469111655822397665e-05
1.474718952218666226e-05
1.480326248614934956e-05
1.485933545011203687e-05
1.491540841407472417e-05
1.497148137803741147e-05
1.502755434200009708e-05
1.508362730596278438e-05
1.513970026992547169e-05
1.519577323388815899e-05
1.525184619785084460e-05
1.530791916181353359e-05
1.536399212577621920e-05
1.542006508973890481e-05
1.547613805370159381e-05
1.553221101766427941e-05
1.558828398162696841e-05
1.564435694558965402e-05
1.570042990955233963e-05
1.575650287351502862e-05
1.581257583747771423e-05
1.586864880144040323e-05
1.592472176540308884e-05
1.598079472936577444e-05
1.603686769332846344e-05
1.609294065729114905e-05
1.614901362125383466e-05
1.620508658521652365e-05
1.626115954917920926e-05
1.631723251314189826e-05
1.637330547710458387e-05
1.642937844106726947e-05
1.648545140502995847e-05
1.654152436899264408e-05
1.659759733295533308e-05
1.665367029691801868e-05
1.670974326088070429e-05
1.676581622484339329e-05
1.682188918880607890e-05
1.687796215276876789e-05
1.693403511673145350e-05
1.699010808069413911e-05
1.704618104465682811e-05
1.710225400861951371e-05
1.715832697258220271e-05
1.721439993654488832e-05
1.727047290050757393e-05
1.732654586447026292e-05
1.738261882843294853e-05
1.743869179239563414e-05
1.749476475635832314e-05
1.755083772032100875e-05
1.760691068428369774e-05
1.766298364824638335e-05
1.771905661220906896e-05
1.777512957617175795e-05
1.783120254013444356e-05
1.788727550409713256e-05
1.794334846805981817e-05
1.799942143202250378e-05
1.805549439598519277e-05
1.811156735994787838e-05
1.816764032391056738e-05
1.822371328787325299e-05
1.827978625183593859e-05
1.833585921579862759e-05
1.839193217976131320e-05
1.844800514372400219e-05
1.850407810768668780e-05
1.856015107164937341e-05
1.861622403561206241e-05
1.867229699957474802e-05
1.872836996353743362e-05
1.878444292750012262e-05
1.884051589146280823e-05
1.889658885542549723e-05
1.895266181938818283e-05
1.900873478335086844e-05
1.906480774731355744e-05
1.912088071127624305e-05
1.917695367523893204e-05
1.923302663920161765e-05
1.928909960316430326e-05
1.934517256712699226e-05
1.940124553108967786e-05
1.945731849505236686e-05
1.951339145901505247e-05
1.956946442297773808e-05
1.962553738694042707e-05
1.968161035090311268e-05
1.973768331486580168e-05
1.979375627882848729e-05
1.984982924279117290e-05
1.990590220675386189e-05
1.996197517071654750e-05
2.001804813467923311e-05
2.007412109864192210e-05
2.013019406260460771e-05
2.018626702656729671e-05
2.024233999052998232e-05
2.029841295449266793e-05
2.035448591845535692e-05
2.041055888241804253e-05
2.046663184638073153e-05
2.052270481034341714e-05
2.057877777430610274e-05
2.063485073826879174e-05
2.069092370223147735e-05
2.074699666619416634e-05
2.080306963015685195e-05
2.085914259411953756e-05
2.091521555808222656e-05
2.097128852204491217e-05
2.102736148600759777e-05
2.108343444997028677e-05
2.113950741393297238e-05
2.119558037789566138e-05
2.125165334185834698e-05
2.130772630582103259e-05
2.136379926978372159e-05
2.141987223374640720e-05
2.147594519770909619e-05
2.153201816167178180e-05
2.158809112563446741e-05
2.164416408959715641e-05
2.170023705355984201e-05
2.175631001752253101e-05
2.181238298148521662e-05
2.186845594544790223e-05
2.192452890941059122e-05
2.198060187337327683e-05
2.203667483733596583e-05
2.209274780129865144e-05
2.214882076526133705e-05
2.220489372922402604e-05
2.226096669318671165e-05
2.231703965714939726e-05
2.237311262111208625e-05
2.242918558507477186e-05
2.248525854903746086e-05
2.254133151300014647e-05
2.259740447696283208e-05
2.265347744092552107e-05
2.270955040488820668e-05
2.276562336885089568e-05
2.282169633281358129e-05
2.287776929677626689e-05
2.293384226073895589e-05
2.298991522470164150e-05
2.304598818866433049e-05
2.310206115262701610e-05
2.315813411658970171e-05
2.321420708055239071e-05
2.327028004451507632e-05
2.332635300847776192e-05
2.338242597244045092e-05
2.343849893640313653e-05
2.349457190036582553e-05
2.355064486432851113e-05
2.360671782829119674e-05
2.366279079225388574e-05
2.371886375621657135e-05
2.377493672017926034e-05
2.383100968414194595e-05
2.388708264810463156e-05
2.394315561206732056e-05
2.399922857603000616e-05
2.405530153999269516e-05
2.411137450395538077e-05
2.416744746791806638e-05
2.422352043188075537e-05
2.427959339584344098e-05
2.433566635980612998e-05
2.439173932376881559e-05
2.444781228773150119e-05
2.450388525169419019e-05
2.455995821565687580e-05
2.461603117961956141e-05
2.467210414358225040e-05
2.472817710754493601e-05
2.478425007150762501e-05
2.484032303547031062e-05
2.489639599943299623e-05
2.495246896339568522e-05
2.500854192735837083e-05
2.506461489132105983e-05
2.512068785528374544e-05
2.517676081924643104e-05
2.523283378320912004e-05
2.528890674717180565e-05
2.534497971113449464e-05
2.540105267509718025e-05
2.545712563905986586e-05
2.551319860302255486e-05
2.556927156698524047e-05
2.562534453094792946e-05
2.568141749491061507e-05
2.573749045887330068e-05
2.579356342283598968e-05
2.584963638679867528e-05
2.590570935076136089e-05
2.596178231472404989e-05
2.601785527868673550e-05
2.607392824264942449e-05
2.613000120661211010e-05
2.618607417057479571e-05
2.624214713453748471e-05
2.629822009850017031e-05
2.635429306246285931e-05
2.641036602642554492e-05
2.646643899038823053e-05
2.652251195435091952e-05
2.657858491831360513e-05
2.663465788227629413e-05
2.669073084623897974e-05
2.674680381020166534e-05
2.680287677416435434e-05
2.685894973812703995e-05
2.691502270208972895e-05
2.697109566605241455e-05
2.702716863001510016e-05
2.708324159397778916e-05
2.713931455794047477e-05
2.719538752190316038e-05
2.725146048586584937e-05
2.730753344982853498e-05
2.736360641379122398e-05
2.741967937775390958e-05
2.747575234171659519e-05
2.753182530567928419e-05
2.758789826964196980e-05
2.764397123360465879e-05
2.770004419756734440e-05
2.775611716153003001e-05
2.781219012549271901e-05
2.786826308945540462e-05
2.792433605341809361e-05
2.798040901738077922e-05
2.803648198134346483e-05
2.809255494530615382e-05
2.814862790926883943e-05
2.820470087323152504e-05
2.826077383719421404e-05
2.831684680115689965e-05
2.837291976511958864e-05
2.842899272908227425e-05
2.848506569304495986e-05
2.854113865700764886e-05
2.859721162097033446e-05
2.865328458493302346e-05
2.870935754889570907e-05
2.876543051285839468e-05
2.882150347682108367e-05
2.887757644078376928e-05
2.893364940474645828e-05
2.898972236870914389e-05
2.904579533267182949e-05
2.910186829663451849e-05
2.915794126059720410e-05
2.921401422455989310e-05
2.927008718852257870e-05
2.932616015248526431e-05
2.938223311644795331e-05
2.943830608041063892e-05
2.949437904437332453e-05
2.955045200833601352e-05
2.960652497229869913e-05
2.966259793626138813e-05
2.971867090022407373e-05
2.977474386418675934e-05
2.983081682814944834e-05
2.988688979211213395e-05
2.994296275607482294e-05
2.999903572003750855e-05
3.005510868400019416e-05
3.011118164796288316e-05
3.016725461192556877e-05
3.022332757588825776e-05
3.027940053985094337e-05
3.033547350381362898e-05
3.039154646777631797e-05
3.044761943173900358e-05
3.050369239570168919e-05
3.055976535966437480e-05
3.061583832362706718e-05
3.067191128758975279e-05
3.072798425155243840e-05
3.078405721551512401e-05
3.084013017947780962e-05
3.089620314344050200e-05
3.095227610740318761e-05
3.100834907136587322e-05
3.106442203532855883e-05
3.112049499929124444e-05
3.117656796325393682e-05
3.123264092721662243e-05
3.128871389117930804e-05
3.134478685514199364e-05
3.140085981910467925e-05
3.145693278306737164e-05
3.151300574703005725e-05
3.156907871099274285e-05
3.162515167495542846e-05
3.168122463891811407e-05
3.173729760288080645e-05
3.179337056684349206e-05
3.184944353080617767e-05
3.190551649476886328e-05
3.196158945873154889e-05
3.201766242269424127e-05
3.207373538665692688e-05
3.212980835061961249e-05
3.218588131458229810e-05
3.224195427854498371e-05
3.229802724250766931e-05
3.235410020647036170e-05
3.241017317043304731e-05
3.246624613439573292e-05
3.252231909835841852e-05
3.257839206232110413e-05
3.263446502628379652e-05
3.269053799024648212e-05
3.274661095420916773e-05
3.280268391817185334e-05
3.285875688213453895e-05
3.291482984609723133e-05
3.297090281005991694e-05
3.302697577402260255e-05
3.308304873798528816e-05
3.313912170194797377e-05
3.319519466591066615e-05
3.325126762987335176e-05
3.330734059383603737e-05
3.336341355779872298e-05
3.341948652176140858e-05
3.347555948572410097e-05
3.353163244968678658e-05
3.358770541364947219e-05
3.364377837761215779e-05
3.369985134157484340e-05
3.375592430553753579e-05
3.381199726950022140e-05
3.386807023346290700e-05
3.392414319742559261e-05
3.398021616138827822e-05
3.403628912535097060e-05
3.409236208931365621e-05
3.414843505327634182e-05
3.420450801723902743e-05
3.426058098120171304e-05
3.431665394516440542e-05
3.437272690912709103e-05
3.442879987308977664e-05
3.448487283705246225e-05
3.454094580101514786e-05
3.459701876497784024e-05
3.465309172894052585e-05
3.470916469290321146e-05
3.476523765686589707e-05
3.482131062082858267e-05
3.487738358479126828e-05
3.493345654875396067e-05
3.498952951271664627e-05
3.504560247667933188e-05
3.510167544064201749e-05
3.515774840460470310e-05
3.521382136856739548e-05
3.526989433253008109e-05
3.532596729649276670e-05
3.538204026045545231e-05
3.543811322441813792e-05
3.549418618838083030e-05
3.555025915234351591e-05
3.560633211630620152e-05
3.566240508026888713e-05
3.571847804423157273e-05
3.577455100819426512e-05
3.583062397215695073e-05
3.588669693611963634e-05
3.594276990008232194e-05
3.599884286404500755e-05
3.605491582800769994e-05
3.611098879197038555e-05
3.616706175593307115e-05
3.622313471989575676e-05
3.627920768385844237e-05
3.633528064782113475e-05
3.639135361178382036e-05
3.644742657574650597e-05
3.650349953970919158e-05
3.655957250367187719e-05
3.661564546763456957e-05
3.667171843159725518e-05
3.672779139555994079e-05
3.678386435952262640e-05
3.683993732348531201e-05
3.689601028744800439e-05
3.695208325141069000e-05
3.700815621537337561e-05
3.706422917933606121e-05
3.712030214329874682e-05
3.717637510726143243e-05
3.723244807122412482e-05
3.728852103518681042e-05
3.734459399914949603e-05
3.740066696311218164e-05
3.745673992707486725e-05
3.751281289103755963e-05
3.756888585500024524e-05
3.762495881896293085e-05
3.768103178292561646e-05
3.773710474688830207e-05
3.779317771085099445e-05
3.784925067481368006e-05
3.790532363877636567e-05
3.796139660273905128e-05
3.801746956670173688e-05
3.807354253066442927e-05
3.812961549462711488e-05
3.818568845858980049e-05
3.824176142255248609e-05
3.829783438651517170e-05
3.835390735047786409e-05
3.840998031444054970e-05
3.846605327840323530e-05
3.852212624236592091e-05
3.857819920632860652e-05
3.863427217029129890e-05
3.869034513425398451e-05
3.874641809821667012e-05
3.880249106217935573e-05
3.885856402614204134e-05
3.891463699010473372e-05
3.897070995406741933e-05
3.902678291803010494e-05
3.908285588199279055e-05
3.913892884595547616e-05
3.919500180991816854e-05
3.925107477388085415e-05
3.930714773784353976e-05
3.936322070180622536e-05
3.941929366576891097e-05
3.947536662973160336e-05
3.953143959369428897e-05
3.958751255765697457e-05
3.964358552161966018e-05
3.969965848558234579e-05
3.975573144954503140e-05
3.981180441350772378e-05
3.986787737747040939e-05
3.992395034143309500e-05
3.998002330539578061e-05
4.003609626935846622e-05
4.009216923332115860e-05
4.014824219728384421e-05
4.020431516124652982e-05
4.026038812520921543e-05
4.031646108917190103e-05
4.037253405313459342e-05
4.042860701709727903e-05
4.048467998105996464e-05
4.054075294502265024e-05
4.059682590898533585e-05
4.065289887294802824e-05
4.070897183691071384e-05
4.076504480087339945e-05
4.082111776483608506e-05
4.087719072879877067e-05
4.093326369276146305e-05
4.098933665672414866e-05
4.104540962068683427e-05
4.110148258464951988e-05
4.115755554861220549e-05
4.121362851257489787e-05
4.126970147653758348e-05
4.132577444050026909e-05
4.138184740446295470e-05
4.143792036842564031e-05
4.149399333238833269e-05
4.155006629635101830e-05
4.160613926031370391e-05
4.166221222427638951e-05
4.171828518823907512e-05
4.177435815220176751e-05
4.183043111616445312e-05
4.188650408012713872e-05
4.194257704408982433e-05
4.199865000805250994e-05
4.205472297201519555e-05
4.211079593597788793e-05
4.216686889994057354e-05
4.222294186390325915e-05
4.227901482786594476e-05
4.233508779182863037e-05
4.239116075579132275e-05
4.244723371975400836e-05
4.250330668371669397e-05
4.255937964767937958e-05
4.261545261164206518e-05
4.267152557560475757e-05
4.272759853956744318e-05
4.278367150353012879e-05
4.283974446749281439e-05
4.289581743145550000e-05
4.295189039541819239e-05
4.300796335938087799e-05
4.306403632334356360e-05
4.312010928730624921e-05
4.317618225126893482e-05
4.323225521523162720e-05
4.328832817919431281e-05
4.334440114315699842e-05
4.340047410711968403e-05
4.345654707108236964e-05
4.351262003504506202e-05
4.356869299900774763e-05
4.362476596297043324e-05
4.368083892693311885e-05
4.373691189089580445e-05
4.379298485485849684e-05
4.384905781882118245e-05
4.390513078278386806e-05
4.396120374674655366e-05
4.401727671070923927e-05
4.407334967467193166e-05
4.412942263863461727e-05
4.418549560259730287e-05
4.424156856655998848e-05
4.429764153052267409e-05
4.435371449448535970e-05
4.440978745844805208e-05
4.446586042241073769e-05
4.452193338637342330e-05
4.457800635033610891e-05
4.463407931429879452e-05
4.469015227826148690e-05
4.474622524222417251e-05
4.480229820618685812e-05
4.485837117014954373e-05
4.491444413411222933e-05
4.497051709807492172e-05
4.502659006203760733e-05
4.508266302600029294e-05
4.513873598996297854e-05
4.519480895392566415e-05
4.525088191788835654e-05
4.530695488185104214e-05
4.536302784581372775e-05
4.541910080977641336e-05
4.547517377373909897e-05
4.553124673770179135e-05
4.558731970166447696e-05
4.564339266562716257e-05
4.569946562958984818e-05
4.575553859355253379e-05
4.581161155751522617e-05
4.586768452147791178e-05
4.592375748544059739e-05
4.597983044940328300e-05
4.603590341336596860e-05
4.609197637732866099e-05
4.614804934129134660e-05
4.620412230525403221e-05
4.626019526921671781e-05
4.631626823317940342e-05
4.637234119714209581e-05
4.642841416110478142e-05
4.648448712506746702e-05
4.654056008903015263e-05
4.659663305299283824e-05
4.665270601695552385e-05
4.670877898091821623e-05
4.676485194488090184e-05
4.682092490884358745e-05
4.687699787280627306e-05
4.693307083676895867e-05
4.698914380073165105e-05
4.704521676469433666e-05
4.710128972865702227e-05
4.715736269261970788e-05
4.721343565658239348e-05
4.726950862054508587e-05
4.732558158450777148e-05
4.738165454847045708e-05
4.743772751243314269e-05
4.749380047639582830e-05
4.754987344035852069e-05
4.760594640432120629e-05
4.766201936828389190e-05
4.771809233224657751e-05
4.777416529620926312e-05
4.783023826017195550e-05
4.788631122413464111e-05
4.794238418809732672e-05
4.799845715206001233e-05
4.805453011602269794e-05
4.811060307998539032e-05
4.816667604394807593e-05
4.822274900791076154e-05
4.827882197187344715e-05
4.833489493583613275e-05
4.839096789979882514e-05
4.844704086376151075e-05
4.850311382772419636e-05
4.855918679168688196e-05
4.861525975564956757e-05
4.867133271961225996e-05
4.872740568357494557e-05
4.878347864753763117e-05
4.883955161150031678e-05
4.889562457546300239e-05
4.895169753942569477e-05
4.900777050338838038e-05
4.906384346735106599e-05
4.911991643131375160e-05
4.917598939527643721e-05
4.923206235923912282e-05
4.928813532320181520e-05
4.934420828716450081e-05
4.940028125112718642e-05
4.945635421508987203e-05
4.951242717905255763e-05
4.956850014301525002e-05
4.962457310697793563e-05
4.968064607094062123e-05
4.973671903490330684e-05
4.979279199886599245e-05
4.984886496282868484e-05
4.990493792679137044e-05
4.996101089075405605e-05
5.001708385471674166e-05
5.007315681867942727e-05
5.012922978264211965e-05
5.018530274660480526e-05
5.024137571056749087e-05
5.029744867453017648e-05
5.035352163849286209e-05
5.040959460245555447e-05
5.046566756641824008e-05
5.052174053038092569e-05
5.057781349434361130e-05
5.063388645830629690e-05
5.068995942226898929e-05
5.074603238623167490e-05
5.080210535019436051e-05
5.085817831415704611e-05
5.091425127811973172e-05
5.097032424208242411e-05
5.102639720604510971e-05
5.108247017000779532e-05
5.113854313397048093e-05
5.119461609793316654e-05
5.125068906189585892e-05
5.130676202585854453e-05
5.136283498982123014e-05
5.141890795378391575e-05
5.147498091774660136e-05
5.153105388170928697e-05
5.158712684567197935e-05
5.164319980963466496e-05
5.169927277359735057e-05
5.175534573756003618e-05
5.181141870152272178e-05
5.186749166548541417e-05
5.192356462944809978e-05
5.197963759341078538e-05
5.203571055737347099e-05
5.209178352133615660e-05
5.214785648529884899e-05
5.220392944926153459e-05
5.226000241322422020e-05
5.231607537718690581e-05
5.237214834114959142e-05
5.242822130511228380e-05
5.248429426907496941e-05
5.254036723303765502e-05
5.259644019700034063e-05
5.265251316096302624e-05
5.270858612492571862e-05
5.276465908888840423e-05
5.282073205285108984e-05
5.287680501681377545e-05
5.293287798077646105e-05
5.298895094473915344e-05
5.304502390870183905e-05
5.310109687266452466e-05
5.315716983662721026e-05
5.321324280058989587e-05
5.326931576455258826e-05
5.332538872851527386e-05
5.338146169247795947e-05
5.343753465644064508e-05
5.349360762040333069e-05
5.354968058436602307e-05
5.360575354832870868e-05
5.366182651229139429e-05
5.371789947625407990e-05
5.377397244021676551e-05
5.383004540417945789e-05
5.388611836814214350e-05
5.394219133210482911e-05
5.399826429606751472e-05
5.405433726003020032e-05
5.411041022399288593e-05
5.416648318795557832e-05
5.422255615191826393e-05
5.427862911588094953e-05
5.433470207984363514e-05
5.439077504380632075e-05
5.444684800776901314e-05
5.450292097173169874e-05
5.455899393569438435e-05
5.461506689965706996e-05
5.467113986361975557e-05
5.472721282758244795e-05
5.478328579154513356e-05
5.483935875550781917e-05
5.489543171947050478e-05
5.495150468343319039e-05
5.500757764739588277e-05
5.506365061135856838e-05
5.511972357532125399e-05
5.517579653928393960e-05
5.523186950324662520e-05
5.528794246720931759e-05
5.534401543117200320e-05
5.540008839513468881e-05
5.545616135909737441e-05
5.551223432306006002e-05
5.556830728702275241e-05
5.562438025098543801e-05
5.568045321494812362e-05
5.573652617891080923e-05
5.579259914287349484e-05
5.584867210683618722e-05
5.590474507079887283e-05
5.596081803476155844e-05
5.601689099872424405e-05
5.607296396268692966e-05
5.612903692664962204e-05
5.618510989061230765e-05
5.624118285457499326e-05
5.629725581853767887e-05
5.635332878250036447e-05
5.640940174646305008e-05
5.646547471042574247e-05
5.652154767438842808e-05
5.657762063835111368e-05
5.663369360231379929e-05
5.668976656627648490e-05
5.674583953023917729e-05
5.680191249420186289e-05
5.685798545816454850e-05
5.691405842212723411e-05
5.697013138608991972e-05
5.702620435005261210e-05
5.708227731401529771e-05
5.713835027797798332e-05
5.719442324194066893e-05
5.725049620590335454e-05
5.730656916986604692e-05
5.736264213382873253e-05
5.741871509779141814e-05
5.747478806175410375e-05
5.753086102571678935e-05
5.758693398967948174e-05
5.764300695364216735e-05
5.769907991760485295e-05
5.775515288156753856e-05
5.781122584553022417e-05
5.786729880949291656e-05
5.792337177345560216e-05
5.797944473741828777e-05
5.803551770138097338e-05
5.809159066534365899e-05
5.814766362930635137e-05
5.820373659326903698e-05
5.825980955723172259e-05
5.831588252119440820e-05
5.837195548515709381e-05
5.842802844911978619e-05
5.848410141308247180e-05
5.854017437704515741e-05
5.859624734100784302e-05
5.865232030497052862e-05
5.870839326893321423e-05
5.876446623289590662e-05
5.882053919685859223e-05
5.887661216082127783e-05
5.893268512478396344e-05
5.898875808874664905e-05
5.904483105270934144e-05
5.910090401667202704e-05
5.915697698063471265e-05
5.921304994459739826e-05
5.926912290856008387e-05
5.932519587252277625e-05
5.938126883648546186e-05
5.943734180044814747e-05
5.949341476441083308e-05
5.954948772837351869e-05
5.960556069233621107e-05
5.966163365629889668e-05
5.971770662026158229e-05
5.977377958422426790e-05
5.982985254818695350e-05
5.988592551214964589e-05
5.994199847611233150e-05
5.999807144007501710e-05
6.005414440403770271e-05
6.011021736800038832e-05
6.016629033196308071e-05
6.022236329592576631e-05
6.027843625988845192e-05
6.033450922385113753e-05
6.039058218781382314e-05
6.044665515177651552e-05
6.050272811573920113e-05
6.055880107970188674e-05
6.061487404366457235e-05
6.067094700762725796e-05
6.072701997158995034e-05
6.078309293555263595e-05
6.083916589951532156e-05
6.089523886347800717e-05
6.095131182744069277e-05
6.100738479140337838e-05
6.106345775536606399e-05
6.111953071932874960e-05
6.117560368329144876e-05
6.123167664725413437e-05
6.128774961121681998e-05
6.134382257517950558e-05
6.139989553914219119e-05
6.145596850310487680e-05
6.151204146706756241e-05
6.156811443103024802e-05
6.162418739499293363e-05
6.168026035895561923e-05
6.173633332291831840e-05
6.179240628688100400e-05
6.184847925084368961e-05
6.190455221480637522e-05
6.196062517876906083e-05
6.201669814273174644e-05
6.207277110669443205e-05
6.212884407065711765e-05
6.218491703461980326e-05
6.224098999858248887e-05
6.229706296254517448e-05
6.235313592650787364e-05
6.240920889047055925e-05
6.246528185443324486e-05
6.252135481839593046e-05
6.257742778235861607e-05
6.263350074632130168e-05
6.268957371028398729e-05
6.274564667424667290e-05
6.280171963820935851e-05
6.285779260217204411e-05
6.291386556613474327e-05
6.296993853009742888e-05
6.302601149406011449e-05
6.308208445802280010e-05
6.313815742198548571e-05
6.319423038594817132e-05
6.325030334991085692e-05
6.330637631387354253e-05
6.336244927783622814e-05
6.341852224179891375e-05
6.347459520576161291e-05
6.353066816972429852e-05
6.358674113368698413e-05
6.364281409764966973e-05
6.369888706161235534e-05
6.375496002557504095e-05
6.381103298953772656e-05
6.386710595350041217e-05
6.392317891746309778e-05
6.397925188142578338e-05
6.403532484538848255e-05
6.409139780935116815e-05
6.414747077331385376e-05
6.420354373727653937e-05
6.425961670123922498e-05
6.431568966520191059e-05
6.437176262916459620e-05
6.442783559312728180e-05
6.448390855708996741e-05
6.453998152105265302e-05
6.459605448501533863e-05
6.465212744897803779e-05
6.470820041294072340e-05
6.476427337690340901e-05
6.482034634086609461e-05
6.487641930482878022e-05
6.493249226879146583e-05
6.498856523275415144e-05
6.504463819671683705e-05
6.510071116067952266e-05
6.515678412464220826e-05
6.521285708860490742e-05
6.526893005256759303e-05
6.532500301653027864e-05
6.538107598049296425e-05
6.543714894445564986e-05
6.549322190841833547e-05
6.554929487238102107e-05
6.560536783634370668e-05
6.566144080030639229e-05
6.571751376426907790e-05
6.577358672823177706e-05
6.582965969219446267e-05
6.588573265615714828e-05
6.594180562011983388e-05
6.599787858408251949e-05
6.605395154804520510e-05
6.611002451200789071e-05
6.616609747597057632e-05
6.622217043993326193e-05
6.627824340389594753e-05
6.633431636785864670e-05
6.639038933182133230e-05
6.644646229578401791e-05
6.650253525974670352e-05
6.655860822370938913e-05
6.661468118767207474e-05
6.667075415163476034e-05
6.672682711559744595e-05
6.678290007956013156e-05
6.683897304352281717e-05
6.689504600748551633e-05
6.695111897144820194e-05
6.700719193541088755e-05
6.706326489937357316e-05
6.711933786333625876e-05
6.717541082729894437e-05
6.723148379126162998e-05
6.728755675522431559e-05
6.734362971918700120e-05
6.739970268314968681e-05
6.745577564711237241e-05
6.751184861107507157e-05
6.756792157503775718e-05
6.762399453900044279e-05
6.768006750296312840e-05
6.773614046692581401e-05
6.779221343088849962e-05
6.784828639485118522e-05
6.790435935881387083e-05
6.796043232277655644e-05
6.801650528673924205e-05
6.807257825070194121e-05
6.812865121466462682e-05
6.818472417862731243e-05
6.824079714258999803e-05
6.829687010655268364e-05
6.835294307051536925e-05
6.840901603447805486e-05
6.846508899844074047e-05
6.852116196240342608e-05
6.857723492636611168e-05
6.863330789032881084e-05
6.868938085429149645e-05
6.874545381825418206e-05
6.880152678221686767e-05
6.885759974617955328e-05
6.891367271014223889e-05
6.896974567410492449e-05
6.902581863806761010e-05
6.908189160203029571e-05
6.913796456599298132e-05
6.919403752995568048e-05
6.925011049391836609e-05
6.930618345788105170e-05
6.936225642184373731e-05
6.941832938580642291e-05
6.947440234976910852e-05
6.953047531373179413e-05
6.958654827769447974e-05
6.964262124165716535e-05
6.969869420561985095e-05
6.975476716958253656e-05
6.981084013354523572e-05
6.986691309750792133e-05
6.992298606147060694e-05
6.997905902543329255e-05
7.003513198939597816e-05
7.009120495335866377e-05
