2.303740000000596046e+04
2.508340000000596046e+04
1.170704000000059605e+05
1.196744000000059605e+05
1.410544000000059605e+05
1.370804000000059605e+05
1.652734000000059605e+05
1.677074000000059605e+05
1.888514000000059605e+05
1.872224000000059605e+05
2.263764000000059605e+05
2.234404000000059605e+05
2.557934000000059605e+05
2.520824000000059605e+05
2.765204000000059605e+05
2.754624000000059605e+05
2.997274000000059605e+05
2.960284000000059605e+05
3.270224000000059605e+05
3.308924000000059605e+05
3.452804000000059605e+05
3.458084000000059605e+05
3.647054000000059605e+05
3.689834000000059605e+05
3.833244000000059605e+05
3.808324000000059605e+05
3.926824000000059605e+05
3.897684000000059605e+05
4.059414000000059605e+05
4.070794000000059605e+05
4.217294000000059605e+05
4.220114000000059605e+05
4.288394000000059605e+05
4.255164000000059023e+05
4.386414000000059605e+05
4.410544000000058440e+05
4.513404000000058440e+05
4.529874000000058440e+05
4.648444000000058440e+05
4.594344000000058440e+05
4.778144000000058440e+05
4.730664000000058440e+05
4.909364000000058440e+05
4.878814000000057858e+05
4.908704000000058440e+05
4.903544000000057858e+05
5.014704000000058440e+05
4.997694000000057276e+05
5.114494000000058440e+05
5.128674000000057276e+05
5.218074000000058440e+05
5.238914000000057276e+05
5.426464000000058440e+05
5.471954000000057276e+05
5.645734000000058440e+05
5.638194000000057276e+05
5.742684000000058440e+05
5.744604000000057276e+05
5.815254000000058440e+05
5.802204000000057276e+05
5.857484000000058440e+05
5.880644000000057276e+05
5.928514000000058440e+05
5.931324000000057276e+05
5.978344000000058440e+05
5.963074000000057276e+05
6.056274000000058440e+05
6.076784000000057276e+05
6.181274000000058440e+05
6.162104000000057276e+05
6.200314000000058440e+05
6.197304000000057276e+05
6.330724000000058440e+05
6.285054000000057276e+05
6.379374000000058440e+05
6.359364000000057276e+05
6.474264000000058440e+05
6.529244000000057276e+05
6.539864000000058440e+05
6.576184000000057276e+05
6.558084000000058440e+05
6.583224000000057276e+05
6.617744000000058440e+05
6.621584000000057276e+05
6.668044000000058440e+05
6.643914000000057276e+05
6.687754000000058440e+05
6.674494000000057276e+05
6.775614000000058440e+05
6.778784000000057276e+05
6.797974000000058440e+05
6.791474000000057276e+05
6.822994000000058440e+05
6.814434000000057276e+05
6.832104000000058440e+05
6.804994000000057276e+05
6.795494000000058440e+05
6.837214000000057276e+05
6.783864000000058440e+05
6.792294000000057276e+05
6.827164000000058440e+05
6.862754000000057276e+05
6.892304000000058440e+05
6.923384000000057276e+05
6.965264000000058440e+05
6.941604000000057276e+05
7.123544000000058440e+05
7.077264000000057276e+05
7.263794000000058440e+05
7.249924000000057276e+05
7.422124000000058440e+05
7.430574000000057276e+05
7.670224000000058440e+05
7.654084000000057276e+05
7.941234000000058440e+05
7.925574000000057276e+05
8.178224000000058440e+05
8.192134000000057276e+05
8.478884000000057276e+05
8.478054000000057276e+05
8.735644000000056112e+05
8.753864000000057276e+05
8.932444000000056112e+05
8.942954000000057276e+05
9.177614000000056112e+05
9.174534000000057276e+05
9.385344000000056112e+05
9.360284000000057276e+05
9.489924000000056112e+05
9.472514000000057276e+05
9.634934000000056112e+05
9.643624000000057276e+05
9.799214000000056112e+05
9.791334000000056112e+05
9.873814000000056112e+05
9.838604000000054948e+05
9.958384000000056112e+05
9.965054000000054948e+05
1.012356400000005611e+06
1.012272400000005495e+06
1.021983400000005611e+06
1.015452400000005495e+06
1.027393400000005611e+06
1.033679400000005495e+06
1.047751400000005611e+06
1.049394400000005495e+06
1.061996400000005495e+06
1.058503400000005495e+06
1.070179400000005495e+06
1.073812400000005495e+06
1.089080400000005495e+06
1.092518400000005495e+06
1.102466400000005495e+06
1.104275400000005495e+06
1.130163400000005495e+06
1.124922400000005495e+06
1.145231400000005495e+06
1.146266400000005495e+06
1.158186400000005495e+06
1.159137400000005495e+06
1.177351400000005495e+06
1.172605400000005495e+06
1.194728400000005495e+06
1.192345400000005495e+06
1.201416400000005495e+06
1.201018400000005495e+06
1.220893400000005495e+06
1.224305400000005495e+06
1.236657400000005495e+06
1.235349400000005495e+06
1.241178400000005495e+06
1.239731400000005495e+06
1.256718400000005495e+06
1.257465400000005495e+06
1.272686400000005495e+06
1.268029400000005495e+06
1.275539400000005495e+06
1.276666400000005495e+06
1.286675400000005495e+06
1.291046400000005495e+06
1.296704400000005495e+06
1.297825400000005495e+06
1.303491400000005495e+06
1.304934400000005495e+06
1.315200400000005495e+06
1.316757400000005495e+06
1.329047400000005495e+06
1.325471400000005495e+06
1.332514400000005495e+06
1.334090400000005495e+06
1.342261400000005495e+06
1.346258400000005495e+06
1.355132400000005495e+06
1.355015400000005495e+06
1.361760400000005495e+06
1.360746400000005495e+06
1.371863400000005495e+06
1.372397400000005495e+06
1.380054400000005495e+06
1.382480400000005495e+06
1.383227400000005495e+06
1.387137400000005495e+06
1.391988400000005495e+06
1.391780400000005495e+06
1.408450400000005495e+06
1.409045400000005495e+06
1.419368400000005495e+06
1.419253400000005495e+06
1.437360400000005495e+06
1.435180400000005495e+06
1.453185400000005495e+06
1.449708400000005495e+06
1.460855400000005495e+06
1.458323400000005495e+06
1.476568400000005495e+06
1.477999400000005495e+06
1.498965400000005495e+06
1.500379400000005495e+06
1.514190400000005495e+06
1.512029400000005495e+06
1.530109400000005495e+06
1.528760400000005495e+06
1.550480400000005495e+06
1.553865400000005495e+06
1.565579400000005495e+06
1.573252400000005495e+06
1.591115400000005495e+06
1.596457400000005495e+06
1.614237400000005495e+06
1.612341400000005495e+06
1.625632400000005495e+06
1.622874400000005495e+06
1.643960400000005495e+06
1.642686400000005495e+06
1.659768400000005495e+06
1.657642400000005495e+06
1.668911400000005495e+06
1.672361400000005495e+06
1.686006400000005495e+06
1.685683400000005495e+06
1.693899400000005495e+06
1.699105400000005495e+06
1.703381400000005495e+06
1.704459400000005495e+06
1.715632400000005495e+06
1.721310400000005495e+06
1.735014400000005495e+06
1.730536400000005495e+06
1.742501400000005495e+06
1.740275400000005495e+06
1.760499400000005495e+06
1.758850400000005495e+06
1.776171400000005495e+06
1.776809400000005495e+06
1.784781400000005495e+06
1.784015400000005495e+06
1.803173400000005495e+06
1.804053400000005495e+06
1.819636400000005495e+06
1.821765400000005262e+06
1.833211400000005495e+06
1.834148400000005262e+06
1.851048400000005495e+06
1.851031400000005262e+06
1.870639400000005495e+06
1.872044400000005262e+06
1.887309400000005495e+06
1.881039400000005262e+06
1.902293400000005495e+06
1.900302400000005262e+06
1.917020400000005495e+06
1.912274400000005262e+06
1.924494400000005495e+06
1.921567400000005262e+06
1.944183400000005495e+06
1.931918400000005262e+06
1.952037400000005495e+06
1.951739400000005262e+06
1.964821400000005495e+06
1.963042400000005262e+06
1.975875400000005495e+06
1.977966400000005262e+06
1.988750400000005495e+06
1.993426400000005262e+06
1.998485400000005495e+06
2.002011400000005262e+06
2.015530400000005495e+06
2.018351400000005262e+06
2.035997400000005495e+06
2.034172400000005262e+06
2.044373400000005495e+06
2.040540400000005262e+06
2.049620400000005495e+06
2.054466400000005262e+06
2.063828400000005495e+06
2.064558400000005262e+06
2.072466400000005495e+06
2.072610400000005262e+06
2.083676400000005495e+06
2.085252400000005262e+06
2.096925400000005495e+06
2.101785400000005029e+06
2.108416400000005495e+06
2.108469400000005029e+06
2.123239400000005495e+06
2.118226400000005029e+06
2.136343400000005495e+06
2.134292400000005029e+06
2.145361400000005495e+06
2.143234400000005029e+06
2.158190400000005495e+06
2.155648400000005029e+06
2.174045400000005495e+06
2.176643400000005029e+06
2.190301400000005495e+06
2.185193400000005029e+06
2.202771400000005495e+06
2.204594400000005029e+06
2.223741400000005495e+06
2.223801400000005029e+06
2.234022400000005495e+06
2.234374400000005029e+06
2.247768400000005495e+06
2.249026400000005029e+06
2.267187400000005495e+06
2.265612400000005029e+06
2.279323400000005495e+06
2.276303400000005029e+06
2.296591400000005495e+06
2.292197400000005029e+06
2.311488400000005495e+06
2.314254400000005029e+06
2.326717400000005495e+06
2.321989400000005029e+06
2.337175400000005495e+06
2.337368400000005029e+06
2.352217400000005495e+06
2.352455400000005029e+06
2.365772400000005495e+06
2.363869400000005029e+06
2.378872400000005495e+06
2.380456400000005029e+06
2.399241400000005495e+06
2.398407400000005029e+06
2.404559400000005495e+06
2.406790400000005029e+06
2.419082400000005495e+06
2.423085400000005029e+06
2.438488400000005495e+06
2.438801400000005029e+06
2.446315400000005495e+06
2.446823400000005029e+06
2.460442400000005495e+06
2.461899400000005029e+06
2.475450400000005495e+06
2.478228400000005029e+06
2.486716400000005495e+06
2.490591400000005029e+06
2.501328400000005495e+06
2.505668400000005029e+06
2.524968400000005495e+06
2.521694400000005029e+06
2.529521400000005495e+06
2.530588400000005029e+06
2.553628400000005495e+06
2.550163400000005029e+06
2.571637400000005495e+06
2.570390400000005029e+06
2.583044400000005029e+06
2.581751400000005029e+06
2.602883400000005029e+06
2.600807400000005029e+06
2.619736400000005029e+06
2.622372400000005029e+06
2.634446400000005029e+06
2.634239400000005029e+06
2.650204400000005029e+06
2.650608400000005029e+06
2.667989400000005029e+06
2.667293400000005029e+06
2.678531400000005029e+06
2.680164400000005029e+06
2.695749400000005029e+06
2.692314400000005029e+06
2.705923400000005029e+06
2.706740400000005029e+06
2.717790400000005029e+06
2.719539400000005029e+06
2.730979400000005029e+06
2.733133400000005029e+06
2.748913400000005029e+06
2.747177400000005029e+06
2.756962400000005029e+06
2.755246400000005029e+06
2.766983400000005029e+06
2.767545400000005029e+06
2.779166400000005029e+06
2.779615400000005029e+06
2.789560400000005029e+06
2.789905400000005029e+06
2.802965400000005029e+06
2.805307400000005029e+06
2.817913400000005029e+06
2.814463400000005029e+06
2.826916400000005029e+06
2.822770400000005029e+06
2.839584400000005029e+06
2.843475400000005029e+06
2.854829400000005029e+06
2.854412400000005029e+06
2.864194400000005029e+06
2.864261400000005029e+06
2.881963400000005029e+06
2.887945400000005029e+06
2.902434400000005029e+06
2.902855400000005029e+06
2.911924400000005029e+06
2.909882400000005029e+06
2.926121400000005029e+06
2.925849400000005029e+06
2.943002400000005029e+06
2.942660400000005029e+06
2.956396400000005029e+06
2.958274400000005029e+06
2.968519400000005029e+06
2.969281400000005029e+06
2.986061400000005029e+06
2.987978400000005029e+06
3.002286400000005029e+06
3.000883400000005029e+06
3.013013400000005029e+06
3.013414400000005029e+06
3.026844400000005029e+06
3.031017400000005029e+06
3.046800400000005029e+06
3.045208400000005029e+06
3.056580400000005029e+06
3.054407400000005029e+06
3.070390400000005029e+06
3.070918400000005029e+06
3.090481400000005029e+06
3.085102400000005029e+06
3.100217400000005029e+06
3.095348400000005029e+06
3.111200400000005029e+06
3.112192400000005029e+06
3.128630400000005029e+06
3.128079400000005029e+06
3.140760400000005029e+06
3.139807400000005029e+06
3.154318400000005029e+06
3.158074400000005029e+06
3.172853400000005029e+06
3.175065400000005029e+06
3.180187400000005029e+06
3.177881400000005029e+06
3.195181400000005029e+06
3.194985400000005029e+06
3.208943400000005029e+06
3.218852400000005029e+06
3.222847400000005029e+06
3.222945400000005029e+06
3.241230400000005029e+06
3.241685400000005029e+06
3.261220400000005029e+06
3.258453400000005029e+06
3.268863400000005029e+06
3.266345400000005029e+06
3.284225400000005029e+06
3.286606400000005029e+06
3.299831400000005029e+06
3.303868400000005029e+06
3.312739400000005029e+06
3.310610400000005029e+06
3.333525400000005029e+06
3.331144400000005029e+06
3.346807400000005029e+06
3.350811400000005029e+06
3.355282400000005029e+06
3.355582400000005029e+06
3.378409400000005029e+06
3.377113400000005029e+06
3.395212400000005029e+06
3.395771400000005029e+06
3.405905400000005029e+06
3.409155400000005029e+06
3.422698400000005029e+06
3.424919400000005029e+06
3.438157400000005029e+06
3.438181400000005029e+06
3.447091400000005029e+06
3.446679400000005029e+06
3.461081400000005029e+06
3.459653400000005029e+06
3.476890400000005029e+06
3.474311400000005029e+06
3.485784400000005029e+06
3.483078400000005029e+06
3.501274400000005029e+06
3.501121400000005029e+06
3.515404400000005029e+06
3.515984400000005029e+06
3.523070400000005029e+06
3.523467400000005029e+06
3.541591400000005029e+06
3.536987400000005029e+06
3.555466400000005029e+06
3.555151400000005029e+06
3.565842400000005029e+06
3.566905400000005029e+06
3.581197400000005029e+06
3.573764400000005029e+06
3.591569400000005029e+06
3.589953400000005029e+06
3.601846400000005029e+06
3.602664400000005029e+06
3.623880400000005029e+06
3.626006400000005029e+06
3.638679400000005029e+06
3.639126400000005029e+06
3.648835400000005029e+06
3.649348400000005029e+06
3.670428400000005029e+06
3.670551400000005029e+06
3.686398400000005029e+06
3.685768400000005029e+06
3.693274400000005029e+06
3.701380400000005029e+06
3.712476400000005029e+06
3.712552400000005029e+06
3.727294400000005029e+06
3.728848400000005029e+06
3.739662400000005029e+06
3.737302400000005029e+06
3.754378400000005029e+06
3.754450400000005029e+06
3.770367400000005029e+06
3.768309400000005029e+06
3.783724400000005029e+06
3.781481400000005029e+06
3.794858400000005029e+06
3.794854400000005029e+06
3.806446400000005029e+06
3.811701400000005029e+06
3.815665400000005029e+06
3.816873400000005029e+06
3.835694400000005029e+06
3.836959400000005029e+06
3.849997400000005029e+06
3.852391400000005029e+06
3.859903400000005029e+06
3.860538400000005029e+06
3.876886400000005029e+06
3.877954400000005029e+06
3.893089400000005029e+06
3.897890400000005029e+06
3.903953400000005029e+06
3.899957400000005029e+06
3.919230400000005029e+06
3.916050400000005029e+06
3.932560400000005029e+06
3.931435400000005029e+06
3.943849400000005029e+06
3.942786400000005029e+06
3.960511400000005029e+06
3.965361400000005029e+06
3.978643400000005029e+06
3.978318400000005029e+06
3.986254400000005029e+06
3.990352400000005029e+06
4.003681400000005029e+06
4.002983400000005029e+06
4.023127400000005029e+06
4.024023400000005029e+06
4.035440400000005029e+06
4.033514400000005029e+06
4.052125400000005029e+06
4.050755400000005029e+06
4.066789400000005029e+06
4.067383400000005029e+06
4.074066400000005029e+06
4.080326400000005029e+06
4.094639400000005029e+06
4.099470400000005029e+06
4.113900400000005029e+06
4.113087400000005029e+06
4.124149400000005029e+06
4.125998400000005029e+06
4.137171400000005029e+06
4.138110400000005029e+06
4.157369400000005029e+06
4.156620400000005029e+06
4.166273400000005029e+06
4.163914400000005029e+06
4.182131400000005029e+06
4.182768400000005029e+06
4.196265400000005029e+06
4.193096400000005029e+06
4.203519400000005029e+06
4.203940400000005029e+06
4.218456400000005029e+06
4.220983400000005029e+06
4.234405400000005029e+06
4.233920400000005029e+06
4.242791400000005029e+06
4.242163400000005029e+06
4.253163400000005029e+06
4.252787400000005029e+06
4.273755400000005029e+06
4.266873400000005029e+06
4.278246400000005029e+06
4.280086400000005029e+06
4.291708400000005029e+06
4.294000400000005029e+06
4.314873400000005029e+06
4.312057400000005029e+06
4.328534400000005029e+06
4.323119400000005029e+06
4.339122400000005029e+06
4.342571400000005029e+06
4.361697400000005029e+06
4.359248400000005029e+06
4.369071400000005029e+06
4.366863400000005029e+06
4.386878400000005029e+06
4.379878400000005029e+06
4.397484400000005029e+06
4.398677400000005029e+06
4.404311400000005029e+06
4.406447400000005029e+06
4.419755400000005029e+06
4.423080400000005029e+06
4.439114400000005029e+06
4.441194400000005029e+06
4.456188400000005029e+06
4.458180400000005029e+06
4.468729400000005029e+06
4.471352400000005029e+06
4.483237400000004098e+06
4.485350400000005029e+06
4.494434400000004098e+06
4.495226400000005029e+06
4.511538400000004098e+06
4.512603400000005029e+06
4.528215400000004098e+06
4.528279400000005029e+06
4.531478400000004098e+06
4.534395400000005029e+06
4.547995400000004098e+06
4.553748400000005029e+06
4.569466400000004098e+06
4.570125400000005029e+06
4.577810400000004098e+06
4.576612400000005029e+06
4.594431400000004098e+06
4.595699400000005029e+06
4.612509400000004098e+06
4.609477400000004098e+06
4.621383400000004098e+06
4.620666400000004098e+06
4.639064400000004098e+06
4.640549400000004098e+06
4.651443400000004098e+06
4.652102400000004098e+06
4.663567400000004098e+06
4.663459400000004098e+06
4.679391400000004098e+06
4.685470400000004098e+06
4.705634400000004098e+06
4.702540400000004098e+06
4.715194400000004098e+06
4.718468400000004098e+06
4.730545400000004098e+06
4.728904400000004098e+06
4.748959400000005029e+06
4.742986400000004098e+06
4.757425400000005029e+06
4.754168400000004098e+06
4.771408400000005029e+06
4.765488400000004098e+06
4.781196400000005029e+06
4.784723400000004098e+06
4.794468400000005029e+06
4.797587400000004098e+06
4.817203400000005029e+06
4.817848400000004098e+06
4.831354400000005029e+06
4.828561400000004098e+06
4.839773400000005029e+06
4.837653400000005029e+06
4.851831400000005029e+06
4.851027400000005029e+06
4.864526400000005029e+06
4.866022400000005029e+06
4.876310400000005029e+06
4.882569400000005029e+06
4.903569400000005029e+06
4.901627400000005029e+06
4.912134400000005029e+06
4.912773400000005029e+06
4.924748400000005029e+06
4.926165400000005029e+06
4.940406400000005029e+06
4.945729400000005029e+06
4.959689400000005029e+06
4.959313400000005029e+06
4.972498400000005029e+06
4.973222400000005029e+06
4.986446400000005029e+06
4.988618400000005029e+06
5.000204400000005029e+06
4.995922400000005029e+06
5.010343400000005029e+06
5.009190400000005029e+06
5.021697400000005029e+06
5.023963400000005029e+06
5.036734400000005029e+06
5.039869400000005029e+06
5.044500400000005029e+06
5.042882400000005029e+06
5.058031400000005029e+06
5.061767400000005029e+06
5.074930400000005029e+06
5.074296400000005029e+06
5.079593400000005029e+06
5.079747400000005029e+06
5.096892400000005029e+06
5.097657400000005029e+06
5.115996400000004098e+06
5.116938400000005029e+06
5.127708400000004098e+06
5.128753400000005029e+06
5.145820400000004098e+06
5.147785400000005029e+06
5.159531400000004098e+06
5.163084400000005029e+06
5.169404400000004098e+06
5.166479400000005029e+06
5.187381400000004098e+06
5.181893400000005029e+06
5.200144400000004098e+06
5.201477400000005029e+06
5.211829400000004098e+06
5.213911400000004098e+06
5.229788400000004098e+06
5.230705400000004098e+06
5.245848400000004098e+06
5.243298400000004098e+06
5.257398400000004098e+06
5.259478400000004098e+06
5.272856400000004098e+06
5.270077400000004098e+06
5.290348400000004098e+06
5.286434400000004098e+06
5.299046400000004098e+06
5.293346400000004098e+06
5.310018400000004098e+06
5.310641400000004098e+06
5.326301400000004098e+06
5.323666400000004098e+06
5.334845400000004098e+06
5.332717400000004098e+06
5.354038400000004098e+06
5.352787400000004098e+06
5.372274400000004098e+06
5.373466400000004098e+06
5.381022400000004098e+06
5.380867400000004098e+06
5.395234400000004098e+06
5.395440400000004098e+06
5.414152400000004098e+06
5.412495400000004098e+06
5.420361400000004098e+06
5.420061400000004098e+06
5.440360400000004098e+06
5.439953400000004098e+06
5.454395400000004098e+06
5.451541400000004098e+06
5.466911400000004098e+06
5.465731400000004098e+06
5.483464400000004098e+06
5.484792400000004098e+06
5.503865400000004098e+06
5.506567400000004098e+06
5.514670400000004098e+06
5.515796400000004098e+06
5.532649400000004098e+06
5.533787400000004098e+06
5.549345400000004098e+06
5.548096400000004098e+06
5.560070400000004098e+06
5.566520400000004098e+06
5.581821400000004098e+06
5.579971400000004098e+06
5.598494400000004098e+06
5.596114400000004098e+06
5.605191400000004098e+06
5.602441400000004098e+06
5.621985400000004098e+06
5.623021400000004098e+06
5.640431400000004098e+06
5.640541400000004098e+06
5.649942400000004098e+06
5.651264400000004098e+06
5.664346400000004098e+06
5.664825400000004098e+06
5.681268400000004098e+06
5.682508400000004098e+06
5.695401400000004098e+06
5.697355400000004098e+06
5.714575400000004098e+06
5.716315400000004098e+06
5.730677400000004098e+06
5.729279400000004098e+06
5.734995400000004098e+06
5.733370400000004098e+06
5.750388400000004098e+06
5.756204400000004098e+06
5.773581400000004098e+06
5.773212400000004098e+06
5.780936400000004098e+06
5.773459400000004098e+06
5.795430400000004098e+06
5.792955400000004098e+06
5.809269400000004098e+06
5.807964400000004098e+06
5.822155400000004098e+06
5.814820400000004098e+06
5.834379400000004098e+06
5.837129400000004098e+06
5.855438400000004098e+06
5.848102400000004098e+06
5.856441400000004098e+06
5.853091400000004098e+06
5.866542400000004098e+06
5.867132400000004098e+06
5.882654400000004098e+06
5.885802400000004098e+06
5.894812400000004098e+06
5.892902400000004098e+06
5.911490400000004098e+06
5.914860400000004098e+06
5.931767400000004098e+06
5.929479400000004098e+06
5.936759400000004098e+06
5.938448400000004098e+06
5.951565400000004098e+06
5.949599400000004098e+06
5.967561400000004098e+06
5.968966400000004098e+06
5.980363400000004098e+06
5.985093400000004098e+06
6.003059400000004098e+06
6.006102400000004098e+06
6.022895400000004098e+06
6.022171400000004098e+06
6.031365400000004098e+06
6.031012400000004098e+06
6.051323400000004098e+06
6.049977400000004098e+06
6.063079400000004098e+06
6.067708400000004098e+06
6.079922400000004098e+06
6.074953400000004098e+06
6.091367400000004098e+06
6.094912400000004098e+06
6.103947400000004098e+06
6.105520400000004098e+06
6.117823400000004098e+06
6.118576400000004098e+06
6.134908400000004098e+06
6.134672400000004098e+06
6.149521400000004098e+06
6.148052400000004098e+06
6.162389400000004098e+06
6.165378400000004098e+06
6.178369400000004098e+06
6.184594400000004098e+06
6.198887400000004098e+06
6.197854400000004098e+06
6.207767400000004098e+06
6.204037400000004098e+06
6.219314400000004098e+06
6.219304400000004098e+06
6.237282400000004098e+06
6.241351400000004098e+06
6.254406400000004098e+06
6.254961400000004098e+06
6.270019400000004098e+06
6.266996400000004098e+06
6.286118400000004098e+06
6.285063400000004098e+06
6.297385400000004098e+06
6.296455400000004098e+06
6.312616400000004098e+06
6.316826400000004098e+06
6.333155400000004098e+06
6.331462400000004098e+06
6.339052400000004098e+06
6.344247400000004098e+06
6.352528400000004098e+06
6.354122400000004098e+06
6.366383400000004098e+06
6.370722400000004098e+06
6.385188400000004098e+06
6.382129400000004098e+06
6.395250400000004098e+06
6.395826400000004098e+06
6.413710400000004098e+06
6.413372400000004098e+06
6.425318400000004098e+06
6.424223400000004098e+06
6.442815400000004098e+06
6.441778400000004098e+06
6.455274400000004098e+06
6.452826400000004098e+06
6.460835400000004098e+06
6.463651400000004098e+06
6.477854400000004098e+06
6.481962400000004098e+06
6.504765400000004098e+06
6.498124400000004098e+06
6.512306400000004098e+06
6.506607400000004098e+06
6.524820400000004098e+06
6.525163400000004098e+06
6.540233400000004098e+06
6.541535400000004098e+06
6.552216400000004098e+06
6.552069400000004098e+06
6.570692400000004098e+06
6.570467400000004098e+06
6.582464400000004098e+06
6.585079400000004098e+06
6.593841400000004098e+06
6.594457400000004098e+06
6.608823400000004098e+06
6.612160400000004098e+06
6.631256400000004098e+06
6.625449400000004098e+06
6.637911400000004098e+06
6.636523400000004098e+06
6.654260400000004098e+06
6.653543400000004098e+06
6.668007400000004098e+06
6.670346400000004098e+06
6.681255400000004098e+06
6.681424400000004098e+06
6.697010400000004098e+06
6.694709400000004098e+06
6.708417400000004098e+06
6.708871400000004098e+06
6.722301400000004098e+06
6.728818400000004098e+06
6.745927400000004098e+06
6.746056400000004098e+06
6.759544400000004098e+06
6.758079400000004098e+06
6.768653400000004098e+06
6.767863400000004098e+06
6.779328400000004098e+06
6.780119400000004098e+06
6.796349400000004098e+06
6.798018400000004098e+06
6.812560400000004098e+06
6.815123400000004098e+06
6.830191400000004098e+06
6.829038400000004098e+06
6.840406400000004098e+06
6.846108400000004098e+06
6.853350400000004098e+06
6.852835400000004098e+06
6.866620400000004098e+06
6.866650400000004098e+06
6.887851400000004098e+06
6.884055400000004098e+06
6.886494400000004098e+06
6.893409400000004098e+06
6.912893400000004098e+06
6.917214400000004098e+06
6.929951400000004098e+06
6.926331400000004098e+06
6.937474400000004098e+06
6.931201400000004098e+06
6.949906400000004098e+06
6.949034400000004098e+06
6.967858400000004098e+06
6.968447400000004098e+06
6.978225400000004098e+06
6.979895400000004098e+06
6.992920400000004098e+06
6.998620400000004098e+06
7.015674400000004098e+06
7.013153400000004098e+06
7.021677400000004098e+06
7.022524400000004098e+06
7.041766400000004098e+06
7.040292400000004098e+06
7.056982400000004098e+06
7.058760400000004098e+06
7.066145400000004098e+06
7.066294400000004098e+06
7.081636400000004098e+06
7.083819400000004098e+06
7.099753400000004098e+06
7.100307400000004098e+06
7.106321400000004098e+06
7.106706400000004098e+06
7.127815400000004098e+06
7.123938400000004098e+06
7.140100400000004098e+06
7.140814400000004098e+06
7.149252400000004098e+06
7.147500400000004098e+06
7.164110400000004098e+06
7.162665400000004098e+06
7.174949400000004098e+06
7.174795400000004098e+06
7.185193400000004098e+06
7.190689400000004098e+06
7.203258400000004098e+06
7.204658400000004098e+06
7.220374400000004098e+06
7.217307400000004098e+06
7.224729400000004098e+06
7.228180400000004098e+06
7.243895400000004098e+06
7.243619400000004098e+06
7.263865400000004098e+06
7.259361400000004098e+06
7.272281400000004098e+06
7.268945400000004098e+06
7.288275400000004098e+06
7.289418400000004098e+06
7.306154400000004098e+06
7.308117400000004098e+06
7.319079400000004098e+06
7.318607400000004098e+06
7.341241400000004098e+06
7.334768400000004098e+06
7.352486400000004098e+06
7.349537400000004098e+06
7.362500400000004098e+06
7.364845400000004098e+06
7.376745400000004098e+06
7.382519400000004098e+06
7.396812400000004098e+06
7.398557400000004098e+06
7.403135400000004098e+06
7.405339400000004098e+06
7.419889400000004098e+06
7.423292400000004098e+06
7.439407400000004098e+06
7.437611400000004098e+06
7.451790400000004098e+06
7.454224400000004098e+06
7.466394400000004098e+06
7.465482400000004098e+06
7.481418400000004098e+06
7.482704400000004098e+06
7.491950400000004098e+06
7.495372400000004098e+06
7.511594400000004098e+06
7.509400400000004098e+06
7.522459400000004098e+06
7.524403400000004098e+06
7.534905400000004098e+06
7.538188400000004098e+06
7.549786400000004098e+06
7.552072400000004098e+06
7.565807400000004098e+06
7.566610400000004098e+06
7.575556400000004098e+06
7.580289400000004098e+06
7.598793400000004098e+06
7.597176400000004098e+06
7.614547400000004098e+06
7.612284400000004098e+06
7.621985400000004098e+06
7.623166400000004098e+06
7.638381400000004098e+06
7.638745400000004098e+06
7.653726400000004098e+06
7.651146400000004098e+06
7.661934400000004098e+06
7.665168400000004098e+06
7.678790400000004098e+06
7.683234400000004098e+06
7.703690400000004098e+06
7.697384400000004098e+06
7.710952400000004098e+06
7.712150400000004098e+06
7.730186400000004098e+06
7.732685400000004098e+06
7.747038400000004098e+06
7.748126400000004098e+06
7.758084400000004098e+06
7.756842400000004098e+06
7.770527400000004098e+06
7.771794400000004098e+06
7.786233400000004098e+06
7.785653400000004098e+06
7.792892400000004098e+06
7.792447400000004098e+06
7.809911400000004098e+06
7.811395400000004098e+06
7.826354400000004098e+06
7.828177400000004098e+06
7.837581400000004098e+06
7.837332400000004098e+06
7.853599400000004098e+06
7.857963400000004098e+06
7.874517400000004098e+06
7.873285400000004098e+06
7.888827400000004098e+06
7.888929400000004098e+06
7.897454400000004098e+06
7.897294400000004098e+06
7.913766400000004098e+06
7.910854400000004098e+06
7.919979400000004098e+06
7.921074400000004098e+06
7.939024400000004098e+06
7.943051400000004098e+06
7.957087400000004098e+06
7.955886400000004098e+06
7.962997400000004098e+06
7.967817400000004098e+06
7.983751400000004098e+06
7.984003400000004098e+06
7.997766400000004098e+06
7.995854400000004098e+06
8.010491400000004098e+06
8.012205400000004098e+06
8.030960400000004098e+06
8.032182400000004098e+06
8.047416400000004098e+06
8.046064400000004098e+06
8.054961400000004098e+06
8.056260400000004098e+06
8.069988400000004098e+06
8.072850400000004098e+06
8.090818400000004098e+06
8.089966400000004098e+06
8.097247400000004098e+06
8.098397400000004098e+06
8.117280400000004098e+06
8.115360400000004098e+06
8.132756400000004098e+06
8.126913400000004098e+06
8.134260400000004098e+06
8.135441400000004098e+06
8.153744400000004098e+06
8.156975400000004098e+06
8.175094400000004098e+06
8.174796400000004098e+06
8.185243400000004098e+06
8.185145400000004098e+06
8.200863400000004098e+06
8.200804400000004098e+06
8.218939400000004098e+06
8.213352400000004098e+06
8.226226400000004098e+06
8.228471400000004098e+06
8.240687400000004098e+06
8.244751400000004098e+06
8.259876400000004098e+06
8.262065400000004098e+06
8.268528400000004098e+06
8.265059400000004098e+06
8.284083400000004098e+06
8.289691400000004098e+06
8.304254400000004098e+06
8.300398400000004098e+06
8.313607400000004098e+06
8.311235400000004098e+06
8.330338400000004098e+06
8.330235400000004098e+06
8.344092400000004098e+06
8.342513400000004098e+06
8.355374400000004098e+06
8.354077400000004098e+06
8.369626400000004098e+06
8.370081400000004098e+06
8.382989400000004098e+06
8.382640400000004098e+06
8.392819400000004098e+06
8.392000400000004098e+06
8.412411400000004098e+06
8.408572400000004098e+06
8.425740400000004098e+06
8.426857400000004098e+06
8.435031400000004098e+06
8.436796400000004098e+06
8.448756400000004098e+06
8.453056400000004098e+06
8.469536400000004098e+06
8.467294400000004098e+06
8.479448400000004098e+06
8.478953400000004098e+06
8.497035400000004098e+06
8.497889400000004098e+06
8.510886400000004098e+06
8.511992400000004098e+06
8.524479400000004098e+06
8.521616400000004098e+06
8.536865400000004098e+06
8.535156400000004098e+06
8.552932400000004098e+06
8.551752400000004098e+06
8.562924400000004098e+06
8.563136400000004098e+06
8.584008400000004098e+06
8.583268400000004098e+06
8.596163400000004098e+06
8.594838400000004098e+06
8.605121400000004098e+06
8.604337400000004098e+06
8.620530400000004098e+06
8.621044400000004098e+06
8.638293400000004098e+06
8.639918400000004098e+06
8.652576400000004098e+06
8.648833400000004098e+06
8.664945400000004098e+06
8.668347400000004098e+06
8.681654400000004098e+06
8.679605400000004098e+06
8.693933400000004098e+06
8.697681400000004098e+06
8.712640400000004098e+06
8.710390400000004098e+06
8.721033400000004098e+06
8.718448400000004098e+06
8.731398400000004098e+06
8.733277400000004098e+06
8.747845400000004098e+06
8.748934400000004098e+06
8.770983400000004098e+06
8.769327400000004098e+06
8.776039400000004098e+06
8.779929400000004098e+06
8.791858400000004098e+06
8.794121400000004098e+06
8.808109400000004098e+06
8.809447400000004098e+06
8.820947400000004098e+06
8.822965400000004098e+06
8.838338400000004098e+06
8.842385400000004098e+06
8.858166400000004098e+06
8.852932400000004098e+06
8.868969400000004098e+06
8.867784400000004098e+06
8.882428400000004098e+06
8.886839400000004098e+06
8.895493400000004098e+06
8.897182400000004098e+06
8.911257400000004098e+06
8.913106400000004098e+06
8.922219400000004098e+06
8.924911400000004098e+06
8.942293400000004098e+06
8.943897400000004098e+06
8.954952400000004098e+06
8.958173400000004098e+06
8.968843400000004098e+06
8.972082400000004098e+06
8.987668400000004098e+06
8.985605400000004098e+06
9.002169400000004098e+06
9.002645400000004098e+06
9.013949400000004098e+06
9.016448400000004098e+06
9.031763400000004098e+06
9.029601400000004098e+06
9.044212400000004098e+06
9.043970400000004098e+06
9.059031400000004098e+06
9.059324400000004098e+06
9.071648400000004098e+06
9.070622400000004098e+06
9.087003400000004098e+06
9.088093400000004098e+06
9.098757400000004098e+06
9.102100400000004098e+06
9.112836400000004098e+06
9.117082400000004098e+06
9.131183400000004098e+06
9.131804400000004098e+06
9.147399400000004098e+06
9.148808400000004098e+06
9.162095400000004098e+06
9.163331400000004098e+06
9.179214400000004098e+06
9.177469400000004098e+06
9.181335400000004098e+06
9.181816400000004098e+06
9.201679400000004098e+06
9.204058400000004098e+06
9.222375400000004098e+06
9.219348400000004098e+06
9.232562400000004098e+06
9.233622400000004098e+06
9.245979400000004098e+06
9.246739400000004098e+06
9.261368400000004098e+06
9.262439400000004098e+06
9.270995400000004098e+06
9.269353400000004098e+06
9.285034400000004098e+06
9.283856400000004098e+06
9.304493400000004098e+06
9.307269400000004098e+06
9.316545400000004098e+06
9.315777400000004098e+06
9.329494400000004098e+06
9.328261400000004098e+06
9.345068400000004098e+06
9.342933400000004098e+06
9.353387400000004098e+06
9.355011400000004098e+06
9.373903400000004098e+06
9.374674400000004098e+06
9.393399400000004098e+06
9.391764400000004098e+06
9.405382400000004098e+06
9.405635400000004098e+06
9.415336400000004098e+06
9.416802400000004098e+06
9.434104400000004098e+06
9.435158400000004098e+06
9.446173400000004098e+06
9.446772400000004098e+06
9.462156400000004098e+06
9.462307400000004098e+06
9.475657400000004098e+06
9.476435400000004098e+06
9.488295400000004098e+06
9.491081400000004098e+06
9.503677400000004098e+06
9.507085400000004098e+06
9.522994400000004098e+06
9.516622400000004098e+06
9.533412400000004098e+06
9.531725400000004098e+06
9.545651400000004098e+06
9.546945400000004098e+06
9.564435400000004098e+06
9.560787400000004098e+06
9.573202400000004098e+06
9.569058400000004098e+06
9.584768400000004098e+06
9.583122400000004098e+06
9.595323400000004098e+06
9.600076400000004098e+06
9.611007400000004098e+06
9.611240400000004098e+06
9.626754400000004098e+06
9.628218400000004098e+06
9.639106400000004098e+06
9.642411400000004098e+06
9.654323400000004098e+06
9.655781400000004098e+06
9.672171400000004098e+06
9.672275400000004098e+06
9.689359400000004098e+06
9.692904400000004098e+06
9.696128400000004098e+06
9.698905400000004098e+06
9.712312400000004098e+06
9.714126400000004098e+06
9.731126400000004098e+06
9.734696400000004098e+06
9.742160400000004098e+06
9.739282400000004098e+06
9.756772400000004098e+06
9.754093400000004098e+06
9.771991400000004098e+06
9.772069400000004098e+06
9.785316400000004098e+06
9.785095400000004098e+06
9.799952400000002235e+06
9.797506400000004098e+06
9.814205400000002235e+06
9.813770400000004098e+06
9.824317400000002235e+06
9.822619400000004098e+06
9.845657400000002235e+06
9.843269400000004098e+06
9.860803400000002235e+06
9.860852400000004098e+06
9.869155400000002235e+06
9.867360400000004098e+06
9.879163400000002235e+06
9.877158400000004098e+06
9.895913400000002235e+06
9.899197400000004098e+06
9.910362400000002235e+06
9.909387400000002235e+06
9.925985400000002235e+06
9.923176400000002235e+06
9.937896400000002235e+06
9.934386400000002235e+06
9.948481400000002235e+06
9.943116400000002235e+06
9.963409400000002235e+06
9.968041400000002235e+06
9.986721400000002235e+06
9.987096400000002235e+06
9.995954400000002235e+06
9.995704400000002235e+06
1.001056940000000224e+07
1.000975340000000224e+07
1.002892540000000224e+07
1.002838340000000224e+07
1.004362740000000224e+07
1.004965940000000224e+07
1.006429240000000224e+07
1.006086940000000224e+07
1.007790040000000224e+07
1.007414540000000224e+07
1.008988240000000224e+07
1.008704540000000224e+07
1.010671940000000224e+07
1.010197840000000224e+07
1.011656340000000224e+07
1.011818840000000224e+07
1.012943840000000224e+07
1.013157940000000224e+07
1.014740140000000224e+07
1.014567140000000224e+07
1.016487640000000224e+07
1.016912040000000224e+07
1.017701540000000224e+07
1.018203140000000224e+07
1.019538440000000224e+07
1.019593640000000224e+07
1.021105240000000224e+07
1.021284540000000224e+07
1.021928840000000224e+07
1.022379940000000224e+07
1.023888740000000224e+07
1.023906040000000224e+07
1.025207840000000224e+07
1.025003340000000224e+07
1.026173440000000224e+07
1.026503240000000224e+07
1.028011440000000224e+07
1.027597340000000224e+07
1.029163440000000224e+07
1.029474740000000224e+07
1.030530640000000224e+07
1.030089140000000224e+07
1.031728540000000224e+07
1.031763540000000224e+07
1.033132840000000224e+07
1.033539840000000224e+07
1.034859140000000224e+07
1.034603640000000224e+07
1.036328440000000224e+07
1.036263440000000224e+07
1.037895240000000224e+07
1.037858440000000224e+07
1.039046740000000224e+07
1.038917440000000224e+07
1.040730840000000224e+07
1.040567240000000224e+07
1.042080540000000224e+07
1.042517040000000224e+07
1.043497440000000224e+07
1.043810940000000224e+07
1.045458740000000224e+07
1.045301840000000224e+07
1.046426840000000224e+07
1.046820340000000224e+07
1.048004240000000224e+07
1.047957840000000224e+07
1.048610140000000224e+07
1.048870940000000224e+07
1.049886340000000224e+07
1.050379840000000224e+07
1.051998140000000224e+07
1.052036040000000224e+07
1.053464340000000224e+07
1.053411340000000224e+07
1.054639340000000224e+07
1.054965140000000224e+07
1.056173040000000224e+07
1.056079140000000224e+07
1.058076040000000224e+07
1.058183340000000224e+07
1.060021240000000224e+07
1.059898240000000224e+07
1.060830840000000224e+07
1.060912340000000224e+07
1.062309740000000224e+07
1.062145140000000224e+07
1.063958740000000224e+07
1.064087740000000224e+07
1.065263440000000224e+07
1.065392540000000224e+07
1.066855740000000224e+07
1.066830040000000224e+07
1.068609940000000224e+07
1.068215640000000224e+07
1.069249740000000224e+07
1.069803740000000224e+07
1.071083040000000224e+07
1.071173740000000224e+07
1.072650140000000224e+07
1.072635440000000224e+07
1.073914040000000224e+07
1.073780840000000224e+07
1.074920540000000224e+07
1.075133740000000224e+07
1.076718540000000224e+07
1.076496940000000224e+07
1.077639740000000224e+07
1.077639540000000224e+07
1.079233540000000224e+07
1.079019640000000224e+07
1.080594140000000224e+07
1.080638540000000224e+07
1.081469040000000224e+07
1.082180240000000224e+07
1.083589240000000224e+07
1.083544240000000224e+07
1.085371840000000224e+07
1.085171340000000224e+07
1.086665240000000224e+07
1.086678640000000224e+07
1.088534940000000224e+07
1.088554040000000224e+07
1.090095340000000224e+07
1.090299340000000224e+07
1.090844340000000224e+07
1.091457940000000224e+07
1.093036640000000224e+07
1.092759240000000224e+07
1.094735140000000224e+07
1.094950940000000224e+07
1.095823440000000224e+07
1.096232240000000224e+07
1.097658740000000224e+07
1.097922740000000224e+07
1.099400240000000224e+07
1.099303440000000224e+07
1.100176440000000224e+07
1.100536440000000224e+07
1.102289340000000224e+07
1.101876240000000224e+07
1.103946740000000224e+07
1.103882940000000224e+07
1.104424640000000224e+07
1.104264540000000224e+07
1.105766340000000224e+07
1.105475840000000224e+07
1.107180140000000224e+07
1.107564740000000224e+07
1.108809140000000224e+07
1.109157740000000224e+07
1.110525440000000224e+07
1.110386840000000224e+07
1.112017740000000224e+07
1.111839740000000224e+07
1.113197240000000224e+07
1.112969240000000224e+07
1.114742940000000224e+07
1.114393340000000224e+07
1.116303240000000224e+07
1.116461340000000224e+07
1.117533140000000224e+07
1.117625840000000224e+07
1.119098040000000224e+07
1.118993940000000224e+07
1.120501840000000224e+07
1.120401740000000224e+07
1.121453040000000224e+07
1.121648740000000224e+07
1.123740940000000224e+07
1.123430040000000224e+07
1.125078240000000224e+07
1.124876840000000224e+07
1.125776140000000224e+07
1.125885740000000224e+07
1.127880640000000224e+07
1.127239340000000224e+07
1.128672640000000224e+07
1.128908440000000224e+07
1.130116340000000224e+07
1.130254840000000224e+07
1.131840440000000224e+07
1.131915440000000224e+07
1.133723240000000224e+07
1.133622040000000224e+07
1.134930940000000224e+07
1.134869540000000224e+07
1.136383340000000224e+07
1.136351840000000224e+07
1.137997740000000224e+07
1.137925140000000224e+07
1.139427740000000224e+07
1.139667140000000224e+07
1.140878640000000224e+07
1.140618140000000224e+07
1.142469440000000224e+07
1.142781640000000224e+07
1.143441940000000224e+07
1.143385740000000224e+07
1.145082140000000224e+07
1.145096940000000224e+07
1.146678640000000224e+07
1.146836340000000224e+07
1.147714640000000224e+07
1.147024540000000224e+07
1.148804440000000224e+07
1.149055040000000224e+07
1.150524740000000224e+07
1.150682840000000224e+07
1.151707940000000224e+07
1.151661340000000224e+07
1.153188540000000224e+07
1.153164440000000224e+07
1.154763540000000224e+07
1.155386240000000224e+07
1.156221340000000224e+07
1.156016340000000224e+07
1.157578740000000224e+07
1.157216840000000224e+07
1.158979540000000224e+07
1.158897340000000224e+07
1.160288040000000224e+07
1.160307640000000224e+07
1.162396040000000224e+07
1.161752240000000224e+07
1.163658040000000224e+07
1.163779940000000224e+07
1.164757940000000224e+07
1.164916040000000224e+07
1.166551840000000224e+07
1.166374640000000224e+07
1.168115540000000224e+07
1.168159440000000224e+07
1.169031840000000224e+07
1.169247640000000224e+07
1.171418540000000224e+07
1.170917440000000224e+07
1.172110540000000224e+07
1.172114740000000224e+07
1.173439140000000224e+07
1.173662640000000224e+07
1.175231640000000224e+07
1.175715340000000224e+07
1.176571240000000224e+07
1.176233940000000224e+07
1.177222240000000224e+07
1.177160240000000224e+07
1.179239640000000224e+07
1.179335040000000224e+07
1.181157140000000224e+07
1.181270240000000224e+07
1.182417940000000224e+07
1.182033240000000224e+07
1.183906140000000224e+07
1.183537240000000224e+07
1.185084540000000224e+07
1.185105640000000224e+07
1.186512640000000224e+07
1.186500040000000224e+07
1.187648540000000224e+07
1.187657740000000224e+07
1.189377040000000224e+07
1.189196640000000224e+07
1.190393540000000224e+07
1.190412640000000224e+07
1.192243940000000224e+07
1.191900940000000224e+07
1.193829540000000224e+07
1.194196040000000224e+07
1.195233240000000224e+07
1.194987440000000224e+07
1.196825340000000224e+07
1.196433840000000224e+07
1.197869340000000224e+07
1.198016840000000224e+07
1.199105540000000224e+07
1.199104640000000224e+07
1.200758740000000224e+07
1.200586140000000224e+07
1.201738740000000224e+07
1.201761140000000224e+07
1.202943240000000224e+07
1.203782940000000224e+07
1.205206940000000224e+07
1.205753640000000224e+07
1.207156740000000224e+07
1.206908140000000224e+07
1.207821140000000224e+07
1.208413340000000224e+07
1.210166840000000224e+07
1.209695740000000224e+07
1.211422440000000224e+07
1.211048540000000224e+07
1.212725640000000224e+07
1.212748040000000224e+07
1.214410440000000224e+07
1.214144440000000224e+07
1.215943940000000224e+07
1.215567640000000224e+07
1.217045940000000224e+07
1.216774240000000224e+07
1.218380640000000224e+07
1.218362940000000224e+07
1.219663240000000224e+07
1.220312340000000224e+07
1.221352340000000224e+07
1.221444640000000224e+07
1.222987240000000224e+07
1.222539440000000224e+07
1.224096840000000224e+07
1.224410140000000224e+07
1.225511840000000224e+07
1.225480140000000224e+07
1.226660440000000224e+07
1.226560440000000224e+07
1.228402640000000224e+07
1.228605540000000224e+07
1.229702240000000224e+07
1.229994740000000224e+07
1.231768040000000224e+07
1.231402640000000224e+07
1.232814840000000224e+07
1.232765740000000224e+07
1.233379140000000224e+07
1.233547140000000224e+07
1.235448040000000224e+07
1.235287240000000224e+07
1.236909540000000224e+07
1.237022740000000224e+07
1.238615640000000224e+07
1.238018440000000224e+07
1.239839240000000224e+07
1.239275640000000224e+07
1.241046340000000224e+07
1.241262540000000224e+07
1.242085040000000224e+07
1.242407140000000224e+07
1.244254540000000224e+07
1.243754340000000224e+07
1.245387140000000224e+07
1.245831740000000224e+07
1.246711440000000224e+07
1.246990040000000224e+07
1.248637240000000224e+07
1.248667240000000224e+07
1.249780640000000224e+07
1.249565540000000224e+07
1.250497340000000224e+07
1.250610840000000224e+07
1.252364540000000224e+07
1.252593640000000224e+07
1.253864940000000224e+07
1.254002340000000224e+07
1.255032340000000224e+07
1.255346840000000224e+07
1.257266240000000224e+07
1.256960740000000224e+07
1.258518040000000224e+07
1.258371340000000224e+07
1.259744740000000224e+07
1.259630340000000224e+07
1.261061440000000224e+07
1.261121640000000224e+07
1.262741640000000224e+07
1.262808340000000224e+07
1.264156240000000224e+07
1.263949740000000224e+07
1.265309940000000224e+07
1.265690740000000224e+07
1.266994140000000224e+07
1.266901040000000224e+07
1.268109540000000224e+07
1.268579540000000224e+07
1.270217140000000224e+07
1.269788640000000224e+07
1.271600340000000224e+07
1.271558440000000224e+07
1.272948040000000224e+07
1.272877440000000224e+07
1.274263840000000224e+07
1.274414840000000224e+07
1.275599440000000224e+07
1.275708440000000224e+07
1.277079340000000224e+07
1.276641840000000224e+07
1.278250040000000224e+07
1.278603840000000224e+07
1.280249340000000224e+07
1.280144340000000224e+07
1.281442940000000224e+07
1.281536140000000224e+07
1.282932040000000224e+07
1.282959040000000224e+07
1.284664040000000224e+07
1.284531240000000224e+07
1.285546940000000224e+07
1.285703940000000224e+07
1.287215340000000224e+07
1.287162340000000224e+07
1.287940540000000224e+07
1.288293340000000224e+07
1.289628640000000224e+07
1.289838940000000224e+07
1.291354840000000224e+07
1.291555440000000224e+07
1.292968140000000224e+07
1.292711240000000224e+07
1.294096740000000224e+07
1.294209640000000224e+07
1.295916840000000224e+07
1.295723340000000224e+07
1.296908540000000224e+07
1.296918640000000224e+07
1.297750540000000224e+07
1.297887040000000224e+07
1.299531140000000224e+07
1.300044240000000224e+07
1.301448640000000224e+07
1.301450340000000224e+07
1.302431640000000224e+07
1.302608740000000224e+07
1.303705540000000224e+07
1.304231640000000224e+07
1.305453440000000224e+07
1.305548540000000224e+07
1.307065440000000224e+07
1.306445340000000224e+07
1.308478740000000224e+07
1.308828040000000224e+07
1.309830640000000224e+07
1.310390740000000224e+07
1.311506240000000224e+07
1.311463840000000224e+07
1.313036540000000224e+07
1.312824140000000224e+07
1.314659140000000224e+07
1.314956340000000224e+07
1.315688540000000224e+07
1.315616940000000224e+07
1.317536240000000224e+07
1.317545240000000224e+07
1.318726840000000224e+07
1.318902440000000224e+07
1.320383640000000224e+07
1.320092140000000224e+07
1.321706340000000224e+07
1.321517940000000224e+07
1.322897340000000224e+07
1.322633040000000224e+07
1.324175240000000224e+07
1.324307340000000224e+07
1.326131140000000224e+07
1.326530440000000224e+07
1.327702240000000224e+07
1.327543540000000224e+07
1.328959140000000224e+07
1.328911440000000224e+07
1.330746140000000224e+07
1.330615340000000224e+07
1.332041440000000224e+07
1.332315240000000224e+07
1.333202240000000224e+07
1.333304940000000224e+07
1.334688540000000224e+07
1.334841640000000224e+07
1.336450040000000224e+07
1.336246140000000224e+07
1.337641540000000224e+07
1.338002440000000224e+07
1.339137540000000224e+07
1.339313340000000224e+07
1.340567240000000224e+07
1.341005840000000224e+07
1.341877640000000224e+07
1.341927440000000224e+07
1.343690440000000224e+07
1.343369340000000224e+07
1.344851740000000224e+07
1.345016140000000224e+07
1.345936640000000224e+07
1.346120240000000224e+07
1.347565140000000224e+07
1.347521140000000224e+07
1.349188240000000224e+07
1.349636440000000224e+07
1.350609740000000224e+07
1.350719040000000224e+07
1.352400140000000224e+07
1.351949440000000224e+07
1.353631740000000224e+07
1.353918140000000224e+07
1.354892640000000224e+07
1.354757840000000224e+07
1.356636640000000224e+07
1.356806540000000224e+07
1.357808840000000224e+07
1.358268740000000224e+07
1.359107340000000224e+07
1.359395440000000224e+07
1.360744740000000224e+07
1.360896240000000224e+07
1.362207040000000224e+07
1.362081440000000224e+07
1.363376740000000224e+07
1.363356840000000224e+07
1.364792040000000224e+07
1.364966540000000224e+07
1.366761740000000224e+07
1.366507440000000224e+07
1.367349240000000224e+07
1.367183440000000224e+07
1.368909440000000224e+07
1.369128540000000224e+07
1.370574040000000224e+07
1.370448440000000224e+07
1.371939540000000224e+07
1.372018140000000224e+07
1.373810640000000224e+07
1.373823540000000224e+07
1.375151640000000224e+07
1.375011240000000224e+07
1.376096540000000224e+07
1.375791840000000224e+07
1.378043640000000224e+07
1.378233640000000224e+07
1.379570140000000224e+07
1.379838240000000224e+07
1.380626140000000224e+07
1.381004340000000224e+07
1.382630840000000224e+07
1.382187140000000224e+07
1.383571540000000224e+07
1.383909940000000224e+07
1.385096240000000224e+07
1.385445840000000224e+07
1.386796140000000224e+07
1.387027440000000224e+07
1.388575240000000224e+07
1.388532540000000224e+07
1.389869640000000224e+07
1.389647840000000224e+07
1.391363340000000224e+07
1.390871640000000224e+07
1.392382540000000224e+07
1.392054140000000224e+07
1.393091140000000224e+07
1.392777040000000224e+07
1.394626040000000224e+07
1.394617640000000224e+07
1.396761540000000224e+07
1.397038040000000224e+07
1.398072640000000224e+07
1.397987440000000224e+07
1.399126140000000224e+07
1.399482740000000224e+07
1.400975840000000224e+07
1.401164440000000224e+07
1.402138040000000224e+07
1.402347140000000224e+07
1.403825340000000224e+07
1.403911040000000224e+07
1.405408040000000224e+07
1.405553940000000224e+07
1.406760140000000224e+07
1.406624340000000224e+07
1.408315040000000224e+07
1.408423240000000224e+07
1.409973740000000224e+07
1.409668540000000224e+07
1.410799440000000224e+07
1.411030940000000224e+07
1.412371540000000224e+07
1.412383040000000224e+07
1.414099440000000224e+07
1.413709440000000224e+07
1.414756740000000224e+07
1.415574640000000224e+07
1.417669440000000224e+07
1.417234440000000224e+07
1.418521640000000224e+07
1.418719040000000224e+07
1.419767940000000224e+07
1.419229940000000224e+07
1.421526840000000224e+07
1.421425140000000224e+07
1.423048440000000224e+07
1.423223640000000224e+07
1.423975840000000224e+07
1.424180040000000224e+07
1.426028440000000224e+07
1.425591240000000224e+07
1.427331140000000224e+07
1.427093140000000224e+07
1.428354540000000224e+07
1.428587640000000224e+07
1.429959840000000224e+07
1.429897240000000224e+07
1.431247940000000224e+07
1.431851440000000224e+07
1.433052240000000224e+07
1.432694040000000224e+07
1.434345940000000224e+07
1.434382940000000224e+07
1.435618640000000224e+07
1.435879940000000224e+07
1.436826740000000224e+07
1.436792940000000224e+07
1.438681240000000224e+07
1.438264640000000224e+07
1.440134640000000224e+07
1.440506140000000224e+07
1.441589940000000224e+07
1.441960040000000224e+07
1.442898640000000224e+07
1.443148440000000224e+07
1.444608440000000224e+07
1.444157640000000224e+07
1.445839340000000224e+07
1.445847940000000224e+07
1.447489940000000224e+07
1.447522540000000224e+07
1.448792940000000224e+07
1.449053340000000224e+07
1.449601540000000224e+07
1.450280840000000224e+07
1.451768640000000224e+07
1.451446140000000224e+07
1.453218740000000224e+07
1.453420040000000224e+07
1.454435640000000224e+07
1.454518740000000224e+07
1.455870940000000224e+07
1.455925640000000224e+07
1.457622940000000224e+07
1.457748540000000224e+07
1.459337140000000224e+07
1.458986240000000224e+07
1.460462040000000224e+07
1.460365640000000224e+07
1.462259840000000224e+07
1.462266740000000224e+07
1.463521740000000224e+07
1.463041240000000224e+07
1.464979040000000224e+07
1.464646740000000224e+07
1.466439340000000224e+07
1.466219140000000224e+07
1.467439040000000224e+07
1.467381940000000224e+07
1.469489740000000224e+07
1.468850240000000224e+07
1.470447140000000224e+07
1.470725340000000224e+07
1.472215540000000224e+07
1.472062240000000224e+07
1.473618540000000224e+07
1.473469840000000224e+07
1.475211040000000224e+07
1.474783140000000224e+07
1.476117740000000224e+07
1.476230040000000224e+07
1.477547240000000224e+07
1.477889240000000224e+07
1.478941040000000224e+07
1.479287240000000224e+07
1.480392940000000224e+07
1.480271240000000224e+07
1.482043640000000224e+07
1.481758840000000224e+07
1.483686240000000224e+07
1.483468940000000224e+07
1.485137540000000224e+07
1.484553140000000224e+07
1.486130640000000224e+07
1.486181840000000224e+07
1.487379440000000224e+07
1.487874940000000224e+07
1.489324440000000224e+07
1.489571740000000224e+07
1.490481640000000224e+07
1.490188740000000224e+07
1.491579540000000224e+07
1.491632640000000224e+07
1.493515540000000224e+07
1.493344740000000224e+07
1.494816140000000224e+07
1.494585340000000224e+07
1.496227840000000224e+07
1.496289540000000224e+07
1.497596140000000224e+07
1.497979940000000224e+07
1.499317440000000224e+07
1.498733540000000224e+07
1.500206240000000224e+07
1.500445340000000224e+07
1.502136340000000224e+07
1.501973640000000224e+07
1.502811140000000224e+07
1.502242140000000224e+07
1.504553140000000224e+07
1.504993940000000224e+07
1.506659240000000224e+07
1.506731240000000224e+07
1.507677640000000224e+07
1.507195040000000224e+07
1.509185740000000224e+07
1.509280940000000224e+07
1.510962440000000224e+07
1.510808040000000224e+07
1.511786240000000224e+07
1.511797240000000224e+07
1.513047740000000224e+07
1.512954940000000224e+07
1.514890740000000224e+07
1.514796740000000224e+07
1.515968240000000224e+07
1.516067040000000224e+07
1.517228440000000224e+07
1.517317940000000224e+07
1.519238740000000224e+07
1.519540540000000224e+07
1.520185040000000224e+07
1.520232940000000224e+07
1.522149340000000224e+07
1.521835240000000224e+07
1.524053540000000224e+07
1.523827140000000224e+07
1.525623740000000224e+07
1.525124340000000224e+07
1.527037940000000224e+07
1.526699140000000224e+07
1.528398240000000224e+07
1.528570040000000224e+07
1.529225640000000224e+07
1.529213140000000224e+07
1.530994840000000224e+07
1.531070540000000224e+07
1.532548240000000224e+07
1.532473140000000224e+07
1.533753140000000224e+07
1.533641040000000224e+07
1.535052840000000224e+07
1.535640240000000224e+07
1.536988940000000224e+07
1.536979340000000224e+07
1.537954340000000224e+07
1.537892140000000224e+07
1.539127440000000224e+07
1.539205640000000224e+07
1.540903340000000224e+07
1.541309540000000224e+07
1.542036740000000224e+07
1.542546240000000224e+07
1.544100240000000224e+07
1.543906540000000224e+07
1.545778840000000224e+07
1.545615240000000224e+07
1.546645540000000224e+07
1.547038140000000224e+07
1.548496540000000224e+07
1.548504840000000224e+07
1.550006040000000224e+07
1.550184140000000224e+07
1.551424940000000224e+07
1.551218140000000224e+07
1.553149240000000224e+07
1.552737540000000224e+07
1.554522240000000224e+07
1.554604040000000224e+07
1.555820840000000224e+07
1.555508540000000224e+07
1.556567740000000224e+07
1.556941840000000224e+07
1.558888440000000224e+07
1.558889540000000224e+07
1.559693340000000224e+07
1.559769240000000224e+07
1.561098940000000224e+07
1.561581540000000224e+07
1.563356340000000224e+07
1.563364540000000224e+07
1.564093240000000224e+07
1.564295040000000224e+07
1.565370240000000224e+07
1.565664640000000224e+07
1.567776940000000224e+07
1.567547240000000224e+07
1.568663740000000224e+07
1.568750840000000224e+07
1.570048340000000224e+07
1.570294840000000224e+07
1.572057040000000224e+07
1.572289540000000224e+07
1.573364040000000224e+07
1.573009640000000224e+07
1.574512140000000224e+07
1.574089140000000224e+07
1.576537140000000224e+07
1.576193240000000224e+07
1.577301240000000224e+07
1.577335640000000224e+07
1.578576240000000224e+07
1.579337640000000224e+07
1.580252740000000224e+07
1.581021640000000224e+07
1.582015840000000224e+07
1.581798540000000224e+07
1.583220240000000224e+07
1.583107840000000224e+07
1.584624340000000224e+07
1.585312040000000224e+07
1.585752440000000224e+07
1.585834840000000224e+07
1.587539240000000224e+07
1.587607340000000224e+07
1.589413040000000224e+07
1.589183640000000224e+07
1.590587540000000224e+07
1.590241340000000224e+07
1.591874440000000224e+07
1.591893740000000224e+07
1.593893340000000224e+07
1.593939540000000224e+07
1.594887140000000224e+07
1.595268940000000224e+07
1.596344740000000224e+07
1.596044440000000224e+07
1.598054340000000224e+07
1.598160840000000224e+07
1.599651540000000224e+07
1.599073640000000224e+07
1.600560040000000224e+07
1.601067940000000224e+07
1.602402240000000224e+07
1.602853040000000224e+07
1.603376840000000224e+07
1.603648240000000224e+07
1.604922040000000224e+07
1.605315940000000224e+07
1.607340140000000224e+07
1.606669940000000224e+07
1.607731240000000224e+07
1.607302240000000224e+07
1.608731040000000224e+07
1.609288740000000224e+07
1.610637340000000224e+07
1.610876040000000224e+07
1.611792740000000224e+07
1.611562240000000224e+07
1.613107640000000224e+07
1.612388240000000224e+07
1.614143740000000224e+07
1.614001640000000224e+07
1.615739740000000224e+07
1.615243040000000224e+07
1.616761340000000224e+07
1.616819740000000224e+07
1.618434740000000224e+07
1.618726840000000224e+07
1.619906740000000224e+07
1.619792340000000224e+07
1.621259740000000224e+07
1.621186540000000224e+07
1.622751940000000224e+07
1.622831540000000224e+07
1.624197440000000224e+07
1.623685040000000224e+07
1.625528340000000224e+07
1.625116040000000224e+07
1.626740140000000224e+07
1.627108340000000224e+07
1.628027040000000224e+07
1.627853740000000224e+07
1.630155240000000224e+07
1.630447240000000224e+07
1.631592540000000224e+07
1.631643340000000224e+07
1.632653340000000224e+07
1.632088840000000224e+07
1.634148640000000224e+07
1.633745540000000224e+07
1.635505140000000224e+07
1.635139840000000224e+07
1.636355040000000224e+07
1.636493240000000224e+07
1.637959440000000224e+07
1.637970740000000224e+07
1.639722340000000224e+07
1.640151840000000224e+07
1.641561940000000224e+07
1.641547240000000224e+07
1.643770440000000224e+07
1.643443340000000224e+07
1.645151040000000224e+07
1.645072740000000224e+07
1.646062840000000224e+07
1.646069740000000224e+07
1.647837540000000224e+07
1.647970940000000224e+07
1.649640240000000224e+07
1.649925840000000224e+07
1.651018440000000224e+07
1.651304440000000224e+07
1.652723940000000224e+07
1.652890440000000224e+07
1.654287040000000224e+07
1.654107040000000224e+07
1.655718940000000224e+07
1.655280540000000224e+07
1.656804940000000224e+07
1.656980640000000224e+07
1.658854740000000224e+07
1.658675040000000224e+07
1.660276540000000224e+07
1.659954140000000224e+07
1.661200140000000224e+07
1.661131740000000224e+07
1.663093040000000224e+07
1.662947740000000224e+07
1.663579140000000224e+07
1.663484240000000224e+07
1.665438940000000224e+07
1.665734740000000224e+07
1.667570040000000224e+07
1.667218540000000224e+07
1.668325640000000224e+07
1.668087540000000224e+07
1.670390040000000224e+07
1.669986140000000224e+07
1.671611840000000224e+07
1.671839640000000224e+07
1.673134340000000224e+07
1.672302740000000224e+07
1.674481940000000224e+07
1.674865040000000224e+07
1.676528640000000224e+07
1.676476240000000224e+07
1.677361940000000224e+07
1.676754640000000224e+07
1.678335940000000224e+07
1.678933440000000224e+07
1.680507840000000224e+07
1.680766140000000224e+07
1.681735040000000224e+07
1.681694240000000224e+07
1.683088440000000224e+07
1.683435340000000224e+07
1.685019240000000224e+07
1.684673040000000224e+07
1.686047940000000224e+07
1.685763240000000224e+07
1.687070240000000224e+07
1.687231740000000224e+07
1.688851140000000224e+07
1.688718840000000224e+07
1.690486540000000224e+07
1.690057040000000224e+07
1.691940640000000224e+07
1.691821340000000224e+07
1.693632540000000224e+07
1.693528440000000224e+07
1.694993740000000224e+07
1.694485540000000224e+07
1.696581540000000224e+07
1.696102940000000224e+07
1.697767840000000224e+07
1.697864240000000224e+07
1.698886840000000224e+07
1.698810540000000224e+07
1.700656840000000224e+07
1.700329140000000224e+07
1.702287440000000224e+07
1.702128240000000224e+07
1.703404740000000224e+07
1.703245840000000224e+07
1.705028740000000224e+07
1.705084440000000224e+07
1.706556140000000224e+07
1.706480440000000224e+07
1.707330840000000224e+07
1.707803640000000224e+07
1.709630840000000224e+07
1.709222440000000224e+07
1.710862240000000224e+07
1.710689740000000224e+07
1.711681040000000224e+07
1.711368240000000224e+07
1.713477740000000224e+07
1.713549240000000224e+07
1.715304140000000224e+07
1.715560540000000224e+07
1.716329140000000224e+07
1.716010240000000224e+07
1.717224640000000224e+07
1.717339040000000224e+07
1.718615840000000224e+07
1.719082640000000224e+07
1.720504840000000224e+07
1.720442240000000224e+07
1.722049940000000224e+07
1.722083940000000224e+07
1.724503540000000224e+07
1.723935240000000224e+07
1.725346140000000224e+07
1.724852940000000224e+07
1.726284040000000224e+07
1.726311940000000224e+07
1.728308740000000224e+07
1.728177640000000224e+07
1.729540040000000224e+07
1.729402640000000224e+07
1.730982640000000224e+07
1.731083740000000224e+07
1.732404540000000224e+07
1.732203640000000224e+07
1.733675440000000224e+07
1.733131940000000224e+07
1.734974740000000224e+07
1.735193240000000224e+07
1.736829440000000224e+07
1.736431340000000224e+07
1.737978940000000224e+07
1.737345140000000224e+07
1.739633040000000224e+07
1.739233440000000224e+07
1.741475940000000224e+07
1.741384340000000224e+07
1.742456440000000224e+07
1.742414540000000224e+07
1.743618540000000224e+07
1.744523140000000224e+07
1.745714740000000224e+07
1.745735340000000224e+07
1.746880940000000224e+07
1.746286140000000224e+07
1.748312040000000224e+07
1.748443040000000224e+07
1.749740540000000224e+07
1.749502040000000224e+07
1.750718240000000224e+07
1.751164640000000224e+07
1.752465540000000224e+07
1.752630240000000224e+07
1.754448240000000224e+07
1.754168140000000224e+07
1.755275240000000224e+07
1.755251140000000224e+07
1.756113940000000224e+07
1.756972440000000224e+07
1.758639140000000224e+07
1.758423540000000224e+07
1.760100140000000224e+07
1.759588140000000224e+07
1.761288140000000224e+07
1.761428740000000224e+07
1.762951640000000224e+07
1.763137140000000224e+07
1.764083040000000224e+07
1.764081240000000224e+07
1.765537140000000224e+07
1.765676940000000224e+07
1.767413940000000224e+07
1.766820840000000224e+07
1.768652740000000224e+07
1.768241740000000224e+07
1.770051740000000224e+07
1.769712340000000224e+07
1.771366440000000224e+07
1.771328440000000224e+07
1.772785940000000224e+07
1.772758540000000224e+07
1.773879640000000224e+07
1.774592740000000224e+07
1.775757340000000224e+07
1.776245940000000224e+07
1.776566840000000224e+07
1.776855640000000224e+07
1.778296440000000224e+07
1.778598940000000224e+07
1.780497640000000224e+07
1.780090240000000224e+07
1.781183340000000224e+07
1.781551340000000224e+07
1.783007240000000224e+07
1.782914340000000224e+07
1.784625340000000224e+07
1.784322240000000224e+07
1.785069640000000224e+07
1.784981040000000224e+07
