2.030731754880523265e+00
1.494558541556431364e-01
1.114258364578702837e-01
1.242815721634469989e-01
1.156898558582821618e-01
1.110787219933901671e-01
1.296097338683734335e-01
5.795061917212332436e-02
5.418636421899943739e-02
1.295276586397127172e-01
7.649740148826644770e-02
5.780127740217810839e-02
1.157399730439668262e-01
1.034861871851910503e-01
5.843743979948268913e-02
1.771587020496168674e-01
1.506777211769156355e-01
1.233509714158109311e-01
1.311149332601527218e-01
1.526547564315373917e-01
1.732218617305386898e-01
4.467165753232085756e-02
3.938238542721635843e-02
1.612715493960677204e-01
1.549756769249283073e-01
1.325038515660645899e-01
1.092462620552797498e-01
8.799039575609446384e-02
3.970808139777037143e-02
1.133961905548009769e-01
1.178034501839662629e-01
3.993479277587108633e-02
8.138325330402783331e-02
7.823161459761011904e-02
1.706262555171360884e-01
8.412321408474417173e-02
1.873958324442239753e-01
5.687026862216423145e-02
1.946705681752470551e-01
1.661789886377074976e-01
1.586537037612743839e-01
1.229952141633192664e-01
1.114595240532803982e-01
1.127545432870162845e-01
3.180408318182339350e-02
1.237034337325782635e-01
1.724868562134129479e-01
1.222343047761072221e-01
1.234315878840082231e-01
3.914894784340498118e-02
1.188282633225127977e-01
1.758156714727724668e-01
1.161373947948377144e-01
9.887205736226759023e-02
1.881197324931218884e-01
1.454257657327180375e-01
1.069286096857777202e-01
1.328050996516366433e-01
2.996524651399034012e-01
1.800356577578234377e-02
7.077175986816658382e-02
1.073760924200294342e-01
9.649204149533943675e-02
1.254934468702599559e-01
4.873022849549290408e-02
1.697892576078330051e-01
1.385077148087300765e-02
4.533039928158628246e-02
1.746496509670869279e-01
1.463989000166778520e-01
1.048685025531327641e-01
1.576862336247465135e-01
5.664182082712030525e-02
9.899347344178185959e-02
6.588983019198008106e-02
1.168104925165433100e-01
9.871409092182890921e-02
9.409263981663695819e-02
2.116918985809655152e-01
1.557198811572448327e-01
3.353241044630046741e-02
1.028861703702244473e-01
9.293022086721974828e-02
8.849479922259238796e-02
1.320113845753917159e-01
4.308979069915188503e-02
7.648923388687112190e-02
6.742287560187071663e-03
1.135557363220755789e-01
7.388734109027748909e-02
9.092770645587217038e-02
4.824341375269323301e-02
1.992156952066599096e-01
8.115824906966963292e-02
1.531521792704285678e-01
8.583427135586399470e-02
1.446350247998810512e-01
8.907145419224772598e-02
3.029037943105904185e-02
2.320135762895243758e-02
5.714165053151412654e-02
1.632571541217397726e-01
7.142197272933414887e-02
1.167709545533700960e-01
1.492334135923445715e-01
2.038407631351498231e-02
2.465631801435373416e-01
1.276444170388724986e-01
1.022513314523546268e-01
1.251405746496482840e-01
1.191910587068942678e-01
1.068624988775936646e-01
1.112225983320661027e-01
1.679256959900622403e-01
7.145429610678789845e-02
6.528217286557747023e-02
9.199624313264974373e-02
1.454837575421935314e-01
1.924600972043777891e-01
1.405469712554331847e-02
4.691946968908515536e-02
9.205315627796459288e-02
7.174927662036781340e-02
1.655598018760775364e-02
9.224405171415103744e-02
4.672997160957566981e-02
8.073765185130328537e-02
4.623244739283424720e-02
1.690422735607086113e-01
4.975662451437056627e-02
1.239732327299778863e-01
1.166583650762403196e-01
9.817069082058783869e-02
8.911167524764493364e-02
8.251309418108870516e-03
1.283696888152083826e-01
6.445653130919723472e-02
1.190675122144553011e-01
4.815758520370031631e-02
1.395263015433714227e-01
1.534674291712945782e-01
9.676338264568293962e-03
1.438172938791581756e-01
2.629989354330533255e-02
1.261176508168657673e-01
4.902493122039931761e-02
8.523340756661039463e-02
3.969609727235808017e-02
2.713582720287726832e-02
1.257483932424096340e-01
5.098607561039185387e-02
5.786256382074988353e-02
1.606476502966752151e-01
7.351412118324639200e-02
1.029723372198374648e-01
1.304220407970771156e-01
4.563089743404272203e-02
2.249459309018300712e-02
1.247540907168438046e-01
1.622375792428681074e-01
4.866986289935153892e-02
3.758813322609831642e-02
4.080448226062689115e-02
1.941250680092263259e-01
1.559962029388426569e-02
5.345874404393154145e-02
1.124231721026281022e-01
1.622537396671929269e-02
2.125964070372521608e-01
5.994508124646664993e-02
7.992829538498835706e-02
2.999873292431209579e-02
8.191307552794979685e-02
9.162484153722913471e-02
1.183268353343328722e-01
4.470907653538432058e-02
9.721583434830420589e-02
1.582930474738409865e-01
1.024861270334355701e-01
1.124460004693911691e-01
8.416464888758334872e-02
1.363479668624932584e-01
1.445260546709182525e-01
9.871145925121067866e-02
1.198861418432333320e-01
1.762696543856240305e-02
1.075502597975321883e-01
9.389802527970041168e-02
9.972944504898921536e-02
1.200397490714654458e-01
9.363248280348204777e-02
3.855470033633036364e-02
1.718986385534294614e-01
2.810962968263706549e-02
9.198923972326429610e-02
1.132035398475027960e-01
7.622448974004605859e-02
4.348605166782749942e-02
2.390288905149006229e-02
4.401729271244695513e-02
2.131081035303447335e-01
5.125744986029046046e-02
1.313090590467861085e-01
4.198778751978912704e-02
9.132454066103373735e-02
1.817909750926530454e-01
1.285181213722769999e-01
5.686486342948718353e-02
1.775121982769339857e-01
6.998807847110780946e-03
1.404854223652640122e-01
1.153725252099901816e-01
1.570248687318233638e-01
4.856967485405876833e-02
1.930043140242871519e-02
6.638948692102247806e-02
9.491016962738366147e-02
9.635706400217955436e-02
5.409232623527591988e-02
6.472671718350926640e-02
2.040658059508657085e-02
1.177860759989584061e-01
8.759548839133575460e-02
7.202690349778527457e-02
1.444482683686684754e-01
1.481275268667856249e-01
9.977703172797005096e-03
2.481593874388094909e-02
1.710887730240998328e-01
7.155415965805250744e-02
1.758858406999050661e-01
8.836157175044649648e-02
1.299576440944068267e-01
1.283186240064035921e-01
7.896306697062001334e-02
1.786012895026063696e-01
1.417300622766115847e-01
4.319595287891318108e-02
2.064890989877280619e-02
1.021291193607649084e-01
5.119648612406509092e-02
1.428564197916490086e-01
9.505121310311828720e-02
7.122807075565616708e-02
5.528428203863271218e-02
1.062610898092711670e-01
1.755400019550560145e-02
1.255805773149868965e-01
1.456212749541163087e-01
1.743437447897877926e-02
7.862732776033053150e-02
6.116386306645937854e-02
9.419976696042678399e-02
2.142948611053320865e-02
4.880209737811051773e-02
9.865864782745369099e-02
8.207085451492750205e-02
6.206842783427171661e-02
8.831420486613290877e-02
1.670454959007824924e-01
1.792253850682548333e-01
6.497503524730798008e-02
6.298501203249604052e-02
1.272900796226355546e-01
3.976726642198340211e-02
9.441385029589088873e-02
7.685144942648378108e-02
6.687755952563148587e-02
1.310445768165086344e-01
1.062116984359526561e-01
1.146531949167267223e-01
1.354222871221446300e-01
9.612923013090030055e-02
2.835923987511606778e-02
4.682413112703710106e-02
9.784156046791862849e-02
5.444570142045628697e-02
3.589598004425026412e-02
7.128780215688833299e-02
5.903213722280029052e-02
1.274705866037385005e-01
2.133456259865712801e-01
1.295996224335959901e-01
1.119972388445421990e-01
1.618780416354297091e-01
3.968551980341492036e-02
1.772131611410947272e-01
5.585137438161096729e-02
6.181128289089683758e-02
9.423554781383748635e-02
5.571699834803799795e-02
4.144374410055284147e-02
6.246893119655228671e-02
1.041959072692726362e-01
7.526343860296078048e-02
1.593922403084386819e-01
5.042949578235870339e-02
1.239904769706133697e-01
5.893674236715873427e-02
7.733095663098053796e-02
2.163900801531630155e-02
8.463451472191502178e-02
5.958449001130289996e-02
1.436027631648091954e-02
3.844592648686232655e-02
8.736597238921019193e-02
1.567232361544630692e-01
5.569507568986513391e-02
1.833506353961350532e-01
1.549405383115712576e-01
8.713353694419925799e-02
2.530882309271171096e-02
5.267078574363991822e-02
7.894732922468292169e-02
1.171683918750732467e-01
1.311334187347812097e-01
1.686636973831155961e-01
1.200573914101130679e-01
1.506555366221504211e-01
1.116835572740301347e-01
1.549788063964443741e-01
1.622512462315792436e-01
5.925943853732189986e-02
1.098053693987336571e-01
1.478540059030257481e-01
1.513840015761034330e-01
9.917370175002175603e-02
1.577128868568437314e-01
1.253472949882395160e-01
7.635990369970065139e-02
1.127355960556536280e-01
2.700857536275878476e-02
1.451694512614930821e-01
6.718512971754660168e-02
9.133407610238956920e-02
1.074144677406909804e-01
8.595429809454582792e-02
1.028142662905951604e-01
1.414815019170591881e-01
6.424286717647441358e-02
1.351681314505717990e-01
2.291232846065431872e-01
1.387199283215441170e-01
5.830914835491149417e-02
9.258384242045325507e-02
3.025938090336802860e-02
2.438980949218748362e-02
8.651043628014429276e-03
3.077981919519292772e-02
2.279439713250671629e-01
1.948899324778652700e-02
9.735016188348033506e-02
4.924696492578539003e-02
1.707132005089040117e-01
6.273399484556337058e-02
9.204663332285414890e-02
9.469680466066246471e-02
3.281970613943725051e-02
1.438335040014421251e-01
2.499505448621200943e-01
7.705670213555512738e-02
9.837989356456176837e-02
8.525120383778451993e-02
8.634919928433573699e-02
6.890903775752522942e-02
6.401274560051649354e-02
1.196142119231363155e-01
8.202293825088691204e-02
2.235325443862185707e-02
1.448897040162444583e-01
1.174554769976402929e-01
1.163786253979952612e-01
5.180812103116264056e-02
4.522490734741596574e-02
1.062687788324784832e-01
1.203164959082193321e-02
6.930120681912142755e-02
7.556044864669950178e-02
1.423306371045936769e-01
9.752886794802120840e-02
2.039574029028589086e-01
1.583695580968249861e-01
1.400782428369509724e-01
8.017584029916213773e-02
5.492201437775064837e-02
9.433941184263741619e-02
1.841863370847739434e-01
1.088606239426527095e-01
6.571642643533796846e-02
1.441611673515092729e-01
1.631873294765358584e-01
9.421406487977092292e-02
6.159211386457973114e-02
5.418012196297165156e-02
7.471402520397593672e-02
1.230121425600037843e-01
7.440479872798924643e-02
1.195611487319594574e-01
4.522398255772690917e-02
1.070718686600020259e-01
1.318128058323137786e-01
1.617766635411045928e-01
1.189207037019017338e-01
8.271263270000810131e-02
7.639909512200096509e-02
5.147306889102185729e-02
8.046998927712502303e-02
1.154281589821136711e-01
8.315811383995087847e-02
6.074182416243874977e-02
1.464375339924748054e-01
1.788899380502442793e-02
5.187404566895901376e-02
1.348674779516507993e-01
1.671134843825168859e-01
1.322053722222565342e-01
1.292051634927847692e-01
3.647196646248154761e-02
1.109548892656420788e-01
1.409286269549721027e-01
6.064450739693026671e-02
2.525010494831029795e-01
8.966027845549587316e-02
1.842331180100548471e-01
1.513702450898801732e-01
1.283126744519071660e-01
7.371552184407184627e-02
1.240391858249567658e-01
1.575285296878797814e-02
9.930931303447904090e-02
2.053591283383693691e-02
3.008427425342735662e-02
1.193593064842542045e-01
1.261191500899263296e-01
5.540352825522756181e-02
3.840788216721666148e-02
6.470502846686149168e-02
8.417115154159784951e-02
1.808324142896138575e-01
4.330316068058731593e-02
9.074126267342862151e-02
7.899550276280402350e-02
1.435766604920191425e-01
5.945868080358487212e-02
6.378821279048570159e-02
4.409652293734706019e-02
7.666089386927892046e-02
2.547701497571997278e-02
6.099405142938513907e-02
7.772681960759406095e-02
5.916742377950207077e-02
5.645334871608000127e-02
8.859457356545789863e-02
1.011719892262413073e-01
1.235202371981898861e-01
1.417544351521957680e-01
1.567642307339497665e-01
4.816639981949496357e-02
8.374079178681624602e-02
2.295828243968108529e-01
1.083849408747286358e-01
1.477089636240472847e-01
9.123051556206061841e-02
1.561239145058004874e-01
1.222590604412591847e-01
4.437639643666980993e-02
2.042132835591554604e-02
1.228646619031823900e-01
1.270001271213006544e-01
5.722683946195342847e-02
1.491356306097279261e-01
7.457822733140548332e-02
2.190508573041729246e-01
1.038149048061702967e-01
8.280516686177305519e-02
7.366726909625848085e-02
1.293339407521322815e-01
1.642365893882118122e-01
6.409137000123404926e-02
1.294249144668894180e-01
5.888860484746030050e-02
1.144126153178968430e-01
1.065985911866861591e-01
6.401028265491456870e-02
1.071481580104006320e-01
5.586535603401884126e-02
8.388270739801813314e-02
1.016852542233532830e-01
5.040311103791092484e-02
6.099020901909533998e-02
1.105708646097559311e-01
6.953124835658805458e-02
4.143450533181255308e-02
7.256510296790487369e-02
5.315971171263869643e-02
2.343550714616237166e-02
2.454597871594491054e-01
1.026650760095594583e-01
1.364676579331416395e-01
4.295771059201492631e-02
5.983980437432740579e-02
1.087857163044064074e-01
7.949819406872085659e-02
1.270001693721219405e-01
1.089029968092938561e-01
8.026570080420247777e-02
6.905719921509471948e-02
1.267314599280060516e-01
7.559561705459862113e-02
8.609167289556507452e-02
1.997981328737964690e-01
6.061324938023945896e-02
7.953657413163744971e-02
1.098644832946259614e-01
8.397054604725286142e-02
1.107859435943841717e-02
1.359682887749443514e-01
2.209803386302051365e-01
1.712523162416380584e-01
5.479821315838066809e-02
1.546635061447957094e-01
6.404221599263201781e-02
4.689687470051566442e-02
8.269377663901845976e-02
1.974241603302212822e-01
6.941420663167875704e-02
8.789272554766165702e-02
9.346328275874736524e-02
1.687856228525951852e-01
1.376477413283606621e-01
4.605926309834851295e-02
1.446254637509966912e-01
6.665323931100620991e-02
7.944797625120872397e-02
5.718802207550663375e-02
1.089300067722190207e-01
6.359223843883379801e-02
9.228757996359802929e-02
9.346383691318140008e-02
1.414995741594637646e-01
6.398688445394096203e-02
8.960565888810381741e-02
1.218040438004439618e-01
1.471962992387271518e-01
1.761509377815543009e-01
1.147582909499841597e-01
7.720522151876486883e-02
5.896726979006071401e-02
7.831308253893685956e-02
9.376646283021418393e-02
9.552402348970083501e-02
1.705300891969861732e-01
5.240659268652113345e-02
3.294337080173476845e-02
1.029864823008666691e-01
1.644539087294408231e-02
1.717124644171423298e-01
1.229887647004745538e-01
2.312615767482024617e-02
3.834645702928255774e-03
2.483873877803613461e-01
1.602887356579034694e-01
7.573731676080797115e-02
8.107866677257480337e-02
1.204613162589021277e-02
8.269725690722438960e-02
4.864380108680941596e-03
6.683323711885556795e-02
5.515703981623137908e-02
8.981398904814873185e-02
1.196124884460064847e-01
9.834693562388231725e-02
1.045325912435249166e-01
9.034496484873071054e-02
1.633470795903927408e-01
1.513559861649283467e-01
1.046111815657675415e-01
8.699663360701424819e-02
1.565242640145914910e-01
1.306904247956000575e-01
5.072840742044755491e-02
9.995862012129806684e-02
1.157696964389055422e-01
1.561998587547901718e-01
1.206248733647999061e-01
1.184857253143002803e-01
9.194696102530258708e-02
1.191206500768328819e-01
4.492648986420090529e-02
7.713984496197620611e-02
5.824785781747736368e-02
1.231021060403615225e-01
6.140444541217490032e-02
2.162169845998167597e-02
6.218985812355137810e-02
1.019754147545810091e-01
3.670565568661934841e-02
1.313167673883135211e-01
4.634134533912737802e-02
5.794711787458777658e-02
2.181950120593002460e-02
8.635873077195793668e-02
1.489621687372503223e-01
5.274247490638245273e-02
1.272344965970914066e-01
7.066956545258906708e-02
8.255031397284159911e-02
5.150641478862066913e-02
4.292335481788035756e-02
1.411765217039563924e-01
2.535070279689432757e-02
2.517761349611382510e-02
8.564615578543230412e-02
1.271503940097641894e-01
5.027311840125062159e-02
1.386490553011005544e-01
9.247450028233221431e-02
5.489761293491500493e-02
1.336938401269315013e-01
6.975356564003369619e-02
5.306323909322557125e-02
1.210229434836382206e-01
7.414698885090446889e-02
4.112403278510842058e-02
1.110232800122733926e-01
7.430019036577689695e-02
4.341737357032133399e-02
9.597040956867387840e-02
6.778283377767990725e-02
8.064160251725180362e-02
1.837481922229115827e-01
9.042442918426710219e-02
3.761426099066074447e-02
1.031395380225586383e-01
5.033640356901555868e-02
6.802501282203422817e-02
7.735937026307568298e-02
7.844335286550084552e-02
1.734317849978136289e-02
9.836261540283751381e-02
6.093152692289138805e-02
2.031838381520822620e-02
4.414455701090883033e-02
2.269233347984041596e-02
9.014494722693523754e-02
1.430123824391040799e-01
4.293287750446665024e-02
1.100999917823926311e-01
8.386360624366481775e-02
4.183197962325840152e-02
4.341445370877852761e-02
6.379631969206897568e-02
7.223164549171501303e-02
1.403237117439108395e-01
1.546046595637448340e-01
7.088771441124834538e-02
8.951102892006082556e-02
3.476644760217607183e-02
3.245541811677664368e-02
9.633105967605848363e-02
1.119296917764997235e-01
9.458915060030177735e-02
1.145599947468750601e-02
4.062524644950969016e-02
4.014574504167096186e-02
4.929801582980103403e-02
1.523444185903622961e-01
9.481757433098271515e-02
1.183130837266259672e-01
3.446188795225470919e-02
1.029797590770531457e-01
4.258136740404464687e-02
8.004123736782488285e-02
4.676923215136567780e-02
1.279196471354552833e-01
7.051372483411157133e-02
9.193057280655193841e-02
4.564678663683389287e-02
3.196285029322839394e-02
9.017661796275429353e-02
7.642289491069875762e-02
1.098387348263936691e-01
4.079569525689440146e-02
5.840739932263816492e-02
5.143604293913257158e-02
9.629075149255326982e-02
4.075350330613598804e-02
7.680448818075408246e-02
4.663185333611473415e-02
7.401667564381862741e-02
1.687993204761764898e-01
7.441081291342109549e-02
8.189823128658048346e-02
1.101468485652531831e-01
4.514488948688016173e-02
6.321460220795888096e-02
5.943800299675333632e-02
5.584037299237774345e-03
9.979825895317157025e-02
5.858306845659197459e-02
3.649219365136411458e-02
1.120093859803034664e-01
5.291032367982592688e-02
1.012497081800696336e-01
9.372012918609462506e-02
4.220742839563081800e-02
1.297559158137861490e-01
1.110714329996031619e-01
9.460799920298815224e-02
6.250749918965882446e-02
1.548382183136980950e-01
1.341237652019610926e-01
4.318151155871092356e-02
8.925328028380757894e-02
6.463254172738450154e-02
2.446908782436605506e-02
8.985187731065594208e-02
1.588585482781356972e-01
1.028231437649853169e-01
6.328695940689854638e-02
7.607824858527172107e-02
3.445823326901838179e-02
9.273592736577300488e-02
4.914418853321043251e-02
3.373089415531006080e-02
7.107287457582292522e-02
1.272655093132887272e-01
5.181363913744926192e-02
3.364970278520166419e-02
5.211685517431959014e-02
6.157749167512495403e-02
4.855901589422750853e-02
8.131881541508307470e-03
1.153026224887873652e-01
5.948408993629023672e-02
5.685360891158631330e-02
1.181533311011425391e-01
8.840900616003477541e-02
4.479653878518122939e-02
5.755952427354231460e-02
1.810044357225716605e-02
8.939679074753077714e-02
6.860426360387751610e-02
6.573529103697575704e-02
4.113858220834605561e-02
2.794678341878291047e-02
6.982060225699603107e-02
7.315412336537151228e-02
1.421674679071176749e-02
9.678401356646056108e-02
6.794250728854799026e-02
5.815441627654915208e-02
1.101189140559286628e-01
8.090312969703268575e-02
3.861461270292029790e-02
5.482568516749889570e-02
8.455417880549215282e-02
4.871157495743283494e-02
9.207091741504279392e-02
5.547998773083780144e-02
7.014661707573446175e-03
5.048064097216519580e-02
5.911288812634108575e-02
4.176167353484126765e-02
6.021526592658410504e-02
1.074178818357599263e-01
9.981749958391339383e-02
8.356111758173218051e-02
3.518392002300756161e-02
7.470463985692236963e-02
2.182849244401126321e-02
6.663070372622292847e-02
3.865993859966922880e-02
5.567661911091930510e-02
7.513820195116381606e-02
2.920216584995245779e-02
7.225415963881007264e-02
3.820776927565663894e-02
7.356331849518785160e-02
7.268017279501636993e-03
5.502134311144530471e-02
6.060589223601913628e-02
4.635085614107399554e-02
6.799994842341293422e-02
4.818256262813929575e-02
3.436110090790600591e-02
1.202134124429873191e-01
4.735859959244050066e-02
4.693431083525740483e-02
2.031681025985326502e-02
5.429615942152377778e-02
8.726697633048052793e-02
4.129465836332123913e-02
5.700829220419387222e-02
5.225985145257446007e-02
1.243998049847719056e-01
5.578108896319867310e-02
7.295405112510292001e-02
4.591370375026217893e-02
3.565785311517844641e-02
1.711758790066257932e-02
7.617346706846137017e-02
8.183987101401495046e-02
4.278424518979973001e-03
9.440139107263383067e-02
6.344572531585475350e-02
4.332326994901532224e-02
3.251301947518036445e-02
7.395133248814086957e-02
9.140093462600568097e-02
5.123538778485524359e-02
1.284106508929804824e-01
6.596295602758198151e-02
9.264956447511461801e-02
4.125331864469848620e-02
6.540939416646288085e-02
5.824899245088664690e-02
8.446816766673301280e-02
1.392596310620321798e-01
3.190292236118582453e-02
3.710533944396409572e-02
9.577270348657168642e-02
4.293857395658006587e-02
5.511902931033644398e-02
4.783591280604578694e-02
9.439461305343911646e-02
8.499363692502082124e-02
2.646734773449790912e-02
2.479526710812871709e-02
5.386090501272754877e-02
6.936536112013937105e-02
7.061432293539887661e-02
5.566234605291059227e-03
8.558203939192798523e-03
6.279491638171438850e-02
9.821188697658252142e-02
7.764542248409736502e-02
4.840631012274877742e-02
1.457473057319582863e-02
7.867802925087061250e-02
2.875474223654886363e-02
6.843101381183609722e-02
5.376100673257137863e-02
7.122038955877506294e-02
1.073412156243226667e-01
3.236548440975579866e-02
4.826315907870314115e-02
7.112167063577491677e-02
7.683758068846559264e-02
5.904100041552646366e-02
9.497962420671883510e-02
1.104218576027213988e-01
1.030284720395554382e-01
5.638346257403515846e-03
7.487380902749526945e-02
5.639554786148318066e-02
4.575925449718729054e-02
9.958559317829507318e-02
6.256388217523632667e-02
9.000980467616291614e-02
5.989150909584466803e-02
2.442459185914304387e-02
7.233384717594648627e-02
5.491171108968389419e-02
9.724050375103560073e-02
6.143498300777373855e-02
4.946401706145151650e-02
5.022810109276246160e-02
7.024037691261214578e-02
5.457859261936263973e-02
3.529382294080536664e-02
2.748423863466030806e-02
6.906314759793649727e-02
2.870620881324653303e-02
7.417285470931163360e-02
1.268833638399797514e-01
5.948772666704326556e-02
6.980976178536386911e-02
2.196168251520377174e-02
4.495188225830854672e-02
3.658202910316948192e-02
4.440361209794991409e-02
1.048259467746824602e-02
7.094882243398933919e-02
4.707809867047054592e-02
3.798091236670864124e-02
3.583450728096272686e-02
7.089874248258352940e-02
9.548465497523501988e-02
6.395213183896407069e-03
7.991947380781597166e-02
8.131334725870245639e-02
2.556094248773612895e-02
6.375384277107444542e-02
3.487869875703501765e-02
8.521693495416332587e-02
1.113432786830404198e-01
1.881222115609393342e-02
3.634349424687874364e-02
8.968012503827331450e-02
3.620420635982118246e-02
7.345116113326705283e-03
4.584642700673317167e-02
6.887067597517575190e-02
2.080767925080331468e-02
1.294563462217539727e-02
3.215495015108926768e-02
6.075559833358713108e-02
7.261224510261660159e-02
1.028881392885525048e-02
4.274074572056824756e-02
8.413457330921952915e-02
6.431619259583369608e-02
5.005509196463975990e-02
8.891396508890846151e-02
8.216974275648857018e-02
7.679732055731272600e-02
5.178401366945966505e-02
7.989173089210266365e-02
5.348914747965934080e-02
6.699203796880975892e-02
7.957547840735353095e-02
3.306721773449911722e-02
2.359241745129343065e-02
5.867893246267613661e-02
5.877287304027380838e-02
6.323485115162054415e-02
8.694381834872991210e-02
2.443911773874158505e-02
2.351584652485063515e-02
7.440247187553090946e-02
8.535661829854419846e-02
6.650405812442961029e-02
8.624262785370298556e-02
6.603106361280763892e-02
5.734106178206554993e-02
1.402592589655931102e-02
4.373183333887908225e-02
5.441723824532896520e-02
8.119966851554025200e-02
4.105999342470265101e-02
5.317175616902711927e-02
3.203533397237644242e-02
8.717231951787191013e-02
5.365065877664936672e-02
2.536011166103030456e-02
5.686465763315157185e-02
5.090980619304590754e-02
3.210160428428752294e-02
9.157437152702611882e-02
1.244278741356475738e-02
4.647590810988892762e-02
5.016875673358164867e-02
6.701452173632146958e-02
5.971318884171680774e-02
4.812298112044958304e-02
1.205282548730787356e-01
3.493549150876212178e-02
6.895749828167065110e-02
2.553910071962230827e-02
2.440494285169562613e-02
1.430809589850019214e-01
2.484984741161441399e-02
7.721023828975141778e-02
3.601397292057377519e-02
5.481726489816722558e-02
7.046073048691793572e-02
1.022552661856233197e-01
1.917616767578566445e-02
5.725683576522216933e-02
1.606580861701590104e-02
8.754912438765639904e-02
6.044636472137430300e-02
5.966118163324656692e-02
4.070794941720704690e-02
8.981731199624974626e-02
9.455905089044060186e-02
5.207935071344875488e-02
5.183910093368306743e-02
2.689612507978767983e-02
6.330301401204312117e-02
6.581517218086692378e-02
7.545209881908919447e-02
2.948980657841792502e-02
4.692974170957836533e-02
4.356939851407412578e-02
1.876513664523399858e-03
8.283352999700550889e-02
4.278810567975444012e-02
2.051323661510861054e-02
8.253550646116362965e-02
2.114078092744310286e-02
5.086253886732280960e-02
3.627192453917243292e-02
1.789529462918677122e-02
2.516896332894913782e-02
1.006481369666349518e-01
1.000254447454161817e-02
2.267971514587052359e-02
5.876412920313711652e-02
6.006601386465622305e-02
5.239708456032340228e-02
4.480054204861443068e-02
9.001062128539369378e-02
7.416692605406402516e-02
3.851078550754868240e-02
8.427064168131197242e-02
1.405305291061074296e-02
7.560480462389942979e-02
2.588821928509285261e-02
8.590353627633103006e-02
4.471455335217029009e-02
4.543948516688359196e-02
2.682518430449176705e-02
3.962502553047593523e-02
7.810456652678587908e-02
2.630807630396967203e-02
1.309044375874528765e-01
7.066852326761557945e-02
5.126856230119751501e-02
1.472229435861440242e-02
6.412984002903344971e-02
3.188338744605608704e-02
4.693502535219478550e-02
4.113733905512383104e-02
5.336077596355558172e-02
3.356464405554580172e-02
3.733257640249045689e-02
3.099550953176351958e-02
5.485399258585173243e-02
2.032237221418129250e-02
7.828230472836748832e-02
6.492648012602424135e-02
5.349408521741341044e-02
5.022094889688197283e-02
6.022902856991125403e-02
4.988339701581900182e-02
3.035025671233955794e-02
1.469165163696421750e-01
6.786288158168141127e-02
5.385856284924293857e-02
4.933691783667456393e-02
4.832158857758293152e-02
6.344209256856048196e-02
4.036595503241458688e-02
6.266958603420524909e-02
2.875118080939859447e-02
3.275143531017479098e-02
3.313131224412703413e-02
2.340920963649678263e-02
7.386055571592936575e-02
7.362732623819048805e-02
3.215411592461740048e-02
4.820207570664492708e-02
4.716809920436403070e-02
4.624539472917027494e-02
5.493458268806084011e-02
6.191814734098154138e-02
6.190672756269356702e-02
1.171312102825396717e-01
5.555416690439225758e-02
5.883111860841757496e-02
1.320488317160493572e-02
5.096095524228035079e-02
1.318734924690366864e-02
3.295136244624219390e-02
5.862745150621603840e-02
3.449131697125517454e-02
6.403789450196517574e-02
2.200002462773196013e-02
1.295621964441410513e-02
5.579566667740085834e-02
1.071651376948898615e-01
7.703901330969938066e-02
4.674626051035974533e-02
5.431372523669492081e-02
6.929427024751579067e-02
5.477928487044489772e-03
2.820875890413573894e-02
9.128369380910453246e-02
8.101366280523912555e-02
7.342156159944143723e-02
6.811268942183393293e-02
6.061123323730094326e-02
6.119977590810907198e-02
3.311373229962896042e-02
2.572819218207588257e-02
2.148639249987828546e-03
6.745923731877874474e-02
4.712455807104719285e-02
8.333710670191309122e-02
4.532722356996113366e-02
7.590207515401913019e-02
5.162350261870801010e-02
1.352611923346573077e-02
1.099547282236794377e-02
8.685640845196733462e-02
7.039672860204411464e-02
1.045466775138171635e-02
3.388872445573978126e-02
6.855978297323449266e-03
1.903982254014041295e-02
2.686197209304155842e-02
7.494671079914734524e-02
4.502897994102133400e-02
2.954202131264749287e-02
4.036325813338135365e-02
2.614784368690703520e-02
4.335500569707208957e-02
4.668893157719389980e-02
1.952474596306118595e-02
3.699735785615104050e-02
3.930314754827386736e-02
3.143715979674410049e-02
4.774710919766297218e-02
6.680669792165369950e-03
5.932931731720049451e-02
7.738340236760002377e-02
6.445825024150776683e-02
4.121452791166429347e-02
5.438403880903913690e-02
5.937695853489418502e-02
3.876264731252374116e-03
3.766192759846086896e-02
6.938818990335295089e-02
5.090512806187743461e-02
3.628720397863800795e-02
5.463781491249777161e-02
4.183503970797494004e-02
4.841901506868438038e-02
5.319079280895638341e-03
6.863630171700098315e-02
5.747659965425407774e-02
3.600065213630938843e-02
6.137517685378375554e-02
3.832625770650958941e-02
5.587400811270210738e-02
2.678008104214138832e-02
1.002782136814140690e-01
9.201747957793525445e-02
8.833013755292956626e-02
2.911538211808548798e-02
7.242285943846639429e-02
2.602654671720700669e-02
2.062647176373187327e-02
4.754375487854096971e-02
2.648885347723574715e-02
5.375565793643589940e-02
1.798514577148643476e-02
5.393035805852187947e-02
6.137253974628244929e-02
9.156586363463021377e-03
6.147143949858071416e-02
9.059124638276011554e-02
5.776661495791811374e-02
3.124576109121229503e-02
4.520342214812431841e-02
8.293900869030820799e-02
4.613268251648480062e-02
4.265776550475499501e-02
8.153630897812882972e-02
4.712741634802505852e-02
7.012895382825236335e-02
4.774230954900497703e-02
2.051402715869227525e-02
2.150757321725253052e-02
1.732834242203615607e-02
5.093004277458672985e-02
5.135058787827519178e-02
4.140634678774698929e-02
5.085805234657397172e-02
5.213343896019368567e-02
3.650166027080253839e-02
1.669303154406256984e-02
3.478220649011395244e-02
5.505844811157294127e-02
6.983877751847386572e-02
2.910544721627122966e-02
3.618040359878973988e-02
8.905719232413676634e-02
6.670335004287256120e-02
4.371681235830390810e-02
7.761356688592191584e-03
4.084627719064028162e-02
5.598318995231241213e-02
5.701386649399686757e-02
3.007573952280162555e-02
6.935690087981503937e-02
6.284566519343900981e-02
3.362944789266099355e-02
8.135130774662407971e-02
3.753819935072239683e-02
7.260373609189103850e-02
4.049412784345816224e-02
2.928627834233132540e-02
6.362037707274395548e-02
4.338953275209772587e-02
5.533722081476775273e-02
1.814631245688927766e-02
8.621661204504019183e-02
5.224863169446423289e-02
4.675901715254283941e-02
8.659605484891699789e-02
5.635566079974906051e-02
4.699456686655479470e-02
1.604237090101363547e-02
2.289110341958000561e-02
3.398432219599668153e-02
5.437182536675671390e-02
4.543927756053327965e-02
2.722644773647360517e-02
1.012112580640000120e-01
3.226059573785937384e-02
3.143060688614329051e-02
3.384282582155517111e-02
4.161186190846685728e-02
8.967010012478257575e-02
5.915768796372539856e-02
5.029569307681137219e-02
7.296619167166394637e-02
3.334302383535024672e-02
4.973011509312165630e-03
6.642833156079265555e-02
2.688375996455732997e-02
2.670643550366565491e-02
2.463012092512001372e-02
6.856129958145519565e-02
2.585073081771585915e-02
2.128941692548779602e-02
2.524348274342028478e-02
5.579240593660828029e-02
8.097576860818679612e-02
7.925497771337647324e-02
3.281705746414544100e-02
5.757314203728679247e-02
3.916725483129649375e-03
5.833188094579083022e-02
7.489208182673558201e-02
8.499330734209754878e-02
5.983411746724614372e-02
7.900459547086929879e-02
7.206262408475169745e-02
5.524262431013629571e-02
3.466223528478835914e-02
6.862276271372416692e-02
1.458786441971498225e-02
1.287059863028362783e-01
3.934480909780335711e-02
2.140554875504756607e-02
2.687298706035075660e-02
9.707113851077808775e-02
