1.970411434732447953e+00
1.073204236069175282e-01
1.492254548942621439e-01
1.111462277968746776e-01
7.060976882145815481e-02
8.617055472078313794e-02
1.255820067327781120e-01
7.353011300546320739e-02
1.899853591132195235e-02
1.261690966092114397e-01
4.868894314838256854e-02
4.318828243877142342e-02
1.174456338485601742e-01
8.389807296317108865e-02
7.087877546155729735e-02
1.983445724853584446e-01
9.200241793515928634e-02
1.052074364903881898e-01
1.648744875767123308e-01
1.799178539914715047e-01
1.835954261084680461e-01
5.425663439956911194e-02
6.782295144518518670e-02
1.302996648887163600e-01
7.809446478726049523e-02
1.294416597082817255e-01
1.543674744748596284e-01
1.256207161006662187e-01
6.646195844870873490e-03
9.864427104946470182e-02
4.035660773276657926e-02
5.354199182523790290e-02
1.012464595728627265e-01
3.008642170671250657e-02
1.568071360744396625e-01
5.101919047531728452e-02
1.692700345754911406e-01
1.002908548977883840e-01
2.086735492136882475e-01
1.283465483623426051e-01
1.447714341658770942e-01
7.966595120631314586e-02
7.123040448925028849e-03
2.576517907134795449e-02
8.963611812245460275e-02
1.254597728058257089e-01
4.360418364602150487e-02
9.707828530954143442e-02
1.249693363784829397e-01
6.479162888703572654e-02
6.121347945793820244e-02
1.172809959435330979e-01
2.103529869105714156e-01
1.138577500430389688e-01
1.413705793718407489e-01
9.821288852659589008e-02
2.852948489357800058e-02
2.532967816886820267e-01
1.374901030941860780e-01
7.248108461865067353e-02
4.779307821225262792e-02
9.187687038444893040e-02
4.921481631983491700e-02
7.653905766946203504e-02
3.129759430838359446e-02
2.094972719662477056e-01
1.205043063150550153e-02
1.027463993606735904e-01
1.220820226484085474e-01
9.989574436620408948e-02
1.161181308592078992e-01
7.228061297210074121e-02
5.767133399642005581e-02
5.714618636285548336e-02
9.525179865414983016e-02
2.446354453877550364e-02
8.249473126039670590e-02
1.605902789269708919e-01
1.718093180325449831e-01
1.379373462929696093e-01
1.088870482110120552e-01
1.398738896581539770e-01
7.581174676999201389e-02
1.450421579762774527e-01
1.811140875035121417e-02
8.384830888139177540e-02
8.654567205415954201e-02
3.794528505764221266e-02
2.272926787445113742e-02
1.552315077241131214e-01
3.704059853034160493e-02
1.338366483133131002e-01
8.777422257155591268e-02
2.027233798751987004e-01
9.260688504257424958e-02
1.791343548598983426e-01
5.124077885005246663e-02
7.506343330632425648e-02
5.977754575261431252e-02
1.252406554601366850e-01
9.446788892440077801e-02
4.635212115220833928e-02
9.518047201124002488e-02
1.583806756002998917e-01
4.741903504188864360e-02
3.986939815885609528e-02
1.409098870015687011e-01
1.363271160990574549e-01
1.212355583394933295e-01
1.211413236503116331e-01
5.601207834530444463e-02
1.489002895048144315e-01
1.067011794127591118e-01
2.007473529803870116e-01
5.079907014864330078e-02
4.210402970337152190e-02
7.203947679376440649e-02
8.739995445395240536e-02
1.289233460328113312e-01
2.029430577923838908e-01
1.018946467660124811e-01
2.868649624603925724e-02
9.646923077779093192e-02
3.643285158278857655e-02
1.953136428699610294e-02
1.260134350213707177e-01
9.820166858532348997e-02
1.638937293176727927e-01
1.228210918051856476e-01
6.923096160154344758e-02
2.800349839024415810e-02
6.012149263187872156e-02
1.458001028394065035e-01
1.071650152232121733e-01
7.392150036926081746e-02
7.718310226513921957e-02
6.142854516156000949e-02
6.435864229062848718e-02
8.084278208789735798e-02
1.624788578923584970e-01
8.545367605913536946e-02
1.237501544232177814e-01
3.111737304262450141e-02
5.268895799352053128e-02
5.913894602116002985e-02
7.597056770163071460e-02
1.215638616291203900e-01
1.562725453880700888e-01
1.715754389465311003e-01
1.373137350815201441e-01
7.143379931041993203e-02
5.530510505287832695e-02
1.443152563930784338e-01
9.616320479148454670e-02
1.157012718088333975e-01
1.522344424397874783e-02
5.471731382303571950e-02
4.585418579334762240e-02
8.910754687291175258e-02
1.204600751849913276e-01
1.147003853646950400e-01
8.283133736607428688e-02
5.824095131755498145e-02
6.714455272550617915e-02
1.570426425253105274e-01
1.057450178677713792e-01
8.011691779644652955e-02
5.446376396749155746e-02
1.688828702857592678e-01
7.234074738734443122e-02
1.132280638226785541e-01
6.347985620047150168e-02
1.911018207954962023e-02
2.310538185112536932e-02
3.846056171904164295e-02
2.766359793799582842e-02
1.218576913410789192e-01
1.046954251193417257e-01
7.008248771048564141e-02
7.171828535187292630e-02
2.013124674663098468e-01
5.411485260665929026e-02
8.432443176344704694e-02
1.288750316383736362e-02
1.431945047485696509e-01
9.955058050701323658e-02
2.877729866759059368e-02
4.745017051455439200e-02
8.787646449427572934e-03
5.431655375586993961e-02
3.731575220261598019e-02
4.769419687661457380e-02
8.526418433876717384e-02
9.281364435381563027e-02
9.489091927497285417e-02
3.361290438445373174e-02
1.479109128093700765e-01
5.780506159757633350e-02
8.906273671358186372e-02
9.984396108528681424e-02
6.019658849588768040e-02
1.713524971906824346e-01
2.153954604107471624e-02
1.153521494069687375e-01
4.811552678076791434e-02
7.680213253710788113e-02
1.031854490310141897e-01
5.174795148639480674e-02
4.223721266616260739e-02
5.163231254885976979e-02
1.495162724769866225e-01
8.290179788608882661e-02
3.397502767681677416e-02
1.801156889721946541e-01
6.268454778384990878e-02
1.154936154946633320e-01
1.140582473643507733e-01
1.146846885881688816e-01
5.450288913672929336e-02
1.383515657166838608e-01
4.616139903371707653e-02
2.059378960197643105e-01
6.862830617699093583e-02
1.969198646819468948e-02
1.128975484405338459e-01
7.392640949329350175e-02
9.077782251847478501e-02
1.259681996073491461e-01
1.571474672820095259e-02
1.001621889241759572e-01
4.680768641670512292e-02
1.759416592953699787e-01
7.507162366813378840e-02
5.671300349625819220e-02
1.323033042583154351e-01
1.146653030691620889e-01
1.546198571786052967e-01
6.439003342045269973e-02
7.460571987784369100e-03
3.027215596840416439e-02
6.311353129474442381e-02
4.014631597379776651e-02
1.005587036105553139e-01
1.471351058107085719e-01
1.252271899100315666e-01
3.365150816128956168e-02
7.437580753789838073e-02
5.201789272830936728e-02
6.799897930001577717e-02
9.475931656343321297e-02
3.662013444051012701e-02
1.347826149301896148e-01
4.722538929476808450e-02
6.970322954414703842e-02
7.827793977207997411e-02
2.697738470503133548e-02
6.073392703027951506e-02
6.265295995593450629e-02
8.083201291976427338e-02
9.671822187056959563e-02
1.044043686902275114e-01
5.426027260818879622e-02
1.724318665431987252e-01
1.690315050693523835e-01
8.337797363138935158e-02
7.667198173181599685e-02
5.755883036733256547e-02
5.229103622698910714e-02
1.037314481375844477e-01
1.230883671896530057e-02
4.386577526514925940e-02
1.335067984012923981e-01
1.465451800158389939e-01
3.061111960040950597e-02
6.693243839212396906e-02
5.347013065186309588e-02
8.218231044880418279e-02
1.055815795327964129e-01
8.727206965995322474e-02
7.431106807982525153e-02
7.003971242866591229e-02
7.959737850708056839e-02
6.346266242311350558e-02
2.102856191976261169e-01
5.270751066030232579e-02
1.520417334040263108e-02
7.691157724311968591e-02
1.563087195203718693e-01
1.123026145870429163e-02
3.588523266005039930e-02
3.771388151114543619e-02
8.411457541679760730e-02
9.677581538251586735e-02
5.585695430324678218e-02
5.648652219030168148e-02
2.529092503945132991e-02
1.157864122493373754e-01
7.445076146108760284e-02
4.805596703473750952e-02
8.256630299316387867e-02
8.950740280472829768e-02
8.998213684572406446e-02
6.700673788406240339e-02
3.679346487993240961e-02
5.846289302601501842e-02
7.838286614036792110e-02
1.127663988251741967e-01
2.003218589867467314e-01
5.152855679643590647e-02
1.507995055001404849e-01
4.580708116290073406e-02
6.048109644113045663e-02
8.821250502551641892e-02
1.319573335800940661e-01
2.280442247668525158e-02
1.102346579034650109e-01
8.545928707702622751e-02
1.700059638640557258e-01
5.944565591816840244e-02
1.203428278637206361e-01
1.196683452081084981e-01
9.260950857638623746e-02
7.992122856254305074e-02
3.316395029940266692e-02
1.810948228860514986e-01
9.058481469511819872e-02
7.559835624194358172e-02
1.542081467235035808e-01
8.288261252881211349e-02
6.264678384830371649e-02
2.046148857336890087e-02
2.950866423184445378e-02
5.689071021989382942e-02
6.454526880134829614e-02
4.710676837836320213e-02
1.304648568132819597e-01
4.998032049726060244e-02
1.069602215360531371e-02
1.064498465377071296e-01
9.020796269053123206e-02
5.940649440356834954e-02
1.408127832173732552e-01
4.994763366046523628e-02
6.690815133381351754e-02
1.451440914992052078e-01
1.403324874606723116e-01
1.624892682817246081e-01
7.518046417412217741e-02
1.144818353446113157e-01
6.707447357764860507e-02
2.792383647259293403e-02
1.951826310670645021e-02
1.100667220808329294e-01
1.378579766603410806e-01
1.326036321764066661e-01
4.385411786658387212e-02
1.140530445682212679e-01
1.067800879545350717e-01
9.991673635221859362e-02
1.456762492918990404e-01
6.743690104846503108e-02
5.480169818574947421e-02
9.506069833856252427e-02
5.234485202351183558e-02
1.495435700740776197e-01
1.095715635950778033e-02
3.875473547296817700e-02
2.099882456992047397e-01
1.608168581020134602e-01
9.723059316964029197e-02
2.412926625486086843e-02
6.519092107135067427e-02
5.921420957132651069e-02
1.190778201670728009e-01
1.093077752657937440e-01
2.016030664015197593e-01
1.213036432567512202e-01
1.197140545064227513e-01
8.373842105050127715e-02
1.683503480226127835e-01
7.513190537275148129e-02
9.725538594479284094e-02
1.258456902012787190e-02
1.492451704226570031e-01
1.377588004537422806e-01
8.440211093345099946e-02
1.103710881363923202e-01
7.531626763276248748e-02
1.846932615380455223e-01
1.767997789121505126e-01
1.491878893998144495e-01
5.768123767776844185e-02
7.845119571515231371e-02
1.328903799795350393e-01
2.724573627211871463e-01
1.004505268643830079e-01
9.869122052777022647e-02
1.843181594753546260e-01
1.876606480496333662e-01
3.819775318215228727e-02
3.888532478974929957e-02
2.522147848935594183e-01
1.136912479826257399e-01
6.854291931459623177e-02
1.847796395242850276e-01
1.222970035678332262e-01
1.614456404709870563e-01
1.255842432636676276e-01
8.174569849835343349e-02
3.911371248623123770e-02
4.455094369241253960e-02
1.261139675035750085e-01
9.293495441540965130e-02
6.265180906674219785e-02
6.189057555121544457e-02
1.715634203941709957e-01
1.173098258577282005e-01
5.173198324037486806e-02
9.048939936473052170e-02
1.968603013698543569e-01
3.102698644413571377e-02
9.844532513232578941e-02
3.348411447970262023e-02
9.857159109585669765e-02
8.420703054037817492e-02
7.915407462198334465e-02
9.626057325103550000e-02
5.033063368183994524e-02
7.610895854969047802e-02
8.175955901668171058e-03
5.450745910653180537e-02
1.525207284721575574e-01
1.149882583836413924e-01
1.488025563415824176e-02
5.602886330383590602e-02
2.589641356863496557e-02
7.275929290934086968e-02
1.599298727542856902e-01
3.701792112609673946e-02
1.331036384374902903e-01
3.263846237517609161e-02
1.009561780512458207e-01
2.304939258330341023e-01
7.039400091453416886e-02
4.226728670148536399e-02
8.696615799265344782e-02
7.703568413571912354e-02
5.861780743296188256e-02
5.513153282372033198e-02
1.127634309524559592e-01
7.205209126383754770e-02
3.768312836046620179e-02
7.205352177524675106e-02
1.050593905191892913e-01
1.050820283375113878e-01
7.087768816270033356e-02
8.287024316386611134e-02
1.629079387283677571e-01
1.268625936504189644e-01
1.159732264863040929e-01
1.226818760867479929e-01
5.886960878282469778e-02
1.163746908998446045e-01
1.155597556373400836e-01
8.153528063318978003e-02
1.671248386353203497e-01
1.439406708351457231e-01
5.862906769450283717e-02
7.208419703840780735e-02
1.090782296505597437e-01
4.807879348785466800e-02
9.553172677037244376e-02
5.784545467841314265e-02
2.383831502919737250e-02
2.809043439017356106e-02
3.811124484273632762e-02
7.267652326900155002e-02
5.505465371685922676e-02
1.631233988774786203e-01
1.137815477407439213e-01
2.429750058971737459e-01
7.307102352275544888e-02
7.128594334980420388e-02
7.157673720097777748e-02
1.101366186310778900e-01
6.039008534710195442e-02
9.982246216941895178e-02
5.605980743533982985e-02
1.003086605102141149e-01
7.828285866033427021e-02
1.337026992032945838e-01
1.271089717345139092e-01
1.395932384514996516e-01
1.030893058809757012e-01
1.978750105734325138e-01
1.755745544826601279e-01
1.277515524680329362e-01
9.714008972784438090e-02
1.743402774211262954e-02
7.859850053057627906e-02
1.504679377418856323e-01
3.258264151974148148e-02
1.674697265010973435e-01
2.591844087227209714e-01
1.050028240171407695e-01
1.268809171238537425e-01
4.193261298284169797e-02
8.930286826904945685e-02
1.011536268513236747e-01
5.166689885667125059e-02
3.807715271600421725e-02
9.556144364690381809e-02
1.392227088104475430e-01
4.509836142993327995e-02
1.541473850711805316e-01
1.118979124288252275e-01
1.574047402134011453e-01
1.401361767404108449e-01
1.628469298953434674e-01
2.502533211565340365e-01
1.801798459543149655e-01
7.995812996152100449e-02
1.658511883940713694e-01
4.840020299658060604e-02
1.310128330053261791e-01
5.575899461585936273e-02
2.841489634285553345e-01
1.105528983294826462e-01
1.325489132190808272e-01
1.737466697183920050e-01
2.533396536837419499e-01
9.433773081757285128e-02
1.046975391168373098e-01
1.224731814670951269e-01
9.895718349291454663e-02
1.036227831747113387e-01
7.903732365708411589e-02
1.067024087358134504e-01
1.435066059695446761e-01
1.206102380839264299e-01
1.140815732465478433e-01
1.924027380214466398e-01
5.423156297031719170e-02
8.483121674386619182e-02
1.179466731246425065e-01
8.790079043463060182e-02
5.427746188584319648e-02
6.977982313020801575e-02
4.967018149614024769e-02
1.489024420432010776e-01
4.151444153331425302e-02
1.004381493622755611e-01
7.761987854739492432e-02
5.105941643231216159e-02
2.025212571758850111e-01
7.883045754056777765e-02
7.938981555715360350e-02
8.993510117526617997e-02
1.738333837765890788e-01
8.332129540910000742e-02
1.251509653095726204e-01
1.263804107296474522e-01
4.494470209340214462e-01
4.815744664037713979e-02
5.704457849592971252e-02
2.431684503386822016e-01
1.565519166444878096e-01
1.862870778366704783e-01
3.184542395277613624e-01
1.037672120250391766e-01
1.555989213677921312e-01
9.622521906104278266e-02
7.275477713168010396e-02
8.936737344817116679e-02
1.632860013537952015e-01
9.369904260925994433e-02
1.007884120958644075e-01
1.390634434635632521e-01
1.700439281947471182e-01
1.641232418367442603e-01
9.342559405130018702e-02
1.136759432666237246e-01
2.464194662529096691e-01
1.915523574325949385e-01
1.296963438974276517e-01
3.245464138878393912e-01
2.794635678892947728e-01
2.165947575971811923e-01
7.129710344471676398e-02
2.486386838683085979e-02
9.879715986243543802e-02
2.096489320700788694e-01
2.072444021611612730e-01
1.032144831837595589e-01
4.169248982261534314e-02
5.919020796731687406e-02
4.976729224202361412e-02
7.604543509831025727e-02
1.257291543257534894e-01
5.899492705708074547e-02
1.429518671862080870e-01
2.384398306877767437e-01
1.310269196302029683e-02
2.549640065433904021e-02
4.347155061138020804e-02
4.483614288769909723e-02
7.469413435241040178e-02
1.004823485774157671e-01
2.090853348843029480e-01
2.805896750841102016e-01
6.983067374096137148e-02
2.014095067800455302e-02
7.665057345139959788e-02
1.822045388269846466e-01
9.455177577929634036e-02
6.521341336023223079e-02
1.044407715050696267e-01
1.113904537468647510e-01
6.075821032240551200e-02
2.228832634686302716e-01
1.093560887678486637e-01
6.929455327331575376e-02
1.280882830851796661e-01
1.620218106750111187e-01
7.284720896569550630e-02
3.918745890881503852e-02
1.578664341959797046e-01
1.438974537066931847e-01
1.414751288025274945e-01
4.338976116148614975e-02
1.160323006979378097e-01
6.403423953756839926e-02
7.577512931956841002e-02
8.594538183505862072e-02
4.577927838066080807e-02
1.063386737662789933e-01
1.311190234080227834e-01
9.077204104649627681e-02
1.785163136517976534e-01
9.171632105152348335e-02
7.498284882969161180e-02
6.713789693110551460e-02
7.344216191865875210e-02
1.059271451799428110e-01
1.634958439809366670e-01
4.979475662726593616e-02
1.317452552246702324e-01
9.578034706449127522e-02
1.672333149994714718e-01
5.762832352550922160e-02
4.666112093966463814e-02
1.430802546552225607e-01
5.314222502358201261e-02
3.663870328079758126e-02
6.794987645296826639e-02
5.439500775402156263e-02
5.428853358021176745e-02
2.105436036321735593e-01
8.744343081037238286e-02
6.451200233999640488e-02
9.956208805137864437e-02
6.351462251061720798e-02
4.723695871575461780e-02
2.053673726736779948e-01
3.088216327062549491e-02
8.152896321926596246e-02
1.110248884651170165e-01
1.273256738752875927e-01
1.577743696236010018e-01
1.319741991122951041e-01
1.168377303419715629e-01
1.267138123419196405e-01
8.755818539199054784e-02
6.565409173907268969e-02
8.351111304391438395e-02
8.983738099993585080e-02
1.220560591515348070e-01
1.418704583356681925e-01
4.814048902725195228e-02
1.259987271900109840e-01
8.731125361834020382e-02
6.472886216733522713e-02
1.368758355579484109e-01
8.764681213683302163e-02
1.703341606293156882e-02
1.123474583915244351e-01
8.622334367465538107e-02
1.103794003428844039e-01
8.994397430494957546e-02
6.466522966279010520e-02
7.129901333990176782e-02
1.475613005307599146e-01
6.509353060192675511e-02
1.768962766189307589e-01
1.355883379162330649e-01
9.690255265325103951e-02
1.503684640010388984e-01
4.072898826740859596e-02
6.097569131514748303e-02
4.165129002612786430e-02
3.376875986498330262e-02
1.467679492209071068e-01
1.450395425294196960e-01
3.817024772367796220e-02
1.237228453885860363e-01
1.021224052664743420e-01
4.737695860770423789e-02
3.364792956614079400e-02
7.844814514530541738e-02
1.264343264808713285e-01
2.185313074981086109e-02
6.336969183981443210e-02
4.009810041615347043e-02
2.127509675559235425e-01
5.352629439885855933e-02
9.246139552763493752e-02
1.176851218022155060e-01
6.842611868166768863e-02
2.727244670783133748e-02
7.371503765106894590e-02
1.712522082780310873e-01
6.848195361452469321e-02
8.083595978781978053e-02
1.170842154780178251e-01
6.544601382129007494e-02
1.585371411706687772e-01
4.918363269934098586e-02
1.157647552878902086e-01
3.266432215522682009e-02
1.635029249325856693e-01
4.536759210184984625e-02
1.357991933249058925e-01
1.422042007362031013e-01
5.139086556126472999e-02
6.845193056140581878e-02
2.309879005083840739e-02
4.956318770839402560e-02
1.190539947951885641e-01
1.769592326382127545e-01
1.046525505071130430e-01
1.206215578943348882e-01
3.014118294313436475e-02
2.607507965722630563e-02
1.546808847892801320e-01
1.473836851776422485e-01
7.155777264641337287e-02
2.264527750264674899e-02
2.357088880283133084e-02
1.588871458611236520e-01
1.253561470765099904e-02
1.862659303380800602e-01
1.174100454860939613e-01
4.824115269847182447e-02
6.987067424865635312e-02
1.470285826669463780e-01
3.722525887669583117e-02
1.218678690706865020e-01
7.804530272602183683e-02
1.169239473929627599e-01
6.571497573016595040e-02
4.090070504743870128e-02
1.198114268170299007e-01
9.615363116931827103e-02
3.560970384678780604e-02
1.949741462971002481e-01
1.381856676925773131e-01
1.374806070243727030e-01
1.495329954482829127e-01
7.546410627184312048e-02
2.438537362351504700e-02
1.312739215345371246e-01
9.711801236582899566e-02
2.407919950410256082e-02
1.042380622064372625e-01
2.465806956271001174e-02
7.516458998182357076e-02
6.879563129859696258e-02
8.840081790664555683e-02
1.379294449333080819e-01
9.012580000942033154e-02
1.160427632596777309e-01
1.006631603172834788e-01
6.751235185915401005e-02
1.458066623430796967e-02
1.577591009434024527e-01
8.345470941134772169e-02
9.187799073171717956e-02
1.298486073888697190e-01
9.129489664808934646e-02
1.935001150377637369e-01
6.496902427373056621e-02
1.624027521962996268e-01
1.568728146138184121e-01
1.183710247294913892e-01
9.662143208276749440e-02
2.806791789627187048e-02
3.692845166600455808e-02
1.201586667580803978e-02
3.340444219209667137e-02
1.152553987958307297e-01
1.205939883006048596e-01
1.196659811466095347e-01
5.897998353370394881e-02
3.755920133544981415e-02
9.093850224939431515e-02
7.446342654891875690e-02
1.124580691891591093e-02
7.878186830610596492e-02
2.191144367231786239e-01
7.259927520700361347e-02
1.258721287040731329e-01
5.941324236060176178e-02
1.657016862169969074e-01
8.927235675435592210e-02
9.052159157181313698e-02
7.299176492850638354e-02
8.885289062289578044e-02
1.063888140225083684e-01
1.467223437589193491e-01
6.421049189293592807e-02
7.935160310083334834e-02
7.109403229610015973e-02
8.975236452021675970e-02
2.660102908109451825e-02
2.289042257629780169e-02
3.896062739398518243e-02
1.363314060605750055e-01
9.390871478835370600e-02
1.375547774089180830e-01
7.985908095820021257e-02
1.577917946527143955e-01
9.521089726465722936e-02
1.127162163344326423e-01
2.675851568460535165e-02
1.292626748739424125e-01
2.563098146465251498e-02
5.222062868664534285e-02
1.364194776049303393e-01
1.051326026522403367e-01
1.204741041206263130e-01
2.111135246437964852e-01
1.684750542296136189e-01
6.184025975429902761e-02
3.646295482446251096e-02
6.873305481756482316e-02
1.515404379670664547e-01
5.461626024155628173e-02
1.173971419089444301e-01
7.196778225601249690e-02
1.262254803867247088e-01
9.809780907063687938e-02
4.737255627085216331e-02
6.568837614870039199e-02
7.135353490661676401e-02
1.367315273813367871e-01
5.550088197937726869e-02
1.040706285377160228e-01
1.450702187050855185e-01
1.789951453927250413e-01
1.063908081136198808e-01
1.051787172316634017e-01
9.598116506394607783e-02
1.973618653660552669e-02
1.228325105779496385e-01
5.777037182431354889e-02
5.073230589144123170e-02
1.173245677901687545e-01
5.297189590204632453e-02
1.120131496575248603e-01
8.205612491549996168e-02
1.559266311274156991e-01
1.363512998973255008e-01
5.832523768210565174e-02
4.660471036415943236e-02
1.537293472917627968e-01
1.002183045065710987e-01
2.042273903727890097e-02
6.561975156248357754e-02
1.681908895884400845e-01
9.672373927210879685e-02
1.688403514005184236e-01
1.140063488623024729e-01
1.112562581336067197e-01
1.267808513068114096e-01
2.333804234769778496e-01
9.583842373737098963e-02
7.001864712956183678e-02
6.250476887390710168e-02
2.212611403154354089e-02
1.320785054724394891e-01
1.420127608777598145e-02
1.754052941144555039e-02
1.694243900314245932e-01
6.309286983637697743e-02
6.182333804425323848e-02
9.898353378788643520e-02
1.179411403426559174e-01
5.884916313102159929e-02
2.949956766828193758e-02
8.662122689309699475e-02
1.361552743697825030e-01
8.223607399691584829e-02
7.487766667889664274e-02
4.142541812617826086e-02
2.655384816774122511e-02
5.115774390107358238e-02
1.141719019832448251e-01
9.063933025880036021e-02
1.024722954514098311e-01
1.875669347809059972e-01
8.954402060700053512e-02
1.149778214042246477e-01
7.138232635262957426e-02
1.260213889273397725e-01
2.871660715567804847e-02
4.987612463546455682e-02
5.777855106505851851e-02
1.514683491783557767e-01
6.688451294757580268e-02
4.544452604154091552e-02
4.860618909195896925e-02
4.692794860728807110e-02
2.323660189796468087e-02
2.211804481238714704e-02
9.285365259763052326e-02
8.498361997566408754e-02
6.330964342345046791e-02
1.277592989534055146e-01
1.855319329270567474e-01
6.768926483025554386e-02
1.243847565377888820e-01
1.280486374940587868e-01
6.568849411221769352e-02
1.509108379834280811e-01
1.714418799466666810e-01
1.060459184921219711e-01
1.305398422909192224e-01
1.833815646189529691e-01
3.249836003942027651e-02
8.428174560148507521e-02
6.247764902457485919e-02
7.600713017883185818e-02
1.026346867847080929e-01
1.015461344283716261e-01
5.062316852177080329e-02
1.153227149881570594e-02
3.600276928660726267e-02
8.661987845617739878e-02
6.461483943319606960e-02
1.037659235292030246e-01
6.247744297453072804e-02
9.809852057605662756e-02
9.179123535464859054e-03
8.310400092178292508e-02
2.137880668495132919e-01
4.232230479673059625e-02
2.460239573588344497e-01
3.452081193682502575e-02
1.191448414206600914e-01
1.048943702481732188e-01
8.157469165699175739e-02
1.200580662504154988e-01
4.549150111569714300e-02
8.237132920384609980e-02
1.516389690378944222e-01
9.240553473832498199e-02
5.569370170973087647e-02
3.105667813927673326e-02
8.050029182151466345e-02
4.741735229364515275e-02
1.017684048284817344e-01
1.474183809466060591e-01
3.571568157046429298e-02
1.212446446172456699e-01
1.112734061608156022e-01
4.860874966663354668e-02
1.741038693735694476e-01
2.208373970097754213e-01
1.541024894562781078e-01
1.836169933789917885e-01
6.525828369282600516e-02
3.798795731853554097e-02
1.493539217051001178e-01
4.801621452500300091e-02
8.772066731048179522e-02
2.489984753514583316e-02
7.075338683507900739e-02
3.430111686668055326e-02
8.080056882730093926e-02
2.798488434072840189e-02
1.163078900861109349e-01
7.164045912260091908e-02
7.943603758583515917e-02
6.330519610715924783e-02
8.855439966142342190e-02
1.078119600362973697e-02
1.448078609778488506e-02
1.054083172883282793e-01
1.941813336292921160e-02
7.099118443942262213e-02
8.998342777895151912e-02
6.403779793176178625e-02
2.449029390137862083e-02
5.970405702009870530e-02
9.991346906451532839e-02
5.905424556306131806e-02
1.498736299475886269e-01
2.389129016325597654e-01
1.023863473075186520e-01
1.274236143548756750e-01
9.368307796757502359e-02
1.044931804430317968e-01
8.612299749836381524e-02
3.353364806184606917e-02
6.774786893293215095e-02
2.754571917280233470e-02
8.003208203641458407e-02
1.157888183113341268e-01
8.493232058890248792e-02
4.130595762099867341e-02
6.777467490895600077e-02
1.760584756032807785e-01
6.125676568195165261e-02
8.517538814516129042e-02
6.223195674550092982e-02
6.413258058398915717e-02
5.271596791632579548e-02
4.782349208451600053e-02
8.679541580966909642e-02
6.864130454440407758e-02
9.492838628543749657e-02
1.767350285635631013e-01
1.997831980493202098e-01
9.623844148914947882e-02
9.053086922329241226e-02
1.276943114560737981e-02
1.637964438065837580e-01
5.789151025863640415e-02
7.547375659771815570e-02
1.541612750392278852e-01
5.327309092867171109e-02
9.146482994324534044e-02
2.782987823775399105e-01
7.571157572931633273e-02
1.485159740972756826e-01
1.482573177935859188e-01
2.998900651858158947e-02
1.634699943258858049e-02
2.964011983980768469e-02
6.400627295195261690e-02
3.880612937707443588e-02
2.160930947573853553e-02
3.886142601367581495e-02
9.650228973262389709e-02
3.675849204342519772e-02
5.790524522053471651e-02
1.307674911545750607e-01
5.497807873310121829e-02
5.771520354467302855e-02
5.488004301123178968e-02
7.979888397524821653e-02
9.429025854286243735e-02
5.383518647640010701e-02
7.016638313736531241e-02
4.144760824298327623e-02
3.398330997697556616e-02
7.365207933082774938e-02
1.276041233037593370e-01
1.357367943958856238e-01
1.409568709388617780e-01
5.889552071474181416e-02
4.932338472525052420e-02
1.284501663676351213e-01
3.430224427387273956e-02
6.815855563276873585e-02
4.152982767794378971e-02
1.203847694265524348e-01
1.094059756363420371e-01
7.732399620412350183e-02
9.529925837274143274e-02
1.103280102622464370e-01
4.640185117278427390e-02
1.278560562488295915e-01
1.233943320792773579e-01
1.305331626275794132e-01
8.499550524093767156e-02
1.090294730512588045e-01
4.665667060769592561e-02
4.348772019441880105e-02
8.830107555175377432e-02
1.354574938650735250e-01
1.562278504524604872e-01
7.585841291859159174e-02
1.360039576866484967e-01
1.365441336805980621e-01
1.379841957211716263e-01
1.325740333047486508e-01
6.427838904511308515e-02
7.598216339852394141e-02
5.709958428612300907e-02
1.079705824695107036e-01
4.826287590920729648e-02
5.351537091104627275e-02
4.896922431989459562e-02
7.465857847044411744e-02
1.143967093517346129e-01
4.095245612559755138e-02
1.350231264393342567e-01
3.140962664934012633e-02
2.482162776263896475e-02
1.143335845155538100e-01
8.552299870007284976e-02
3.108334835642365818e-02
4.417110592261870583e-02
1.195219155388633214e-01
9.594137637813587860e-02
1.247684707874039678e-01
4.895376923749346354e-02
7.626317561369909404e-02
9.255472729711165802e-02
1.698217915744891782e-01
3.141470085516601812e-02
6.847783719478572895e-02
3.279799618674036910e-02
8.081816371798460075e-02
2.223409482529691283e-01
5.562557224464884098e-02
8.889356516934482366e-02
1.330838117861464220e-01
1.341334909816551957e-01
9.455225585934862176e-02
6.440548455109898485e-02
4.978387744770185197e-02
9.445019421816056027e-02
1.262667158869560102e-01
2.995799847916479769e-02
1.645940353131974954e-01
1.063919519591423613e-01
1.342476695343347848e-01
1.482931496216545464e-01
2.378829664877775071e-02
7.459184086869352637e-02
1.051046436275301921e-01
2.647001424432091771e-02
1.472452107720149395e-01
7.917427792875403325e-02
6.134814798019923993e-02
9.131070607808053352e-02
6.636306449707074506e-02
1.680473961321740650e-01
8.450754706553609275e-02
5.009144501442298197e-02
2.091597672724476373e-02
8.163808128075744630e-02
2.429311998089676572e-01
1.081309925409547207e-01
7.259148824085734364e-02
4.230851924112863371e-02
9.496234056063847240e-02
5.015651232286746919e-02
1.116426978290063071e-01
1.676155196768614464e-01
1.343823708109715964e-01
7.138233011594374844e-02
2.048647510340722566e-01
8.564073143899227081e-02
1.385953203261959255e-01
1.101669520904677152e-01
6.650389477554656537e-02
2.562118007770034303e-02
5.196678386013456330e-02
5.174118059440867279e-02
5.471854305779182831e-02
1.030994080126929613e-01
1.392881292634663704e-01
5.718831000413661381e-02
8.965434297867388991e-02
1.143126130745394653e-01
5.169987605820598048e-02
1.481606520457305620e-01
1.898495937007459167e-02
2.701872729079113356e-02
1.089825152456256815e-02
1.240578850192129295e-01
3.521191442709867281e-02
9.420867360122979484e-02
4.450999950084578993e-02
1.330562265678419398e-01
6.245751559095933519e-02
9.753988182486156289e-02
1.276157528476608849e-01
8.472898636294330654e-02
1.295111630484316045e-01
1.444432332429546606e-01
6.156900449830587235e-02
1.238746807907496889e-01
1.411732513454970472e-01
4.769558359945327147e-02
1.280244775722844119e-01
1.562972880637085449e-01
6.021990437229760018e-02
1.789274181819536583e-02
4.866676987164091084e-02
7.928018776862026315e-03
9.286932243871086345e-02
6.331026942136892821e-02
4.054841630180707618e-02
1.096350627193293653e-01
7.142778790636976349e-02
1.426824348362516204e-01
3.438019485696807570e-02
1.140900265378889389e-01
6.170865367681598740e-02
4.178762487773241691e-02
7.165177091207609872e-02
1.531941802038726541e-01
1.229155360903370076e-01
8.020826063372192560e-02
6.533730121340081132e-02
2.083040854433297340e-01
1.085333163924223909e-01
1.095017009892921972e-01
5.427598020797082951e-02
8.307718095933520897e-02
1.266865480731528826e-01
1.217315049767508789e-01
1.405690292288033494e-01
7.136469074514333044e-02
5.079516849778198395e-02
1.055691347603759656e-01
9.894849496896221397e-02
7.028765435992159749e-02
6.930519321682300504e-02
6.145219128551232535e-02
7.982440011124923573e-02
9.428271636955908030e-02
1.443729439142045767e-01
7.177215475566009473e-02
9.272914870033606427e-02
3.663918135189965508e-02
8.477470908620750312e-02
9.791175922444222968e-02
1.295123024430880065e-01
1.260324751787722519e-01
3.856089857777172947e-02
1.043056784573354323e-01
7.474627439027352327e-02
7.833367629601915849e-02
1.319710574179882578e-01
2.669344307375304259e-02
1.975347971413439208e-01
