2.303740000000596046e+04
3.017096262505597770e+04
3.730452525010599493e+04
4.443808787515601580e+04
5.157165050020602939e+04
5.870521312525605026e+04
6.583877575030607113e+04
7.297233837535607745e+04
8.010590100040609832e+04
8.723946362545611919e+04
9.437302625050614006e+04
1.015065888755561609e+05
1.086401515006061818e+05
1.157737141256562027e+05
1.229072767507062090e+05
1.300408393757562299e+05
1.371744020008062362e+05
1.443079646258562570e+05
1.514415272509062779e+05
1.585750898759562988e+05
1.657086525010063197e+05
1.728422151260563405e+05
1.799757777511063614e+05
1.871093403761563823e+05
1.942429030012064031e+05
2.013764656262564240e+05
2.085100282513064449e+05
2.156435908763564366e+05
2.227771535014064575e+05
2.299107161264564784e+05
2.370442787515064992e+05
2.441778413765565201e+05
2.513114040016065410e+05
2.584449666266565619e+05
2.655785292517065536e+05
2.727120918767566327e+05
2.798456545018065954e+05
2.869792171268566162e+05
2.941127797519066371e+05
3.012463423769566580e+05
3.083799050020066788e+05
3.155134676270566997e+05
3.226470302521067206e+05
3.297805928771567415e+05
3.369141555022067623e+05
3.440477181272567832e+05
3.511812807523068041e+05
3.583148433773568249e+05
3.654484060024068458e+05
3.725819686274568667e+05
3.797155312525068875e+05
3.868490938775569084e+05
3.939826565026069293e+05
4.011162191276569501e+05
4.082497817527069128e+05
4.153833443777569337e+05
4.225169070028069546e+05
4.296504696278569754e+05
4.367840322529069963e+05
4.439175948779570172e+05
4.510511575030070380e+05
4.581847201280570589e+05
4.653182827531070798e+05
4.724518453781571006e+05
4.795854080032071215e+05
4.867189706282571424e+05
4.938525332533071632e+05
5.009860958783571841e+05
5.081196585034072050e+05
5.152532211284572259e+05
5.223867837535072467e+05
5.295203463785572676e+05
5.366539090036072303e+05
5.437874716286573093e+05
5.509210342537072720e+05
5.580545968787573511e+05
5.651881595038073137e+05
5.723217221288573928e+05
5.794552847539073555e+05
5.865888473789574346e+05
5.937224100040073972e+05
6.008559726290574763e+05
6.079895352541074390e+05
6.151230978791575180e+05
6.222566605042074807e+05
6.293902231292575598e+05
6.365237857543075224e+05
6.436573483793574851e+05
6.507909110044075642e+05
6.579244736294575268e+05
6.650580362545076059e+05
6.721915988795575686e+05
6.793251615046076477e+05
6.864587241296576103e+05
6.935922867547076894e+05
7.007258493797576521e+05
7.078594120048077311e+05
7.149929746298576938e+05
7.221265372549077729e+05
7.292600998799577355e+05
7.363936625050078146e+05
7.435272251300577773e+05
7.506607877551078564e+05
7.577943503801578190e+05
7.649279130052078981e+05
7.720614756302578608e+05
7.791950382553079398e+05
7.863286008803579025e+05
7.934621635054078652e+05
8.005957261304579442e+05
8.077292887555079069e+05
8.148628513805579860e+05
8.219964140056079486e+05
8.291299766306580277e+05
8.362635392557079904e+05
8.433971018807580695e+05
8.505306645058080321e+05
8.576642271308581112e+05
8.647977897559080739e+05
8.719313523809581529e+05
8.790649150060081156e+05
8.861984776310581947e+05
8.933320402561081573e+05
9.004656028811582364e+05
9.075991655062081991e+05
9.147327281312582782e+05
9.218662907563082408e+05
9.289998533813583199e+05
9.361334160064082826e+05
9.432669786314582452e+05
9.504005412565083243e+05
9.575341038815582870e+05
9.646676665066083660e+05
9.718012291316583287e+05
9.789347917567084078e+05
9.860683543817583704e+05
9.932019170068084495e+05
1.000335479631858412e+06
1.007469042256908491e+06
1.014602604881958454e+06
1.021736167507008533e+06
1.028869730132058496e+06
1.036003292757108575e+06
1.043136855382158537e+06
1.050270418007208500e+06
1.057403980632258579e+06
1.064537543257308658e+06
1.071671105882358737e+06
1.078804668507408584e+06
1.085938231132458663e+06
1.093071793757508742e+06
1.100205356382558588e+06
1.107338919007608667e+06
1.114472481632658746e+06
1.121606044257708825e+06
1.128739606882758671e+06
1.135873169507808750e+06
1.143006732132858830e+06
1.150140294757908909e+06
1.157273857382958755e+06
1.164407420008008834e+06
1.171540982633058913e+06
1.178674545258108992e+06
1.185808107883158838e+06
1.192941670508208917e+06
1.200075233133258997e+06
1.207208795758309076e+06
1.214342358383358922e+06
1.221475921008409001e+06
1.228609483633459080e+06
1.235743046258509159e+06
1.242876608883559005e+06
1.250010171508609084e+06
1.257143734133659163e+06
1.264277296758709010e+06
1.271410859383759089e+06
1.278544422008809168e+06
1.285677984633859247e+06
1.292811547258909093e+06
1.299945109883959172e+06
1.307078672509009251e+06
1.314212235134059330e+06
1.321345797759109177e+06
1.328479360384159256e+06
1.335612923009209335e+06
1.342746485634259414e+06
1.349880048259309260e+06
1.357013610884359339e+06
1.364147173509409418e+06
1.371280736134459497e+06
1.378414298759509344e+06
1.385547861384559423e+06
1.392681424009609502e+06
1.399814986634659348e+06
1.406948549259709427e+06
1.414082111884759506e+06
1.421215674509809585e+06
1.428349237134859432e+06
1.435482799759909511e+06
1.442616362384959590e+06
1.449749925010009669e+06
1.456883487635059515e+06
1.464017050260109594e+06
1.471150612885159673e+06
1.478284175510209752e+06
1.485417738135259598e+06
1.492551300760309678e+06
1.499684863385359757e+06
1.506818426010409836e+06
1.513951988635459682e+06
1.521085551260509761e+06
1.528219113885559840e+06
1.535352676510609919e+06
1.542486239135659765e+06
1.549619801760709845e+06
1.556753364385759924e+06
1.563886927010809770e+06
1.571020489635859849e+06
1.578154052260909928e+06
1.585287614885960007e+06
1.592421177511009853e+06
1.599554740136059932e+06
1.606688302761110011e+06
1.613821865386160091e+06
1.620955428011209937e+06
1.628088990636260016e+06
1.635222553261310095e+06
1.642356115886360174e+06
1.649489678511410020e+06
1.656623241136460099e+06
1.663756803761510178e+06
1.670890366386560258e+06
1.678023929011610104e+06
1.685157491636660183e+06
1.692291054261710262e+06
1.699424616886760108e+06
1.706558179511810187e+06
1.713691742136860266e+06
1.720825304761910345e+06
1.727958867386960192e+06
1.735092430012010271e+06
1.742225992637060350e+06
1.749359555262110429e+06
1.756493117887160275e+06
1.763626680512210354e+06
1.770760243137260433e+06
1.777893805762310512e+06
1.785027368387360359e+06
1.792160931012410438e+06
1.799294493637460517e+06
1.806428056262510596e+06
1.813561618887560442e+06
1.820695181512610521e+06
1.827828744137660600e+06
1.834962306762710679e+06
1.842095869387760526e+06
1.849229432012810605e+06
1.856362994637860684e+06
1.863496557262910530e+06
1.870630119887960609e+06
1.877763682513010688e+06
1.884897245138060767e+06
1.892030807763110613e+06
1.899164370388160693e+06
1.906297933013210772e+06
1.913431495638260851e+06
1.920565058263310697e+06
1.927698620888360776e+06
1.934832183513410855e+06
1.941965746138460934e+06
1.949099308763510780e+06
1.956232871388560859e+06
1.963366434013610939e+06
1.970499996638661018e+06
1.977633559263710864e+06
1.984767121888760943e+06
1.991900684513811022e+06
1.999034247138861101e+06
2.006167809763910947e+06
2.013301372388961026e+06
2.020434935014011106e+06
2.027568497639060952e+06
2.034702060264111031e+06
2.041835622889161110e+06
2.048969185514211189e+06
2.056102748139261035e+06
2.063236310764311114e+06
2.070369873389361193e+06
2.077503436014411272e+06
2.084636998639461119e+06
2.091770561264511198e+06
2.098904123889561277e+06
2.106037686514611356e+06
2.113171249139660969e+06
2.120304811764711514e+06
2.127438374389761128e+06
2.134571937014811207e+06
2.141705499639861286e+06
2.148839062264911365e+06
2.155972624889961444e+06
2.163106187515011523e+06
2.170239750140061602e+06
2.177373312765111215e+06
2.184506875390161294e+06
2.191640438015211374e+06
2.198774000640261453e+06
2.205907563265311532e+06
2.213041125890361611e+06
2.220174688515411690e+06
2.227308251140461769e+06
2.234441813765511382e+06
2.241575376390561461e+06
2.248708939015611541e+06
2.255842501640661620e+06
2.262976064265711699e+06
2.270109626890761778e+06
2.277243189515811857e+06
2.284376752140861936e+06
2.291510314765911549e+06
2.298643877390961628e+06
2.305777440016011707e+06
2.312911002641061787e+06
2.320044565266111866e+06
2.327178127891161945e+06
2.334311690516212024e+06
2.341445253141261637e+06
2.348578815766311716e+06
2.355712378391361795e+06
2.362845941016411874e+06
2.369979503641461954e+06
2.377113066266512033e+06
2.384246628891562112e+06
2.391380191516612191e+06
2.398513754141661804e+06
2.405647316766711883e+06
2.412780879391761962e+06
2.419914442016812041e+06
2.427048004641862120e+06
2.434181567266912200e+06
2.441315129891962279e+06
2.448448692517012358e+06
2.455582255142061971e+06
2.462715817767112050e+06
2.469849380392162129e+06
2.476982943017212208e+06
2.484116505642262287e+06
2.491250068267312367e+06
2.498383630892362446e+06
2.505517193517412059e+06
2.512650756142462138e+06
2.519784318767512217e+06
2.526917881392562296e+06
2.534051444017612375e+06
2.541185006642662454e+06
2.548318569267712533e+06
2.555452131892762613e+06
2.562585694517812226e+06
2.569719257142862305e+06
2.576852819767912384e+06
2.583986382392962463e+06
2.591119945018012542e+06
2.598253507643062621e+06
2.605387070268112700e+06
2.612520632893162314e+06
2.619654195518212393e+06
2.626787758143262472e+06
2.633921320768312551e+06
2.641054883393362630e+06
2.648188446018412709e+06
2.655322008643462788e+06
2.662455571268512867e+06
2.669589133893562481e+06
2.676722696518612560e+06
2.683856259143662639e+06
2.690989821768712718e+06
2.698123384393762797e+06
2.705256947018812876e+06
2.712390509643862955e+06
2.719524072268913034e+06
2.726657634893962648e+06
2.733791197519012727e+06
2.740924760144062806e+06
2.748058322769112885e+06
2.755191885394162964e+06
2.762325448019213043e+06
2.769459010644263122e+06
2.776592573269312736e+06
2.783726135894362815e+06
2.790859698519412894e+06
2.797993261144462973e+06
2.805126823769513052e+06
2.812260386394563131e+06
2.819393949019613210e+06
2.826527511644663289e+06
2.833661074269712903e+06
2.840794636894762982e+06
2.847928199519813061e+06
2.855061762144863140e+06
2.862195324769913219e+06
2.869328887394963298e+06
2.876462450020013377e+06
2.883596012645063456e+06
2.890729575270113070e+06
2.897863137895163149e+06
2.904996700520213228e+06
2.912130263145263307e+06
2.919263825770313386e+06
2.926397388395363465e+06
2.933530951020413544e+06
2.940664513645463157e+06
2.947798076270513237e+06
2.954931638895563316e+06
2.962065201520613395e+06
2.969198764145663474e+06
2.976332326770713553e+06
2.983465889395763632e+06
2.990599452020813711e+06
2.997733014645863324e+06
3.004866577270913403e+06
3.012000139895963483e+06
3.019133702521013562e+06
3.026267265146063641e+06
3.033400827771113720e+06
3.040534390396163799e+06
3.047667953021213878e+06
3.054801515646263491e+06
3.061935078271313570e+06
3.069068640896363650e+06
3.076202203521413729e+06
3.083335766146463808e+06
3.090469328771513887e+06
3.097602891396563966e+06
3.104736454021613579e+06
3.111870016646663658e+06
3.119003579271713737e+06
3.126137141896763816e+06
3.133270704521813896e+06
3.140404267146863975e+06
3.147537829771914054e+06
3.154671392396964133e+06
3.161804955022013746e+06
3.168938517647063825e+06
3.176072080272113904e+06
3.183205642897163983e+06
3.190339205522214063e+06
3.197472768147264142e+06
3.204606330772314221e+06
3.211739893397364300e+06
3.218873456022413913e+06
3.226007018647463992e+06
3.233140581272514071e+06
3.240274143897564150e+06
3.247407706522614229e+06
3.254541269147664309e+06
3.261674831772714388e+06
3.268808394397764001e+06
3.275941957022814080e+06
3.283075519647864159e+06
3.290209082272914238e+06
3.297342644897964317e+06
3.304476207523014396e+06
3.311609770148064476e+06
3.318743332773114555e+06
3.325876895398164168e+06
3.333010458023214247e+06
3.340144020648264326e+06
3.347277583273314405e+06
3.354411145898364484e+06
3.361544708523414563e+06
3.368678271148464642e+06
3.375811833773514256e+06
3.382945396398564335e+06
3.390078959023614414e+06
3.397212521648664493e+06
3.404346084273714572e+06
3.411479646898764651e+06
3.418613209523814730e+06
3.425746772148864809e+06
3.432880334773914423e+06
3.440013897398964502e+06
3.447147460024014581e+06
3.454281022649064660e+06
3.461414585274114739e+06
3.468548147899164818e+06
3.475681710524214897e+06
3.482815273149264976e+06
3.489948835774314590e+06
3.497082398399364669e+06
3.504215961024414748e+06
3.511349523649464827e+06
3.518483086274514906e+06
3.525616648899564985e+06
3.532750211524615064e+06
3.539883774149664678e+06
3.547017336774714757e+06
3.554150899399764836e+06
3.561284462024814915e+06
3.568418024649864994e+06
3.575551587274915073e+06
3.582685149899965152e+06
3.589818712525015231e+06
3.596952275150064845e+06
3.604085837775114924e+06
3.611219400400165003e+06
3.618352963025215082e+06
3.625486525650265161e+06
3.632620088275315240e+06
3.639753650900365319e+06
3.646887213525415398e+06
3.654020776150465012e+06
3.661154338775515091e+06
3.668287901400565170e+06
3.675421464025615249e+06
3.682555026650665328e+06
3.689688589275715407e+06
3.696822151900765486e+06
3.703955714525815099e+06
3.711089277150865179e+06
3.718222839775915258e+06
3.725356402400965337e+06
3.732489965026015416e+06
3.739623527651065495e+06
3.746757090276115574e+06
3.753890652901165653e+06
3.761024215526215266e+06
3.768157778151265346e+06
3.775291340776315425e+06
3.782424903401365504e+06
3.789558466026415583e+06
3.796692028651465662e+06
3.803825591276515741e+06
3.810959153901565820e+06
3.818092716526615433e+06
3.825226279151665512e+06
3.832359841776715592e+06
3.839493404401765671e+06
3.846626967026815750e+06
3.853760529651865829e+06
3.860894092276915908e+06
3.868027654901965521e+06
3.875161217527015600e+06
3.882294780152065679e+06
3.889428342777115759e+06
3.896561905402165838e+06
3.903695468027215917e+06
3.910829030652265996e+06
3.917962593277316075e+06
3.925096155902365688e+06
3.932229718527415767e+06
3.939363281152465846e+06
3.946496843777515925e+06
3.953630406402566005e+06
3.960763969027616084e+06
3.967897531652666163e+06
3.975031094277716242e+06
3.982164656902765855e+06
3.989298219527815934e+06
3.996431782152866013e+06
4.003565344777916092e+06
4.010698907402966172e+06
4.017832470028016251e+06
4.024966032653066330e+06
4.032099595278115943e+06
4.039233157903166022e+06
4.046366720528216101e+06
4.053500283153266180e+06
4.060633845778316259e+06
4.067767408403366338e+06
4.074900971028416418e+06
4.082034533653466497e+06
4.089168096278516110e+06
4.096301658903566189e+06
4.103435221528616268e+06
4.110568784153666347e+06
4.117702346778716426e+06
4.124835909403766505e+06
4.131969472028816584e+06
4.139103034653866198e+06
4.146236597278916277e+06
4.153370159903966356e+06
4.160503722529016435e+06
4.167637285154066514e+06
4.174770847779116593e+06
4.181904410404166672e+06
4.189037973029216751e+06
4.196171535654266365e+06
4.203305098279315978e+06
4.210438660904366523e+06
4.217572223529417068e+06
4.224705786154466681e+06
4.231839348779516295e+06
4.238972911404566839e+06
4.246106474029616453e+06
4.253240036654666997e+06
4.260373599279716611e+06
4.267507161904767156e+06
4.274640724529816769e+06
4.281774287154866382e+06
4.288907849779916927e+06
4.296041412404966541e+06
4.303174975030017085e+06
4.310308537655066699e+06
4.317442100280117244e+06
4.324575662905166857e+06
4.331709225530216470e+06
4.338842788155267015e+06
4.345976350780316629e+06
4.353109913405367173e+06
4.360243476030416787e+06
4.367377038655467331e+06
4.374510601280516945e+06
4.381644163905567490e+06
4.388777726530617103e+06
4.395911289155666716e+06
4.403044851780717261e+06
4.410178414405766875e+06
4.417311977030817419e+06
4.424445539655867033e+06
4.431579102280917577e+06
4.438712664905967191e+06
4.445846227531016804e+06
4.452979790156067349e+06
4.460113352781116962e+06
4.467246915406167507e+06
4.474380478031217121e+06
4.481514040656267665e+06
4.488647603281317279e+06
4.495781165906366892e+06
4.502914728531417437e+06
4.510048291156467050e+06
4.517181853781517595e+06
4.524315416406567208e+06
4.531448979031617753e+06
4.538582541656667367e+06
4.545716104281717911e+06
4.552849666906767525e+06
4.559983229531817138e+06
4.567116792156867683e+06
4.574250354781917296e+06
4.581383917406967841e+06
4.588517480032017455e+06
4.595651042657067999e+06
4.602784605282117613e+06
4.609918167907167226e+06
4.617051730532217771e+06
4.624185293157267384e+06
4.631318855782317929e+06
4.638452418407367542e+06
4.645585981032418087e+06
4.652719543657467701e+06
4.659853106282517314e+06
4.666986668907567859e+06
4.674120231532617472e+06
4.681253794157668017e+06
4.688387356782717630e+06
4.695520919407768175e+06
4.702654482032817788e+06
4.709788044657868333e+06
4.716921607282917947e+06
4.724055169907967560e+06
4.731188732533018105e+06
4.738322295158067718e+06
4.745455857783118263e+06
4.752589420408167876e+06
4.759722983033218421e+06
4.766856545658268034e+06
4.773990108283317648e+06
4.781123670908368193e+06
4.788257233533417806e+06
4.795390796158468351e+06
4.802524358783517964e+06
4.809657921408568509e+06
4.816791484033618122e+06
4.823925046658667736e+06
4.831058609283718280e+06
4.838192171908767894e+06
4.845325734533818439e+06
4.852459297158868052e+06
4.859592859783918597e+06
4.866726422408968210e+06
4.873859985034018755e+06
4.880993547659068368e+06
4.888127110284117982e+06
4.895260672909168527e+06
4.902394235534218140e+06
4.909527798159268685e+06
4.916661360784318298e+06
4.923794923409368843e+06
4.930928486034418456e+06
4.938062048659468070e+06
4.945195611284518614e+06
4.952329173909568228e+06
4.959462736534618773e+06
4.966596299159668386e+06
4.973729861784718931e+06
4.980863424409768544e+06
4.987996987034818158e+06
4.995130549659868702e+06
5.002264112284918316e+06
5.009397674909968860e+06
5.016531237535018474e+06
5.023664800160069019e+06
5.030798362785118632e+06
5.037931925410169177e+06
5.045065488035218790e+06
5.052199050660268404e+06
5.059332613285318948e+06
5.066466175910368562e+06
5.073599738535419106e+06
5.080733301160468720e+06
5.087866863785519265e+06
5.095000426410568878e+06
5.102133989035618491e+06
5.109267551660669036e+06
5.116401114285718650e+06
5.123534676910769194e+06
5.130668239535818808e+06
5.137801802160869353e+06
5.144935364785918966e+06
5.152068927410968579e+06
5.159202490036019124e+06
5.166336052661068738e+06
5.173469615286119282e+06
5.180603177911168896e+06
5.187736740536219440e+06
5.194870303161269054e+06
5.202003865786318667e+06
5.209137428411369212e+06
5.216270991036418825e+06
5.223404553661469370e+06
5.230538116286518984e+06
5.237671678911569528e+06
5.244805241536619142e+06
5.251938804161669686e+06
5.259072366786719300e+06
5.266205929411768913e+06
5.273339492036819458e+06
5.280473054661869071e+06
5.287606617286919616e+06
5.294740179911969230e+06
5.301873742537019774e+06
5.309007305162069388e+06
5.316140867787119001e+06
5.323274430412169546e+06
5.330407993037219159e+06
5.337541555662269704e+06
5.344675118287319317e+06
5.351808680912369862e+06
5.358942243537419476e+06
5.366075806162469089e+06
5.373209368787519634e+06
5.380342931412569247e+06
5.387476494037619792e+06
5.394610056662669405e+06
5.401743619287719950e+06
5.408877181912769563e+06
5.416010744537820108e+06
5.423144307162869722e+06
5.430277869787919335e+06
5.437411432412969880e+06
5.444544995038019493e+06
5.451678557663070038e+06
5.458812120288119651e+06
5.465945682913170196e+06
5.473079245538219810e+06
5.480212808163269423e+06
5.487346370788319968e+06
5.494479933413369581e+06
5.501613496038420126e+06
5.508747058663469739e+06
5.515880621288520284e+06
5.523014183913569897e+06
5.530147746538619511e+06
5.537281309163670056e+06
5.544414871788719669e+06
5.551548434413770214e+06
5.558681997038819827e+06
5.565815559663870372e+06
5.572949122288919985e+06
5.580082684913970530e+06
5.587216247539020143e+06
5.594349810164069757e+06
5.601483372789120302e+06
5.608616935414169915e+06
5.615750498039220460e+06
5.622884060664270073e+06
5.630017623289320618e+06
5.637151185914370231e+06
5.644284748539419845e+06
5.651418311164470389e+06
5.658551873789520003e+06
5.665685436414570548e+06
5.672818999039620161e+06
5.679952561664670706e+06
5.687086124289720319e+06
5.694219686914769933e+06
5.701353249539820477e+06
5.708486812164870091e+06
5.715620374789920636e+06
5.722753937414970249e+06
5.729887500040020794e+06
5.737021062665070407e+06
5.744154625290120952e+06
5.751288187915170565e+06
5.758421750540220179e+06
5.765555313165270723e+06
5.772688875790320337e+06
5.779822438415370882e+06
5.786956001040420495e+06
5.794089563665471040e+06
5.801223126290520653e+06
5.808356688915570267e+06
5.815490251540620811e+06
5.822623814165670425e+06
5.829757376790720969e+06
5.836890939415770583e+06
5.844024502040821128e+06
5.851158064665870741e+06
5.858291627290920354e+06
5.865425189915970899e+06
5.872558752541020513e+06
5.879692315166071057e+06
5.886825877791120671e+06
5.893959440416171215e+06
5.901093003041220829e+06
5.908226565666271374e+06
5.915360128291320987e+06
5.922493690916370600e+06
5.929627253541421145e+06
5.936760816166470759e+06
5.943894378791521303e+06
5.951027941416570917e+06
5.958161504041621462e+06
5.965295066666671075e+06
5.972428629291720688e+06
5.979562191916771233e+06
5.986695754541820846e+06
5.993829317166871391e+06
6.000962879791921005e+06
6.008096442416971549e+06
6.015230005042021163e+06
6.022363567667070776e+06
6.029497130292121321e+06
6.036630692917170934e+06
6.043764255542221479e+06
6.050897818167271093e+06
6.058031380792321637e+06
6.065164943417371251e+06
6.072298506042421795e+06
6.079432068667471409e+06
6.086565631292521022e+06
6.093699193917571567e+06
6.100832756542621180e+06
6.107966319167671725e+06
6.115099881792721339e+06
6.122233444417771883e+06
6.129367007042821497e+06
6.136500569667871110e+06
6.143634132292921655e+06
6.150767694917971268e+06
6.157901257543021813e+06
6.165034820168071426e+06
6.172168382793121971e+06
6.179301945418171585e+06
6.186435508043221198e+06
6.193569070668271743e+06
6.200702633293321356e+06
6.207836195918371901e+06
6.214969758543421514e+06
6.222103321168472059e+06
6.229236883793521672e+06
6.236370446418572217e+06
6.243504009043621831e+06
6.250637571668671444e+06
6.257771134293721989e+06
6.264904696918771602e+06
6.272038259543822147e+06
6.279171822168871760e+06
6.286305384793922305e+06
6.293438947418971919e+06
6.300572510044021532e+06
6.307706072669072077e+06
6.314839635294121690e+06
6.321973197919172235e+06
6.329106760544221848e+06
6.336240323169272393e+06
6.343373885794322006e+06
6.350507448419371620e+06
6.357641011044422165e+06
6.364774573669471778e+06
6.371908136294522323e+06
6.379041698919571936e+06
6.386175261544622481e+06
6.393308824169672094e+06
6.400442386794722639e+06
6.407575949419772252e+06
6.414709512044821866e+06
6.421843074669872411e+06
6.428976637294922024e+06
6.436110199919972569e+06
6.443243762545022182e+06
6.450377325170072727e+06
6.457510887795122340e+06
6.464644450420171954e+06
6.471778013045222498e+06
6.478911575670272112e+06
6.486045138295322657e+06
6.493178700920372270e+06
6.500312263545422815e+06
6.507445826170472428e+06
6.514579388795522042e+06
6.521712951420572586e+06
6.528846514045622200e+06
6.535980076670672745e+06
6.543113639295722358e+06
6.550247201920772903e+06
6.557380764545822516e+06
6.564514327170873061e+06
6.571647889795922674e+06
6.578781452420972288e+06
6.585915015046022832e+06
6.593048577671072446e+06
6.600182140296122991e+06
6.607315702921172604e+06
6.614449265546223149e+06
6.621582828171272762e+06
6.628716390796322376e+06
6.635849953421372920e+06
6.642983516046422534e+06
6.650117078671473078e+06
6.657250641296522692e+06
6.664384203921573237e+06
6.671517766546622850e+06
6.678651329171672463e+06
6.685784891796723008e+06
6.692918454421772622e+06
6.700052017046823166e+06
6.707185579671872780e+06
6.714319142296923324e+06
6.721452704921972938e+06
6.728586267547022551e+06
6.735719830172073096e+06
6.742853392797122709e+06
6.749986955422173254e+06
6.757120518047222868e+06
6.764254080672273412e+06
6.771387643297323026e+06
6.778521205922373571e+06
6.785654768547423184e+06
6.792788331172472797e+06
6.799921893797523342e+06
6.807055456422572955e+06
6.814189019047623500e+06
6.821322581672673114e+06
6.828456144297723658e+06
6.835589706922773272e+06
6.842723269547822885e+06
6.849856832172873430e+06
6.856990394797923043e+06
6.864123957422973588e+06
6.871257520048023202e+06
6.878391082673073746e+06
6.885524645298123360e+06
6.892658207923172973e+06
6.899791770548223518e+06
6.906925333173273131e+06
6.914058895798323676e+06
6.921192458423373289e+06
6.928326021048423834e+06
6.935459583673473448e+06
6.942593146298523992e+06
6.949726708923573606e+06
6.956860271548623219e+06
6.963993834173673764e+06
6.971127396798723377e+06
6.978260959423773922e+06
6.985394522048823535e+06
6.992528084673874080e+06
6.999661647298923694e+06
7.006795209923973307e+06
7.013928772549023852e+06
7.021062335174073465e+06
7.028195897799124010e+06
7.035329460424173623e+06
7.042463023049224168e+06
7.049596585674273781e+06
7.056730148299323395e+06
7.063863710924373940e+06
7.070997273549423553e+06
7.078130836174474098e+06
7.085264398799523711e+06
7.092397961424574256e+06
7.099531524049623869e+06
7.106665086674674414e+06
7.113798649299724028e+06
7.120932211924773641e+06
7.128065774549824186e+06
7.135199337174873799e+06
7.142332899799924344e+06
7.149466462424973957e+06
7.156600025050024502e+06
7.163733587675074115e+06
7.170867150300123729e+06
7.178000712925174274e+06
7.185134275550223887e+06
7.192267838175274432e+06
7.199401400800324045e+06
7.206534963425374590e+06
7.213668526050424203e+06
7.220802088675473817e+06
7.227935651300524361e+06
7.235069213925573975e+06
7.242202776550624520e+06
7.249336339175674133e+06
7.256469901800724678e+06
7.263603464425774291e+06
7.270737027050824836e+06
7.277870589675874449e+06
7.285004152300924063e+06
7.292137714925974607e+06
7.299271277551024221e+06
7.306404840176074766e+06
7.313538402801124379e+06
7.320671965426174924e+06
7.327805528051224537e+06
7.334939090676274151e+06
7.342072653301324695e+06
7.349206215926374309e+06
7.356339778551424854e+06
7.363473341176474467e+06
7.370606903801525012e+06
7.377740466426574625e+06
7.384874029051624238e+06
7.392007591676674783e+06
7.399141154301724397e+06
7.406274716926774941e+06
7.413408279551824555e+06
7.420541842176875100e+06
7.427675404801924713e+06
7.434808967426975258e+06
7.441942530052024871e+06
7.449076092677074485e+06
7.456209655302125029e+06
7.463343217927174643e+06
7.470476780552225187e+06
7.477610343177274801e+06
7.484743905802325346e+06
7.491877468427374959e+06
7.499011031052424572e+06
7.506144593677475117e+06
7.513278156302524731e+06
7.520411718927575275e+06
7.527545281552624889e+06
7.534678844177675433e+06
7.541812406802725047e+06
7.548945969427774660e+06
7.556079532052825205e+06
7.563213094677874818e+06
7.570346657302925363e+06
7.577480219927974977e+06
7.584613782553025521e+06
7.591747345178075135e+06
7.598880907803125679e+06
7.606014470428175293e+06
7.613148033053224906e+06
7.620281595678275451e+06
7.627415158303325064e+06
7.634548720928375609e+06
7.641682283553425223e+06
7.648815846178475767e+06
7.655949408803525381e+06
7.663082971428574994e+06
7.670216534053625539e+06
7.677350096678675152e+06
7.684483659303725697e+06
7.691617221928775311e+06
7.698750784553825855e+06
7.705884347178875469e+06
7.713017909803925082e+06
7.720151472428975627e+06
7.727285035054025240e+06
7.734418597679075785e+06
7.741552160304125398e+06
7.748685722929175943e+06
7.755819285554225557e+06
7.762952848179276101e+06
7.770086410804325715e+06
7.777219973429375328e+06
7.784353536054425873e+06
7.791487098679475486e+06
7.798620661304526031e+06
7.805754223929575644e+06
7.812887786554626189e+06
7.820021349179675803e+06
7.827154911804725416e+06
7.834288474429775961e+06
7.841422037054825574e+06
7.848555599679876119e+06
7.855689162304925732e+06
7.862822724929976277e+06
7.869956287555025890e+06
7.877089850180075504e+06
7.884223412805126049e+06
7.891356975430175662e+06
7.898490538055226207e+06
7.905624100680275820e+06
7.912757663305326365e+06
7.919891225930375978e+06
7.927024788555426523e+06
7.934158351180476137e+06
7.941291913805525750e+06
7.948425476430576295e+06
7.955559039055625908e+06
7.962692601680676453e+06
7.969826164305726066e+06
7.976959726930776611e+06
7.984093289555826224e+06
7.991226852180875838e+06
7.998360414805926383e+06
8.005493977430975996e+06
8.012627540056026541e+06
8.019761102681076154e+06
8.026894665306126699e+06
8.034028227931176312e+06
8.041161790556225926e+06
8.048295353181276470e+06
8.055428915806326084e+06
8.062562478431376629e+06
8.069696041056426242e+06
8.076829603681476787e+06
8.083963166306526400e+06
8.091096728931576014e+06
8.098230291556626558e+06
8.105363854181676172e+06
8.112497416806726716e+06
8.119630979431776330e+06
8.126764542056826875e+06
8.133898104681876488e+06
8.141031667306927033e+06
8.148165229931976646e+06
8.155298792557026260e+06
8.162432355182076804e+06
8.169565917807126418e+06
8.176699480432176962e+06
8.183833043057226576e+06
8.190966605682277121e+06
8.198100168307326734e+06
8.205233730932376347e+06
8.212367293557426892e+06
8.219500856182476506e+06
8.226634418807527050e+06
8.233767981432576664e+06
8.240901544057627209e+06
8.248035106682676822e+06
8.255168669307726435e+06
8.262302231932776980e+06
8.269435794557826594e+06
8.276569357182877138e+06
8.283702919807926752e+06
8.290836482432977296e+06
8.297970045058026910e+06
8.305103607683077455e+06
8.312237170308127068e+06
8.319370732933176681e+06
8.326504295558227226e+06
8.333637858183276840e+06
8.340771420808327384e+06
8.347904983433376998e+06
8.355038546058427542e+06
8.362172108683477156e+06
8.369305671308526769e+06
8.376439233933577314e+06
8.383572796558626927e+06
8.390706359183676541e+06
8.397839921808727086e+06
8.404973484433777630e+06
8.412107047058828175e+06
8.419240609683876857e+06
8.426374172308927402e+06
8.433507734933977947e+06
8.440641297559026629e+06
8.447774860184077173e+06
8.454908422809127718e+06
8.462041985434178263e+06
8.469175548059226945e+06
8.476309110684277490e+06
8.483442673309328035e+06
8.490576235934376717e+06
8.497709798559427261e+06
8.504843361184477806e+06
8.511976923809528351e+06
8.519110486434577033e+06
8.526244049059627578e+06
8.533377611684678122e+06
8.540511174309726804e+06
8.547644736934777349e+06
8.554778299559827894e+06
8.561911862184878439e+06
8.569045424809927121e+06
8.576178987434977666e+06
8.583312550060028210e+06
8.590446112685076892e+06
8.597579675310127437e+06
8.604713237935177982e+06
8.611846800560228527e+06
8.618980363185277209e+06
8.626113925810327753e+06
8.633247488435378298e+06
8.640381051060426980e+06
8.647514613685477525e+06
8.654648176310528070e+06
8.661781738935578614e+06
8.668915301560627297e+06
8.676048864185677841e+06
8.683182426810728386e+06
8.690315989435778931e+06
8.697449552060827613e+06
8.704583114685878158e+06
8.711716677310928702e+06
8.718850239935977384e+06
8.725983802561027929e+06
8.733117365186078474e+06
8.740250927811129019e+06
8.747384490436177701e+06
8.754518053061228245e+06
8.761651615686278790e+06
8.768785178311327472e+06
8.775918740936378017e+06
8.783052303561428562e+06
8.790185866186479107e+06
8.797319428811527789e+06
8.804452991436578333e+06
8.811586554061628878e+06
8.818720116686677560e+06
8.825853679311728105e+06
8.832987241936778650e+06
8.840120804561829194e+06
8.847254367186877877e+06
8.854387929811928421e+06
8.861521492436978966e+06
8.868655055062027648e+06
8.875788617687078193e+06
8.882922180312128738e+06
8.890055742937179282e+06
8.897189305562227964e+06
8.904322868187278509e+06
8.911456430812329054e+06
8.918589993437377736e+06
8.925723556062428281e+06
8.932857118687478825e+06
8.939990681312529370e+06
8.947124243937578052e+06
8.954257806562628597e+06
8.961391369187679142e+06
8.968524931812727824e+06
8.975658494437778369e+06
8.982792057062828913e+06
8.989925619687879458e+06
8.997059182312928140e+06
9.004192744937978685e+06
9.011326307563029230e+06
9.018459870188077912e+06
9.025593432813128456e+06
9.032726995438179001e+06
9.039860558063229546e+06
9.046994120688278228e+06
9.054127683313328773e+06
9.061261245938379318e+06
9.068394808563429862e+06
9.075528371188478544e+06
9.082661933813529089e+06
9.089795496438579634e+06
9.096929059063628316e+06
9.104062621688678861e+06
9.111196184313729405e+06
9.118329746938779950e+06
9.125463309563828632e+06
9.132596872188879177e+06
9.139730434813929722e+06
9.146863997438978404e+06
9.153997560064028949e+06
9.161131122689079493e+06
9.168264685314130038e+06
9.175398247939178720e+06
9.182531810564229265e+06
9.189665373189279810e+06
9.196798935814328492e+06
9.203932498439379036e+06
9.211066061064429581e+06
9.218199623689480126e+06
9.225333186314528808e+06
9.232466748939579353e+06
9.239600311564629897e+06
9.246733874189678580e+06
9.253867436814729124e+06
9.261000999439779669e+06
9.268134562064830214e+06
9.275268124689878896e+06
9.282401687314929441e+06
9.289535249939979985e+06
9.296668812565028667e+06
9.303802375190079212e+06
9.310935937815129757e+06
9.318069500440180302e+06
9.325203063065228984e+06
9.332336625690279528e+06
9.339470188315330073e+06
9.346603750940378755e+06
9.353737313565429300e+06
9.360870876190479845e+06
9.368004438815530390e+06
9.375138001440579072e+06
9.382271564065629616e+06
9.389405126690680161e+06
9.396538689315730706e+06
9.403672251940779388e+06
9.410805814565829933e+06
9.417939377190880477e+06
9.425072939815929160e+06
9.432206502440979704e+06
9.439340065066030249e+06
9.446473627691080794e+06
9.453607190316129476e+06
9.460740752941180021e+06
9.467874315566230565e+06
9.475007878191279247e+06
9.482141440816329792e+06
9.489275003441380337e+06
9.496408566066430882e+06
9.503542128691479564e+06
9.510675691316530108e+06
9.517809253941580653e+06
9.524942816566629335e+06
9.532076379191679880e+06
9.539209941816730425e+06
9.546343504441780970e+06
9.553477067066829652e+06
9.560610629691880196e+06
9.567744192316930741e+06
9.574877754941979423e+06
9.582011317567029968e+06
9.589144880192080513e+06
9.596278442817131057e+06
9.603412005442179739e+06
9.610545568067230284e+06
9.617679130692280829e+06
9.624812693317329511e+06
9.631946255942380056e+06
9.639079818567430601e+06
9.646213381192481145e+06
9.653346943817529827e+06
9.660480506442580372e+06
9.667614069067630917e+06
9.674747631692679599e+06
9.681881194317730144e+06
9.689014756942780688e+06
9.696148319567831233e+06
9.703281882192879915e+06
9.710415444817930460e+06
9.717549007442981005e+06
9.724682570068031549e+06
9.731816132693080232e+06
9.738949695318130776e+06
9.746083257943181321e+06
9.753216820568230003e+06
9.760350383193280548e+06
9.767483945818331093e+06
9.774617508443381637e+06
9.781751071068430319e+06
9.788884633693480864e+06
9.796018196318531409e+06
9.803151758943580091e+06
9.810285321568630636e+06
9.817418884193681180e+06
9.824552446818731725e+06
9.831686009443780407e+06
9.838819572068830952e+06
9.845953134693881497e+06
9.853086697318930179e+06
9.860220259943980724e+06
9.867353822569031268e+06
9.874487385194081813e+06
9.881620947819130495e+06
9.888754510444181040e+06
9.895888073069231585e+06
9.903021635694280267e+06
9.910155198319330812e+06
9.917288760944381356e+06
9.924422323569431901e+06
9.931555886194480583e+06
9.938689448819531128e+06
9.945823011444581673e+06
9.952956574069630355e+06
9.960090136694680899e+06
9.967223699319731444e+06
9.974357261944781989e+06
9.981490824569830671e+06
9.988624387194881216e+06
9.995757949819931760e+06
1.000289151244498044e+07
1.001002507507003099e+07
1.001715863769508153e+07
1.002429220032013208e+07
1.003142576294518076e+07
1.003855932557023130e+07
1.004569288819528185e+07
1.005282645082033239e+07
1.005996001344538108e+07
1.006709357607043162e+07
1.007422713869548216e+07
1.008136070132053085e+07
1.008849426394558139e+07
1.009562782657063194e+07
1.010276138919568248e+07
1.010989495182073116e+07
1.011702851444578171e+07
1.012416207707083225e+07
1.013129563969588093e+07
1.013842920232093148e+07
1.014556276494598202e+07
1.015269632757103257e+07
1.015982989019608125e+07
1.016696345282113180e+07
1.017409701544618234e+07
1.018123057807123102e+07
1.018836414069628157e+07
1.019549770332133211e+07
1.020263126594638266e+07
1.020976482857143134e+07
1.021689839119648188e+07
1.022403195382153243e+07
1.023116551644658111e+07
1.023829907907163166e+07
1.024543264169668220e+07
1.025256620432173274e+07
1.025969976694678143e+07
1.026683332957183197e+07
1.027396689219688252e+07
1.028110045482193120e+07
1.028823401744698174e+07
1.029536758007203229e+07
1.030250114269708283e+07
1.030963470532213151e+07
1.031676826794718206e+07
1.032390183057223260e+07
1.033103539319728129e+07
1.033816895582233183e+07
1.034530251844738238e+07
1.035243608107243292e+07
1.035956964369748160e+07
1.036670320632253215e+07
1.037383676894758269e+07
1.038097033157263137e+07
1.038810389419768192e+07
1.039523745682273246e+07
1.040237101944778301e+07
1.040950458207283169e+07
1.041663814469788224e+07
1.042377170732293278e+07
1.043090526994798332e+07
1.043803883257303201e+07
1.044517239519808255e+07
1.045230595782313310e+07
1.045943952044818178e+07
1.046657308307323232e+07
1.047370664569828287e+07
1.048084020832333341e+07
1.048797377094838209e+07
1.049510733357343264e+07
1.050224089619848318e+07
1.050937445882353187e+07
1.051650802144858241e+07
1.052364158407363296e+07
1.053077514669868350e+07
1.053790870932373218e+07
1.054504227194878273e+07
1.055217583457383327e+07
1.055930939719888195e+07
1.056644295982393250e+07
1.057357652244898304e+07
1.058071008507403359e+07
1.058784364769908227e+07
1.059497721032413282e+07
1.060211077294918336e+07
1.060924433557423204e+07
1.061637789819928259e+07
1.062351146082433313e+07
1.063064502344938368e+07
1.063777858607443236e+07
1.064491214869948290e+07
1.065204571132453345e+07
1.065917927394958213e+07
1.066631283657463267e+07
1.067344639919968322e+07
1.068057996182473376e+07
1.068771352444978245e+07
1.069484708707483299e+07
1.070198064969988354e+07
1.070911421232493222e+07
1.071624777494998276e+07
1.072338133757503331e+07
1.073051490020008385e+07
1.073764846282513253e+07
1.074478202545018308e+07
1.075191558807523362e+07
1.075904915070028417e+07
1.076618271332533285e+07
1.077331627595038339e+07
1.078044983857543394e+07
1.078758340120048262e+07
1.079471696382553317e+07
1.080185052645058371e+07
1.080898408907563426e+07
1.081611765170068294e+07
1.082325121432573348e+07
1.083038477695078403e+07
1.083751833957583271e+07
1.084465190220088325e+07
1.085178546482593380e+07
1.085891902745098434e+07
1.086605259007603303e+07
1.087318615270108357e+07
1.088031971532613412e+07
1.088745327795118280e+07
1.089458684057623334e+07
1.090172040320128389e+07
1.090885396582633443e+07
1.091598752845138311e+07
1.092312109107643366e+07
1.093025465370148420e+07
1.093738821632653289e+07
1.094452177895158343e+07
1.095165534157663397e+07
1.095878890420168452e+07
1.096592246682673320e+07
1.097305602945178375e+07
1.098018959207683429e+07
1.098732315470188297e+07
1.099445671732693352e+07
1.100159027995198406e+07
1.100872384257703461e+07
1.101585740520208329e+07
1.102299096782713383e+07
1.103012453045218438e+07
1.103725809307723306e+07
1.104439165570228361e+07
1.105152521832733415e+07
1.105865878095238470e+07
1.106579234357743338e+07
1.107292590620248392e+07
1.108005946882753447e+07
1.108719303145258501e+07
1.109432659407763369e+07
1.110146015670268424e+07
1.110859371932773478e+07
1.111572728195278347e+07
1.112286084457783401e+07
1.112999440720288455e+07
1.113712796982793510e+07
1.114426153245298378e+07
1.115139509507803433e+07
1.115852865770308487e+07
1.116566222032813355e+07
1.117279578295318410e+07
1.117992934557823464e+07
1.118706290820328519e+07
1.119419647082833387e+07
1.120133003345338441e+07
1.120846359607843496e+07
1.121559715870348364e+07
1.122273072132853419e+07
1.122986428395358473e+07
1.123699784657863528e+07
1.124413140920368396e+07
1.125126497182873450e+07
1.125839853445378505e+07
1.126553209707883373e+07
1.127266565970388427e+07
1.127979922232893482e+07
1.128693278495398536e+07
1.129406634757903405e+07
1.130119991020408459e+07
1.130833347282913513e+07
1.131546703545418382e+07
1.132260059807923436e+07
1.132973416070428491e+07
1.133686772332933545e+07
1.134400128595438413e+07
1.135113484857943468e+07
1.135826841120448522e+07
1.136540197382953390e+07
1.137253553645458445e+07
1.137966909907963499e+07
1.138680266170468554e+07
1.139393622432973422e+07
1.140106978695478477e+07
1.140820334957983531e+07
1.141533691220488586e+07
1.142247047482993454e+07
1.142960403745498508e+07
1.143673760008003563e+07
1.144387116270508431e+07
1.145100472533013485e+07
1.145813828795518540e+07
1.146527185058023594e+07
1.147240541320528463e+07
1.147953897583033517e+07
1.148667253845538571e+07
1.149380610108043440e+07
1.150093966370548494e+07
1.150807322633053549e+07
1.151520678895558603e+07
1.152234035158063471e+07
1.152947391420568526e+07
1.153660747683073580e+07
1.154374103945578448e+07
1.155087460208083503e+07
1.155800816470588557e+07
1.156514172733093612e+07
1.157227528995598480e+07
1.157940885258103535e+07
1.158654241520608589e+07
1.159367597783113457e+07
1.160080954045618512e+07
1.160794310308123566e+07
1.161507666570628621e+07
1.162221022833133489e+07
1.162934379095638543e+07
1.163647735358143598e+07
1.164361091620648466e+07
1.165074447883153521e+07
1.165787804145658575e+07
1.166501160408163629e+07
1.167214516670668498e+07
1.167927872933173552e+07
1.168641229195678607e+07
1.169354585458183475e+07
1.170067941720688529e+07
1.170781297983193584e+07
1.171494654245698638e+07
1.172208010508203506e+07
1.172921366770708561e+07
1.173634723033213615e+07
1.174348079295718484e+07
1.175061435558223538e+07
1.175774791820728593e+07
1.176488148083233647e+07
1.177201504345738515e+07
1.177914860608243570e+07
1.178628216870748624e+07
1.179341573133253679e+07
1.180054929395758547e+07
1.180768285658263601e+07
1.181481641920768656e+07
1.182194998183273524e+07
1.182908354445778579e+07
1.183621710708283633e+07
1.184335066970788687e+07
1.185048423233293556e+07
1.185761779495798610e+07
1.186475135758303665e+07
1.187188492020808533e+07
1.187901848283313587e+07
1.188615204545818642e+07
1.189328560808323696e+07
1.190041917070828564e+07
1.190755273333333619e+07
1.191468629595838673e+07
1.192181985858343542e+07
1.192895342120848596e+07
1.193608698383353651e+07
1.194322054645858705e+07
1.195035410908363573e+07
1.195748767170868628e+07
1.196462123433373682e+07
1.197175479695878550e+07
1.197888835958383605e+07
1.198602192220888659e+07
1.199315548483393714e+07
1.200028904745898582e+07
1.200742261008403637e+07
1.201455617270908691e+07
1.202168973533413559e+07
1.202882329795918614e+07
1.203595686058423668e+07
1.204309042320928723e+07
1.205022398583433591e+07
1.205735754845938645e+07
1.206449111108443700e+07
1.207162467370948568e+07
1.207875823633453622e+07
1.208589179895958677e+07
1.209302536158463731e+07
1.210015892420968600e+07
1.210729248683473654e+07
1.211442604945978709e+07
1.212155961208483763e+07
1.212869317470988631e+07
1.213582673733493686e+07
1.214296029995998740e+07
1.215009386258503608e+07
1.215722742521008663e+07
1.216436098783513717e+07
1.217149455046018772e+07
1.217862811308523640e+07
1.218576167571028695e+07
1.219289523833533749e+07
1.220002880096038617e+07
1.220716236358543672e+07
1.221429592621048726e+07
1.222142948883553781e+07
1.222856305146058649e+07
1.223569661408563703e+07
1.224283017671068758e+07
1.224996373933573626e+07
1.225709730196078680e+07
1.226423086458583735e+07
1.227136442721088789e+07
1.227849798983593658e+07
1.228563155246098712e+07
1.229276511508603767e+07
1.229989867771108635e+07
1.230703224033613689e+07
1.231416580296118744e+07
1.232129936558623798e+07
1.232843292821128666e+07
1.233556649083633721e+07
1.234270005346138775e+07
1.234983361608643644e+07
1.235696717871148698e+07
1.236410074133653753e+07
1.237123430396158807e+07
1.237836786658663675e+07
1.238550142921168730e+07
1.239263499183673784e+07
1.239976855446178652e+07
1.240690211708683707e+07
1.241403567971188761e+07
1.242116924233693816e+07
1.242830280496198684e+07
1.243543636758703738e+07
1.244256993021208793e+07
1.244970349283713847e+07
1.245683705546218716e+07
1.246397061808723770e+07
1.247110418071228825e+07
1.247823774333733693e+07
1.248537130596238747e+07
1.249250486858743802e+07
1.249963843121248856e+07
1.250677199383753724e+07
1.251390555646258779e+07
1.252103911908763833e+07
1.252817268171268702e+07
1.253530624433773756e+07
1.254243980696278811e+07
1.254957336958783865e+07
1.255670693221288733e+07
1.256384049483793788e+07
1.257097405746298842e+07
1.257810762008803710e+07
1.258524118271308765e+07
1.259237474533813819e+07
1.259950830796318874e+07
1.260664187058823742e+07
1.261377543321328796e+07
1.262090899583833851e+07
1.262804255846338719e+07
1.263517612108843774e+07
1.264230968371348828e+07
1.264944324633853883e+07
1.265657680896358751e+07
1.266371037158863805e+07
1.267084393421368860e+07
1.267797749683873728e+07
1.268511105946378782e+07
1.269224462208883837e+07
1.269937818471388891e+07
1.270651174733893760e+07
1.271364530996398814e+07
1.272077887258903868e+07
1.272791243521408737e+07
1.273504599783913791e+07
1.274217956046418846e+07
1.274931312308923900e+07
1.275644668571428768e+07
1.276358024833933823e+07
1.277071381096438877e+07
1.277784737358943932e+07
1.278498093621448800e+07
1.279211449883953854e+07
1.279924806146458909e+07
1.280638162408963777e+07
1.281351518671468832e+07
1.282064874933973886e+07
1.282778231196478941e+07
1.283491587458983809e+07
1.284204943721488863e+07
1.284918299983993918e+07
1.285631656246498786e+07
1.286345012509003840e+07
1.287058368771508895e+07
1.287771725034013949e+07
1.288485081296518818e+07
1.289198437559023872e+07
1.289911793821528926e+07
1.290625150084033795e+07
1.291338506346538849e+07
1.292051862609043904e+07
1.292765218871548958e+07
1.293478575134053826e+07
1.294191931396558881e+07
1.294905287659063935e+07
1.295618643921568803e+07
1.296332000184073858e+07
1.297045356446578912e+07
1.297758712709083967e+07
1.298472068971588835e+07
1.299185425234093890e+07
1.299898781496598944e+07
1.300612137759103812e+07
1.301325494021608867e+07
1.302038850284113921e+07
1.302752206546618976e+07
1.303465562809123844e+07
1.304178919071628898e+07
1.304892275334133953e+07
1.305605631596638821e+07
1.306318987859143876e+07
1.307032344121648930e+07
1.307745700384153984e+07
1.308459056646658853e+07
1.309172412909163907e+07
1.309885769171668962e+07
1.310599125434174016e+07
1.311312481696678884e+07
1.312025837959183939e+07
1.312739194221688993e+07
1.313452550484193861e+07
1.314165906746698916e+07
1.314879263009203970e+07
1.315592619271709025e+07
1.316305975534213893e+07
1.317019331796718948e+07
1.317732688059224002e+07
1.318446044321728870e+07
1.319159400584233925e+07
1.319872756846738979e+07
1.320586113109244034e+07
1.321299469371748902e+07
1.322012825634253956e+07
1.322726181896759011e+07
1.323439538159263879e+07
1.324152894421768934e+07
1.324866250684273988e+07
1.325579606946779042e+07
1.326292963209283911e+07
1.327006319471788965e+07
1.327719675734294020e+07
1.328433031996798888e+07
1.329146388259303942e+07
1.329859744521808997e+07
1.330573100784314051e+07
1.331286457046818919e+07
1.331999813309323974e+07
1.332713169571829028e+07
1.333426525834333897e+07
1.334139882096838951e+07
1.334853238359344006e+07
1.335566594621849060e+07
1.336279950884353928e+07
1.336993307146858983e+07
1.337706663409364037e+07
1.338420019671868905e+07
1.339133375934373960e+07
1.339846732196879014e+07
1.340560088459384069e+07
1.341273444721888937e+07
1.341986800984393992e+07
1.342700157246899046e+07
1.343413513509403914e+07
1.344126869771908969e+07
1.344840226034414023e+07
1.345553582296919078e+07
1.346266938559423946e+07
1.346980294821929000e+07
1.347693651084434055e+07
1.348407007346939109e+07
1.349120363609443977e+07
1.349833719871949032e+07
1.350547076134454086e+07
1.351260432396958955e+07
1.351973788659464009e+07
1.352687144921969064e+07
1.353400501184474118e+07
1.354113857446978986e+07
1.354827213709484041e+07
1.355540569971989095e+07
1.356253926234493963e+07
1.356967282496999018e+07
1.357680638759504072e+07
1.358393995022009127e+07
1.359107351284513995e+07
1.359820707547019050e+07
1.360534063809524104e+07
1.361247420072028972e+07
1.361960776334534027e+07
1.362674132597039081e+07
1.363387488859544136e+07
1.364100845122049004e+07
1.364814201384554058e+07
1.365527557647059113e+07
1.366240913909563981e+07
1.366954270172069035e+07
1.367667626434574090e+07
1.368380982697079144e+07
1.369094338959584013e+07
1.369807695222089067e+07
1.370521051484594122e+07
1.371234407747098990e+07
1.371947764009604044e+07
1.372661120272109099e+07
1.373374476534614153e+07
1.374087832797119021e+07
1.374801189059624076e+07
1.375514545322129130e+07
1.376227901584633999e+07
1.376941257847139053e+07
1.377654614109644108e+07
1.378367970372149162e+07
1.379081326634654030e+07
1.379794682897159085e+07
1.380508039159664139e+07
1.381221395422169194e+07
1.381934751684674062e+07
1.382648107947179116e+07
1.383361464209684171e+07
1.384074820472189039e+07
1.384788176734694093e+07
1.385501532997199148e+07
1.386214889259704202e+07
1.386928245522209071e+07
1.387641601784714125e+07
1.388354958047219180e+07
1.389068314309724048e+07
1.389781670572229102e+07
1.390495026834734157e+07
1.391208383097239211e+07
1.391921739359744079e+07
1.392635095622249134e+07
1.393348451884754188e+07
1.394061808147259057e+07
1.394775164409764111e+07
1.395488520672269166e+07
1.396201876934774220e+07
1.396915233197279088e+07
1.397628589459784143e+07
1.398341945722289197e+07
1.399055301984794065e+07
1.399768658247299120e+07
1.400482014509804174e+07
1.401195370772309229e+07
1.401908727034814097e+07
1.402622083297319151e+07
1.403335439559824206e+07
1.404048795822329074e+07
1.404762152084834129e+07
1.405475508347339183e+07
1.406188864609844238e+07
1.406902220872349106e+07
1.407615577134854160e+07
1.408328933397359215e+07
1.409042289659864083e+07
1.409755645922369137e+07
1.410469002184874192e+07
1.411182358447379246e+07
1.411895714709884115e+07
1.412609070972389169e+07
1.413322427234894224e+07
1.414035783497399278e+07
1.414749139759904146e+07
1.415462496022409201e+07
1.416175852284914255e+07
1.416889208547419123e+07
1.417602564809924178e+07
1.418315921072429232e+07
1.419029277334934287e+07
1.419742633597439155e+07
1.420455989859944209e+07
1.421169346122449264e+07
1.421882702384954132e+07
1.422596058647459187e+07
1.423309414909964241e+07
1.424022771172469296e+07
1.424736127434974164e+07
1.425449483697479218e+07
1.426162839959984273e+07
1.426876196222489141e+07
1.427589552484994195e+07
1.428302908747499250e+07
1.429016265010004304e+07
1.429729621272509173e+07
1.430442977535014227e+07
1.431156333797519282e+07
1.431869690060024150e+07
1.432583046322529204e+07
1.433296402585034259e+07
1.434009758847539313e+07
1.434723115110044181e+07
1.435436471372549236e+07
1.436149827635054290e+07
1.436863183897559159e+07
1.437576540160064213e+07
1.438289896422569267e+07
1.439003252685074322e+07
1.439716608947579190e+07
1.440429965210084245e+07
1.441143321472589299e+07
1.441856677735094167e+07
1.442570033997599222e+07
1.443283390260104276e+07
1.443996746522609331e+07
1.444710102785114199e+07
1.445423459047619253e+07
1.446136815310124308e+07
1.446850171572629362e+07
1.447563527835134231e+07
1.448276884097639285e+07
1.448990240360144340e+07
1.449703596622649208e+07
1.450416952885154262e+07
1.451130309147659317e+07
1.451843665410164371e+07
1.452557021672669239e+07
1.453270377935174294e+07
1.453983734197679348e+07
1.454697090460184216e+07
1.455410446722689271e+07
1.456123802985194325e+07
1.456837159247699380e+07
1.457550515510204248e+07
1.458263871772709303e+07
1.458977228035214357e+07
1.459690584297719225e+07
1.460403940560224280e+07
1.461117296822729334e+07
1.461830653085234389e+07
1.462544009347739257e+07
1.463257365610244311e+07
1.463970721872749366e+07
1.464684078135254234e+07
1.465397434397759289e+07
1.466110790660264343e+07
1.466824146922769397e+07
1.467537503185274266e+07
1.468250859447779320e+07
1.468964215710284375e+07
1.469677571972789243e+07
1.470390928235294297e+07
1.471104284497799352e+07
1.471817640760304406e+07
1.472530997022809274e+07
1.473244353285314329e+07
1.473957709547819383e+07
1.474671065810324252e+07
1.475384422072829306e+07
1.476097778335334361e+07
1.476811134597839415e+07
1.477524490860344283e+07
1.478237847122849338e+07
1.478951203385354392e+07
1.479664559647859260e+07
1.480377915910364315e+07
1.481091272172869369e+07
1.481804628435374424e+07
1.482517984697879292e+07
1.483231340960384347e+07
1.483944697222889401e+07
1.484658053485394455e+07
1.485371409747899324e+07
1.486084766010404378e+07
1.486798122272909433e+07
1.487511478535414301e+07
1.488224834797919355e+07
1.488938191060424410e+07
1.489651547322929464e+07
1.490364903585434332e+07
1.491078259847939387e+07
1.491791616110444441e+07
1.492504972372949310e+07
1.493218328635454364e+07
1.493931684897959419e+07
1.494645041160464473e+07
1.495358397422969341e+07
1.496071753685474396e+07
1.496785109947979450e+07
1.497498466210484318e+07
1.498211822472989373e+07
1.498925178735494427e+07
1.499638534997999482e+07
1.500351891260504350e+07
1.501065247523009405e+07
1.501778603785514459e+07
1.502491960048019327e+07
1.503205316310524382e+07
1.503918672573029436e+07
1.504632028835534491e+07
1.505345385098039359e+07
1.506058741360544413e+07
1.506772097623049468e+07
1.507485453885554336e+07
1.508198810148059390e+07
1.508912166410564445e+07
1.509625522673069499e+07
1.510338878935574368e+07
1.511052235198079422e+07
1.511765591460584477e+07
1.512478947723089345e+07
1.513192303985594399e+07
1.513905660248099454e+07
1.514619016510604508e+07
1.515332372773109376e+07
1.516045729035614431e+07
1.516759085298119485e+07
1.517472441560624540e+07
1.518185797823129408e+07
1.518899154085634463e+07
1.519612510348139517e+07
1.520325866610644385e+07
1.521039222873149440e+07
1.521752579135654494e+07
1.522465935398159549e+07
1.523179291660664417e+07
1.523892647923169471e+07
1.524606004185674526e+07
1.525319360448179394e+07
1.526032716710684448e+07
1.526746072973189503e+07
1.527459429235694557e+07
1.528172785498199426e+07
1.528886141760704480e+07
1.529599498023209535e+07
1.530312854285714403e+07
1.531026210548219457e+07
1.531739566810724512e+07
1.532452923073229566e+07
1.533166279335734434e+07
1.533879635598239489e+07
1.534592991860744543e+07
1.535306348123249412e+07
1.536019704385754466e+07
1.536733060648259521e+07
1.537446416910764575e+07
1.538159773173269443e+07
1.538873129435774498e+07
1.539586485698279552e+07
1.540299841960784420e+07
1.541013198223289475e+07
1.541726554485794529e+07
1.542439910748299584e+07
1.543153267010804452e+07
1.543866623273309506e+07
1.544579979535814561e+07
1.545293335798319429e+07
1.546006692060824484e+07
1.546720048323329538e+07
1.547433404585834593e+07
1.548146760848339461e+07
1.548860117110844515e+07
1.549573473373349570e+07
1.550286829635854624e+07
1.551000185898359492e+07
1.551713542160864547e+07
1.552426898423369601e+07
1.553140254685874470e+07
1.553853610948379524e+07
1.554566967210884579e+07
1.555280323473389633e+07
1.555993679735894501e+07
1.556707035998399556e+07
1.557420392260904610e+07
1.558133748523409478e+07
1.558847104785914533e+07
1.559560461048419587e+07
1.560273817310924642e+07
1.560987173573429510e+07
1.561700529835934564e+07
1.562413886098439619e+07
1.563127242360944487e+07
1.563840598623449542e+07
1.564553954885954596e+07
1.565267311148459651e+07
1.565980667410964519e+07
1.566694023673469573e+07
1.567407379935974628e+07
1.568120736198479496e+07
1.568834092460984550e+07
1.569547448723489605e+07
1.570260804985994659e+07
1.570974161248499528e+07
1.571687517511004582e+07
1.572400873773509637e+07
1.573114230036014505e+07
1.573827586298519559e+07
1.574540942561024614e+07
1.575254298823529668e+07
1.575967655086034536e+07
1.576681011348539591e+07
1.577394367611044645e+07
1.578107723873549514e+07
1.578821080136054568e+07
1.579534436398559622e+07
1.580247792661064677e+07
1.580961148923569545e+07
1.581674505186074600e+07
1.582387861448579654e+07
1.583101217711084709e+07
1.583814573973589577e+07
1.584527930236094631e+07
1.585241286498599686e+07
1.585954642761104554e+07
1.586667999023609608e+07
1.587381355286114663e+07
1.588094711548619717e+07
1.588808067811124586e+07
1.589521424073629640e+07
1.590234780336134695e+07
1.590948136598639563e+07
1.591661492861144617e+07
1.592374849123649672e+07
1.593088205386154726e+07
1.593801561648659594e+07
1.594514917911164649e+07
1.595228274173669703e+07
1.595941630436174572e+07
1.596654986698679626e+07
1.597368342961184680e+07
1.598081699223689735e+07
1.598795055486194603e+07
1.599508411748699658e+07
1.600221768011204712e+07
1.600935124273709580e+07
1.601648480536214635e+07
1.602361836798719689e+07
1.603075193061224744e+07
1.603788549323729612e+07
1.604501905586234666e+07
1.605215261848739721e+07
1.605928618111244589e+07
1.606641974373749644e+07
1.607355330636254698e+07
1.608068686898759753e+07
1.608782043161264621e+07
1.609495399423769675e+07
1.610208755686274730e+07
1.610922111948779598e+07
1.611635468211284652e+07
1.612348824473789707e+07
1.613062180736294761e+07
1.613775536998799630e+07
1.614488893261304684e+07
1.615202249523809738e+07
1.615915605786314607e+07
1.616628962048819661e+07
1.617342318311324716e+07
1.618055674573829770e+07
1.618769030836334638e+07
1.619482387098839693e+07
1.620195743361344747e+07
1.620909099623849802e+07
1.621622455886354670e+07
1.622335812148859724e+07
1.623049168411364779e+07
1.623762524673869647e+07
1.624475880936374702e+07
1.625189237198879756e+07
1.625902593461384811e+07
1.626615949723889679e+07
1.627329305986394733e+07
1.628042662248899788e+07
1.628756018511404656e+07
1.629469374773909710e+07
1.630182731036414765e+07
1.630896087298919819e+07
1.631609443561424688e+07
1.632322799823929742e+07
1.633036156086434796e+07
1.633749512348939665e+07
1.634462868611444719e+07
1.635176224873949774e+07
1.635889581136454828e+07
1.636602937398959696e+07
1.637316293661464751e+07
1.638029649923969805e+07
1.638743006186474673e+07
1.639456362448979728e+07
1.640169718711484782e+07
1.640883074973989837e+07
1.641596431236494705e+07
1.642309787498999760e+07
1.643023143761504814e+07
1.643736500024009682e+07
1.644449856286514737e+07
1.645163212549019791e+07
1.645876568811524846e+07
1.646589925074029714e+07
1.647303281336534768e+07
1.648016637599039823e+07
1.648729993861544691e+07
1.649443350124049746e+07
1.650156706386554800e+07
1.650870062649059854e+07
1.651583418911564723e+07
1.652296775174069777e+07
1.653010131436574832e+07
1.653723487699079886e+07
1.654436843961584754e+07
1.655150200224089809e+07
1.655863556486594863e+07
1.656576912749099731e+07
1.657290269011604786e+07
1.658003625274109840e+07
1.658716981536614895e+07
1.659430337799119763e+07
1.660143694061624818e+07
1.660857050324129872e+07
1.661570406586634740e+07
1.662283762849139795e+07
1.662997119111644849e+07
1.663710475374149904e+07
1.664423831636654772e+07
1.665137187899159826e+07
1.665850544161664881e+07
1.666563900424169749e+07
1.667277256686674803e+07
1.667990612949179858e+07
1.668703969211684912e+07
1.669417325474189781e+07
1.670130681736694835e+07
1.670844037999199890e+07
1.671557394261704758e+07
1.672270750524209812e+07
1.672984106786714867e+07
1.673697463049219921e+07
1.674410819311724789e+07
1.675124175574229844e+07
1.675837531836734898e+07
1.676550888099239767e+07
1.677264244361744821e+07
1.677977600624249876e+07
1.678690956886754930e+07
1.679404313149259984e+07
1.680117669411765039e+07
1.680831025674269721e+07
1.681544381936774775e+07
1.682257738199279830e+07
1.682971094461784884e+07
1.683684450724289939e+07
1.684397806986794993e+07
1.685111163249300048e+07
1.685824519511804730e+07
1.686537875774309784e+07
1.687251232036814839e+07
1.687964588299319893e+07
1.688677944561824948e+07
1.689391300824330002e+07
1.690104657086835057e+07
1.690818013349339738e+07
1.691531369611844793e+07
1.692244725874349847e+07
1.692958082136854902e+07
1.693671438399359956e+07
1.694384794661865011e+07
1.695098150924370065e+07
1.695811507186874747e+07
1.696524863449379802e+07
1.697238219711884856e+07
1.697951575974389911e+07
1.698664932236894965e+07
1.699378288499400020e+07
1.700091644761905074e+07
1.700805001024409756e+07
1.701518357286914811e+07
1.702231713549419865e+07
1.702945069811924919e+07
1.703658426074429974e+07
1.704371782336935028e+07
1.705085138599440083e+07
1.705798494861944765e+07
1.706511851124449819e+07
1.707225207386954874e+07
1.707938563649459928e+07
1.708651919911964983e+07
1.709365276174470037e+07
1.710078632436975092e+07
1.710791988699479774e+07
1.711505344961984828e+07
1.712218701224489883e+07
1.712932057486994937e+07
1.713645413749499992e+07
1.714358770012005046e+07
1.715072126274510100e+07
1.715785482537014782e+07
1.716498838799519837e+07
1.717212195062024891e+07
1.717925551324529946e+07
1.718638907587035000e+07
1.719352263849540055e+07
1.720065620112045109e+07
1.720778976374549791e+07
1.721492332637054846e+07
1.722205688899559900e+07
1.722919045162064955e+07
1.723632401424570009e+07
1.724345757687075064e+07
1.725059113949580118e+07
1.725772470212084800e+07
1.726485826474589854e+07
1.727199182737094909e+07
1.727912538999599963e+07
1.728625895262105018e+07
1.729339251524610072e+07
1.730052607787115127e+07
1.730765964049619809e+07
1.731479320312124863e+07
1.732192676574629918e+07
1.732906032837134972e+07
1.733619389099640027e+07
1.734332745362145081e+07
1.735046101624650136e+07
1.735759457887155190e+07
1.736472814149659872e+07
1.737186170412164927e+07
1.737899526674669981e+07
1.738612882937175035e+07
1.739326239199680090e+07
1.740039595462185144e+07
1.740752951724690199e+07
1.741466307987194881e+07
1.742179664249699935e+07
1.742893020512204990e+07
1.743606376774710044e+07
1.744319733037215099e+07
1.745033089299720153e+07
1.745746445562225208e+07
1.746459801824729890e+07
1.747173158087234944e+07
1.747886514349739999e+07
1.748599870612245053e+07
1.749313226874750108e+07
1.750026583137255162e+07
1.750739939399760216e+07
1.751453295662264898e+07
1.752166651924769953e+07
1.752880008187275007e+07
1.753593364449780062e+07
1.754306720712285116e+07
1.755020076974790171e+07
1.755733433237295225e+07
1.756446789499799907e+07
1.757160145762304962e+07
1.757873502024810016e+07
1.758586858287315071e+07
1.759300214549820125e+07
1.760013570812325180e+07
1.760726927074830234e+07
1.761440283337334916e+07
1.762153639599839970e+07
1.762866995862345025e+07
1.763580352124850079e+07
1.764293708387355134e+07
1.765007064649860188e+07
1.765720420912365243e+07
1.766433777174869925e+07
1.767147133437374979e+07
1.767860489699880034e+07
1.768573845962385088e+07
1.769287202224890143e+07
1.770000558487395197e+07
1.770713914749900252e+07
1.771427271012404934e+07
1.772140627274909988e+07
1.772853983537415043e+07
1.773567339799920097e+07
1.774280696062425151e+07
1.774994052324930206e+07
1.775707408587435260e+07
1.776420764849939942e+07
1.777134121112444997e+07
1.777847477374950051e+07
1.778560833637455106e+07
1.779274189899960160e+07
1.779987546162465215e+07
1.780700902424970269e+07
1.781414258687474951e+07
1.782127614949980006e+07
1.782840971212485060e+07
1.783554327474990115e+07
1.784267683737495169e+07
1.784981040000000224e+07
