1.559894170175701866e-02
-3.705400375515155616e-03
-3.493522441965478311e-03
-3.281644508415800573e-03
-3.069766574866123268e-03
-2.857888641316445530e-03
-2.646010707766767792e-03
-2.434132774217090487e-03
-2.222254840667413182e-03
-2.010376907117735444e-03
-1.798498973568057706e-03
-1.586621040018379968e-03
-1.374743106468702229e-03
-1.162865172919024491e-03
2.067668769229271362e-03
1.422847243825678051e-03
7.780257184220858244e-04
5.850948952687729399e-04
3.083682616837343056e-04
3.164162809869556277e-05
-5.756524646045864217e-04
-2.455304392950023815e-03
-2.849989622701634435e-03
-3.244674852453245054e-03
-7.876591677123709161e-04
-4.745302696802343326e-04
-1.614013716480978576e-04
1.517275263840374248e-04
4.648564244161738999e-04
-3.057663763631860397e-03
-2.304624605658333290e-03
-1.551585447684805750e-03
-7.985462897112782094e-04
-1.034409981527602490e-03
-1.702503084037789273e-03
-2.370596186547984513e-03
2.970749389083935602e-04
5.040901014838673234e-04
7.111052640593411951e-04
-2.563477340145562961e-03
-2.609602902900046324e-03
-2.655728465654529687e-03
-2.701854028409013050e-03
-1.361215467817322895e-03
-1.145892499694170508e-03
-1.544500278331408568e-03
3.722117783359041960e-04
1.185616127942298913e-03
1.959878845892195232e-03
8.654971435118426117e-04
-1.733808699135908765e-03
-2.750205822089021781e-03
8.628881470154265484e-04
4.446426922446666211e-04
-1.874691382063702018e-03
-5.745658336173671641e-04
-2.487488618260823986e-03
-3.464904076029669960e-03
-1.445058061960636641e-03
9.338751002567558857e-05
6.390212474279654111e-04
-1.830861866634199550e-03
1.151342735454826674e-03
-8.026362585117925025e-04
-1.376481159869357481e-03
-1.041665374399721507e-03
-5.304781904490844802e-03
-3.980607301305881876e-03
-2.658419320553524669e-03
-2.665989524437017803e-03
-3.374123226944780816e-03
-1.340842071902183068e-03
1.290815180857223139e-03
3.393962969826848537e-03
2.966087655210081567e-03
2.761876500961200388e-03
1.067510427799180225e-03
1.166946652172988009e-03
-8.302692003236162178e-04
1.597134158722146157e-04
-1.873520308895797442e-04
-9.931844374401978173e-04
2.854659142856406234e-04
8.934709320543615836e-04
-3.953264636689980856e-03
1.011856222166467728e-03
2.089119409249944222e-03
4.260924866017307914e-04
2.376138453737096368e-03
1.561813394263472134e-03
-8.767869057977894804e-04
-1.191825646758558040e-03
-1.520683564062093145e-03
-3.909079152858389340e-03
2.573667417507741672e-04
-2.347401465535851016e-03
-2.730486133064651596e-03
1.302652679534988889e-03
1.076435343612767949e-03
-3.725579166988180792e-03
-2.242392954054973648e-03
2.230480243108325968e-03
9.456749243971786754e-04
-3.391303943139473663e-04
-1.623935713025094658e-03
-3.711260739125872132e-03
-2.737562861335880466e-03
-1.763864983545904846e-03
-7.901671057559292270e-04
-1.345276767193894418e-03
-2.027760807413880092e-03
-2.710244847633876825e-03
-1.603548075947752640e-03
-1.123233453862078953e-03
-6.429188317764132892e-04
-1.626042096907398191e-04
2.596843436433566091e-03
1.919719396933796014e-03
1.242595357434036780e-03
5.654713179342662696e-04
-6.478022304724614412e-03
-6.866058928617317994e-03
-6.213997771512740596e-03
5.271116857740384097e-03
5.391988557946070758e-03
5.512860258151760021e-03
8.873621921138621915e-04
-3.242381856395385939e-03
-7.372125904904566415e-03
-5.697061969670825197e-04
1.357918119858605305e-03
-7.612930001703638490e-04
8.420751847065460283e-04
-4.174800552109827253e-04
-1.677035295128531753e-03
-3.055815446272160205e-04
-1.295454530135194777e-03
4.028227565944745604e-03
1.225102917404394254e-03
-1.548146902351713559e-03
-1.441471193209862764e-03
6.927221543718974257e-04
4.214102029233322095e-04
-1.542705667980787121e-04
-5.622379666893559738e-03
-2.001374603529696046e-03
5.392576530821121704e-04
2.754164174102732366e-04
-1.338862957029117321e-03
-2.402828777617833922e-03
-5.483914034422610918e-03
-3.358636436136512669e-03
-4.397054457758418043e-03
-3.015492777146018370e-03
-1.633931096533618264e-03
-2.523694159212632598e-04
-7.017508498634137011e-04
-2.237022125516957907e-03
-2.243277608964432818e-03
-1.824038197484030045e-03
-1.796677548912242696e-03
-1.838029065933531559e-03
-2.321791512045204547e-03
-3.071043497952033637e-03
-3.820295483858887012e-03
-9.484608881575921045e-05
-4.607416736530428256e-03
-5.218593258795139501e-03
-4.492351629677146692e-03
2.236217112219255568e-03
3.023060384207980258e-03
-2.669477140268308648e-03
-2.124093350439995240e-03
-7.226598487219815367e-04
-2.233316727516887826e-03
-4.519034900318183619e-03
-2.863635006686631942e-03
1.559595733969629423e-04
-1.267461899809552931e-04
8.452198992990399935e-04
-3.366832700453707781e-03
-3.486666452310807542e-03
7.911115965499801450e-04
1.592465804486198518e-03
2.015660799173201422e-03
-9.343962004164138146e-04
-1.429278814277540766e-04
1.072180074164636940e-03
-3.236280373350993583e-03
-1.948550549895978860e-03
-1.358690569678634632e-03
-8.286500952662399951e-04
-1.662486045881760976e-03
-3.825117604523244671e-04
8.974625249771536750e-04
1.744112345218401961e-03
-3.082900167303444499e-03
-2.650151860123027385e-03
-2.217403552942596393e-03
6.370192563008476860e-04
-1.768948343180902320e-03
-1.643511788226907199e-03
2.930991506357075171e-03
1.146046042588227173e-03
-6.714628564633867052e-04
-1.397300761936305256e-04
3.920027040761431096e-04
1.629542256111368758e-03
2.395671568711374259e-03
2.432237372350839252e-03
-1.636280342962691823e-03
-1.117020695745320983e-03
3.470177998658060831e-03
3.481767657648847034e-03
3.493357316639633236e-03
-3.712732381478841843e-03
-5.626975712049914896e-03
-1.542539567290031680e-03
4.079830644799661800e-04
5.372309414573719997e-04
3.546087098824443487e-04
-5.430875951932685177e-04
-5.587946110963928252e-04
-5.745016269995172412e-04
-9.946458469408411916e-05
-3.386157962111271610e-03
-3.103080565293999359e-03
-2.820003168476727107e-03
-1.653207414290235868e-05
3.091716092335188969e-04
3.057791963052134592e-04
-2.570900790299439267e-03
-2.935621230466745318e-03
-4.432880287194487096e-05
-9.852529741893197544e-04
-1.488859993542579734e-03
5.177147878168940343e-04
-1.504328854087712969e-03
-1.136860186342992423e-03
-3.318908745517339023e-03
1.654187350990049630e-03
-1.594839978130216385e-04
-2.085424153429065678e-03
-2.084770448896684260e-03
-4.694695297757366537e-04
-2.556938874805193915e-03
2.762933086065054141e-04
-2.224059149003233815e-03
-5.616181292614160804e-04
1.100822890480401654e-03
6.364018224135778662e-04
-8.705415626506442413e-04
-7.967675650706505189e-04
1.651237772164652158e-03
2.374009889213832183e-03
1.912365718627851308e-03
1.450721548041855689e-03
-2.615369372350498725e-03
-2.135630687824714193e-03
-1.655892003298914481e-03
-1.624121909905241936e-03
-5.248720921546216195e-06
-5.955246473911537594e-03
-5.681683736159406743e-03
-1.065538421535464509e-03
-6.492072707617632232e-04
-9.088453188820780002e-04
-2.919003771267214900e-03
-2.365576505065300657e-03
-1.812149238863387064e-03
-2.564346169967163074e-03
7.403390125999202535e-04
-1.190925232820303631e-03
-1.844954194111489030e-03
1.823155480878344004e-04
-1.783476166658894135e-03
-1.734393848383196900e-03
-3.056750642378908210e-04
1.899711794862200473e-03
4.568474911949916076e-03
-3.950464325435321805e-03
-3.361005238687039560e-03
-2.771546151938737365e-03
1.707134029624380114e-04
-8.989941727769725985e-04
2.313403317012057998e-05
2.130217639381841530e-03
2.800065955057239042e-06
-2.927892759132102746e-03
2.426448060417030856e-05
-2.436365098848433577e-03
-4.548069991660437864e-03
-1.724394523243129567e-03
2.188276339718897394e-04
1.457765724473538370e-04
-2.342307591471713690e-03
-2.053530805805372540e-03
-1.680555021496655177e-03
-6.116935816336563445e-04
-2.070312515948152191e-03
-1.870018066819681283e-03
-6.278071460955325644e-04
-9.573005632730024724e-04
5.321533032112543346e-04
-3.156418565206511179e-03
-2.560223518887527923e-03
-3.938845032832937604e-03
-6.493978033535003844e-04
2.640049426125937702e-03
-5.706174024547030696e-04
-1.765435135814749732e-03
-4.852878453836786867e-04
3.042710310697468740e-04
-9.647998361037102635e-04
-2.179299859279257116e-03
-4.816188620076826583e-03
-2.523405718327558726e-03
2.793256306480172441e-03
2.367760696263611440e-03
-2.567619198362872286e-03
-8.388372639746436224e-04
5.469812194483615955e-04
3.052778518308573276e-04
-1.667744743552167187e-03
-1.841446406023158075e-03
2.005960658104831689e-03
1.794617612293967135e-03
1.165267505389079540e-03
-1.482556511193123313e-03
1.113473036457951265e-03
7.155590566371834932e-04
1.661003581492092197e-03
2.302812766944189148e-03
2.944621952396244465e-03
-1.298213040938332036e-03
6.182431242566632096e-05
1.573170709763163644e-03
3.579766188372813076e-04
-1.571671802403944900e-04
-1.039565220710894329e-03
1.152994638948462783e-03
1.193664655200110626e-03
-3.737541214871172544e-07
-2.924769561253267626e-03
-1.942922908718430503e-03
-5.984687842080856253e-04
2.153126710481138330e-03
-7.317943639899913803e-04
-1.453577911679485328e-03
-1.747013768129315747e-03
-2.064105289311354060e-03
1.376679303654698835e-03
-1.917556505442629755e-03
-1.388832844630279346e-03
-8.601091838179289375e-04
1.151215444636573141e-03
-6.205588756945362022e-04
-2.392333196025760687e-03
-3.189806219760616280e-03
8.738636494632549909e-04
2.636463681416160174e-04
-3.465709131800229562e-04
-1.452143261372278128e-03
-7.278513952948411931e-04
-3.559529217357203928e-06
-5.240145063390933217e-04
3.638511230561339641e-04
7.014852642444830214e-04
-1.778607131271096181e-03
-4.855448608641800426e-04
-9.671621865235742899e-04
6.741749402795491411e-04
-2.472221397934543097e-03
1.870114209645291556e-03
2.563172988206992645e-03
-5.165173260576771432e-05
9.132965263960459660e-04
-5.792075873903464178e-04
9.473389733105010320e-04
7.774294643186389301e-04
-1.840036825116465576e-03
-1.102058966970372207e-03
-3.640811088242788384e-04
1.148599589598617472e-03
-1.645124405100678458e-03
1.052922375908334381e-03
1.010278747487260110e-03
-1.113600592301574720e-03
-2.847044535517202594e-03
-2.821378021588668173e-03
1.155149244092630936e-03
-1.591850383807907887e-03
-5.382843172913849041e-03
-7.551996106474093487e-03
-3.293764647992478492e-04
2.279237326590710135e-03
8.218515885904908698e-04
-8.835830946312362105e-05
-9.300421062509253321e-04
1.355381495426524578e-03
2.716814497130681360e-03
2.111715608034653129e-03
-1.327581845776543406e-03
1.156700873049699031e-03
8.866986420195707534e-04
-1.246947745418255970e-05
-9.934218715921643017e-04
-1.176304243574395657e-03
-1.629958678013148374e-03
-2.083613112451871384e-03
-3.528955953400614819e-03
-3.792613269611849140e-03
-1.141364552454277384e-03
-2.652685068607383775e-03
-1.427096333987276948e-03
-4.086979873489200374e-04
-1.852250430731101124e-03
-2.346133828152079277e-03
-1.990279484332326161e-03
-8.550103085653252156e-04
7.384778940321380051e-04
-1.045073635835933479e-04
-4.270991299721583513e-03
-1.901354519017391630e-03
2.726801296088165755e-03
-3.119219307212072953e-03
-9.476211092778129806e-04
9.149893677339710450e-04
3.998133015044719445e-04
-5.887955075524545223e-04
-1.577404316609380772e-03
-4.163425911547452649e-04
-3.247010914256462898e-04
-1.226345115302687099e-04
5.095024915023908720e-05
-2.455740972215137482e-04
-1.635297369000354977e-04
-2.309209440709481063e-03
-1.521906029500007859e-03
-1.806042800476108032e-03
-1.230615940320917709e-03
9.087412362534640770e-04
-1.471475164558927766e-03
-1.301666267399243741e-03
-8.909535508633725960e-04
2.901832328726453632e-03
1.435217840856325457e-03
-2.703184623520965731e-04
-2.335192430278250353e-03
-9.608539302329897154e-04
-8.822207829779838469e-04
-8.035876357229780869e-04
-3.349847615499694379e-04
-7.281907016393212749e-04
-1.581234414449460800e-03
4.640726841509605453e-04
-5.386839917403938877e-04
-1.368104613740627742e-04
1.263464509055076471e-03
-6.968893696894548455e-04
-2.384488053354953576e-04
1.505973447132152995e-03
1.394320320435879328e-03
1.871618694856211004e-03
2.348917069276573906e-03
5.435833402629174950e-04
1.676830177899829230e-03
2.493287928135773813e-03
1.423676985392460358e-03
1.703845447854185000e-03
1.984013910315891426e-03
1.850618759188177656e-04
4.413697515508064467e-04
-9.470154650193179187e-04
2.757676813733365550e-04
-4.100841922323759936e-03
-5.364340401953042459e-04
7.080568967980317620e-04
2.263980840475990092e-04
-1.963356999454423822e-04
-4.299396470888380839e-03
-1.092231945241004757e-03
-4.424173593102475113e-03
-3.220820209287158890e-03
-2.017466825471842234e-03
2.458063669835306927e-05
3.121007330145826771e-04
-1.062083284036476321e-03
-2.100075416523564196e-03
-1.374213163251719865e-03
-2.051571304119602628e-03
4.200674589557918705e-04
-1.935527205889399100e-03
-4.291121870734436114e-03
-1.937186459839847653e-03
-3.361898775018402636e-03
-1.120560069686762266e-03
1.767815339774609544e-03
3.186195431896818829e-03
1.815734960977830135e-03
1.377232373942011406e-03
-5.570156026711347913e-05
-1.916244413779370033e-03
-2.150420877437620500e-03
-2.384597341095870751e-03
4.603480972500723252e-04
2.652747493446664176e-04
-2.040940048906778027e-04
-1.792065039026884609e-03
1.795874454084911637e-04
1.423185237816586724e-03
2.666783030224681959e-03
-2.275845784996995656e-03
-5.906463484603393689e-04
1.530839506652830351e-03
1.605111894001511920e-03
8.637383301750400488e-04
-9.004979424582547701e-04
-1.294134619308469694e-04
-1.570870906555322383e-03
2.097625745058384877e-03
-3.771890120894730823e-04
-1.657781235805652446e-03
-1.693475619773110712e-03
-1.717089605485991408e-03
-1.103540263644157580e-03
6.333120233993887876e-05
-1.945525026758968337e-03
-4.195574992430035812e-04
-7.966184577071181057e-04
1.015974455587181913e-03
2.714023574703244065e-04
-3.827479390864025992e-03
-1.241875819303280525e-03
1.343727752257464943e-03
-1.434417673311897236e-03
-7.533915386894917332e-04
-1.921217967142945394e-03
-1.434843520811837766e-03
-1.681362162908664254e-03
-1.927880805005507004e-03
-3.077607748746428139e-03
-7.644495896131182563e-04
1.807495758255249713e-03
-2.219732306322596931e-03
-4.392963244154751701e-03
-3.604306602142503223e-03
1.658427408355311666e-03
2.767821023295685863e-03
2.252628749715370089e-04
1.427721163605066845e-03
2.013991606899471348e-04
-8.281982979490817897e-04
2.307429623012151147e-03
3.277989431760508672e-03
-2.943400937368828053e-03
-2.324681324609036582e-03
-2.729030534196021096e-03
-3.498233477134277299e-03
-1.076659236601840760e-03
-3.902782128052985355e-04
-4.222936808553778994e-04
-6.632266849386306024e-04
2.331977756541376906e-04
-4.169133440510555330e-04
-7.197255538957461618e-04
4.846317118100502627e-04
-1.952404275943491396e-03
-3.537336496389153172e-03
5.855503605146932964e-04
1.367758223815502107e-03
-3.766142709929970814e-04
-4.750837444300671716e-03
-4.580445011299705792e-03
-3.015202618759587217e-03
-1.160017472445693193e-03
3.879952974736087081e-04
-6.696565331508837118e-04
-3.292544121890681689e-03
-5.915431710630480316e-03
-1.524049428743967823e-03
-1.909642236444637330e-03
-1.079205150132062562e-03
-2.487680638194877947e-04
2.513808376083708147e-05
-8.960784772024500493e-05
-2.186648425614932424e-03
-2.750871622061134593e-03
-4.086885906861934675e-03
8.950852416254688731e-04
2.563709501829336285e-03
-3.054864556907122865e-03
-3.817981027566888248e-03
-1.025208723188646663e-03
-6.738972758704203821e-04
-3.225858285521482393e-04
-2.145163598676777484e-04
1.066559127296475571e-03
7.467798588167734886e-04
-3.089840045028378543e-03
-1.828218165867830482e-03
-5.665962867074472199e-04
-2.683851538557233216e-03
-2.686293666485911787e-03
-2.768480730206111535e-03
-4.298148090956946735e-03
-1.641587798043206078e-03
-2.078232135551785677e-03
-2.514876473060308464e-03
-3.618317001264463595e-04
-1.174627733796038825e-04
-1.325430428901649277e-03
-1.013460909580197935e-03
-2.470645598983401119e-04
-2.966354043634138009e-03
-3.015956959205787040e-03
-9.569614191955572689e-04
3.573225451671562967e-04
-1.191788043137048236e-03
-2.740898631441050781e-03
-2.480920382293041581e-04
1.030677523915007974e-03
9.788457464621088105e-04
-5.074009547272153361e-04
-4.808143336596543572e-04
-1.101601212743478879e-03
-4.236315768783459248e-05
2.236722633020952079e-03
-1.625414626996079560e-03
-5.487551887012607696e-03
-3.622859649499623330e-04
-2.081555651905106193e-04
1.320498716085579966e-03
-2.458387350438229028e-03
2.677818052749593100e-03
1.065334332126569548e-03
-9.297924801474038558e-04
-2.523300931710604957e-03
1.778663900737421000e-04
1.380886365627980155e-03
6.956548519550878346e-04
7.761612527708665592e-04
9.692714691008278002e-04
1.137808680763682757e-03
-3.890007970738124446e-03
2.264716587401062204e-03
1.967392196802218284e-03
1.670067806203412962e-03
1.497455258737780516e-03
-1.704593619866936766e-03
-2.436708570128869999e-03
2.846108336956086268e-03
1.165401895626737641e-04
-2.134083767536792530e-03
-2.620399992562924898e-03
-2.515857667607543716e-03
-2.411315342652175977e-03
1.824362331227052892e-03
8.923436348086096273e-04
-1.383959116638913949e-03
-1.941664097334312765e-03
-9.572217161741827449e-04
2.722066498607586191e-05
-2.549876447216973489e-03
-2.809201034089946463e-03
8.747852718259067212e-04
-2.164987333986713881e-03
-3.833767505447069259e-03
-1.694961426268360057e-03
-2.554623662489886957e-03
-3.375390307332780133e-03
-2.571897572240495946e-03
-1.768404837148316710e-03
-8.071441743359263196e-04
-1.288890544169237016e-03
-2.682888496620992620e-03
2.345682917177628959e-03
-2.353427141108349347e-03
-1.752842470764686897e-03
-2.313776246072525664e-03
1.276966342256649276e-03
2.743243206140238803e-04
-3.017661021810027783e-04
-7.542888967023418136e-05
1.509083228405048169e-04
-7.321517317881109065e-04
-1.154080245489432204e-03
-3.553122512235713185e-03
-9.682429736460778421e-04
1.758476022458209040e-03
1.077070433846128361e-03
-1.485535844608958361e-03
-4.065361494382656316e-03
-3.917621709992348371e-03
1.737028862875299477e-03
1.617394056519925755e-03
7.316491131426461998e-04
8.086728482112818910e-04
-2.113704955277045071e-03
-3.085347378513958027e-03
-1.392813902292266959e-05
1.143365832928017927e-05
3.522472921779180941e-05
5.595077161076038742e-04
-4.494147810303670068e-03
-2.699816222315230309e-03
-1.860450324587803721e-03
-2.088662750681513289e-03
-6.520802234800961682e-04
-1.975607400635610075e-03
-2.107971541505637789e-03
-2.240335682375648590e-03
1.067343841382765437e-03
9.420518223100687351e-04
3.769508991477783962e-04
-1.075897564931043273e-03
-2.305912226311566948e-03
-1.142668696022404971e-04
2.077378487106800592e-03
3.274790032457472987e-05
1.307287100878387100e-03
-6.754792909539489645e-04
-1.148659589599004393e-03
-1.158676532882633396e-03
-3.611257779613771639e-03
-3.353330760919042471e-03
-2.019997681028527347e-03
1.496257399335545503e-03
-1.155208424178200393e-03
-3.026726982933190119e-03
-3.714457155949396627e-03
-7.017586350396907806e-04
2.157745534155727438e-03
8.215929938279451818e-04
-2.563798015690785855e-03
-1.624310201185544689e-03
7.857324215152321472e-04
-4.624504171667188045e-05
-8.782225049486845452e-04
-1.623389308614066632e-03
-2.294463116269242556e-04
-1.191224601390079938e-03
-2.353609264424269369e-03
-6.113142731837108504e-04
-2.552786371452331598e-03
-3.801636359510628463e-03
-3.837302972075759197e-03
-3.872969584640894702e-03
1.033182828298660240e-03
1.747000529056101951e-03
6.783259038365989022e-04
-4.829560577807819922e-03
-1.812533422480719966e-03
-5.225007321820102947e-04
-7.116498479410625962e-04
-1.324961820825758209e-03
-2.568913586004080690e-03
-9.187931542526446170e-04
-2.174512755886006971e-03
-3.430232357519533148e-03
-1.190375488145423415e-03
1.295649969240589977e-03
-9.875453566898033907e-04
-3.014740341547579409e-03
-1.362756324971886330e-03
4.581642012994762737e-04
-4.897696772589109002e-03
-3.984366141549879059e-03
-3.071035510510529420e-03
-2.071586539225904640e-03
1.157405713025841084e-03
1.677934026270082530e-03
2.198462339514323759e-03
-4.090254259727045191e-03
-2.962811300203140649e-03
-3.901141857861232468e-04
1.318603575265173394e-03
-1.939171425901369678e-03
-8.780268343556176490e-04
7.882328421563149917e-04
8.451404975196258416e-05
9.614805631878602966e-04
-8.693692631340540870e-04
-2.313282670225623970e-03
-2.967102594275127046e-03
-3.171676589406344053e-04
-6.750122541162860727e-04
-1.541860105379264058e-03
-1.200023576934378024e-03
-2.539769324713702422e-03
-2.073058956854999767e-03
1.077696679781935986e-03
8.449438568783415203e-04
6.121910339747165886e-04
-3.852880371239437995e-03
-8.205745040464566126e-04
1.586124413709812889e-03
6.474523831678498462e-04
-2.331561209469227777e-03
-3.078118273854813305e-03
-2.300390433384697734e-03
-2.493520118884788236e-03
-8.118347839987691099e-04
5.689784824901775173e-04
-2.913307057744732786e-04
-1.498992948756854970e-03
-2.706655191739079126e-03
-3.498812103872106678e-03
-2.310957493215283487e-03
-1.367294806621476878e-03
-1.216488951081471119e-03
-1.972086740161765710e-03
-1.693944996613300745e-03
9.946644367239232225e-04
1.975606498790870563e-03
-1.449268250619550370e-03
-2.694953803435831685e-03
-3.584863533518387654e-03
1.417402430799043905e-03
1.647230280965928870e-03
-7.202218397026057895e-04
-1.399055061262730959e-03
3.060735741463243642e-04
-3.704686721681224766e-04
-1.617852339154804203e-03
-1.693632326013339842e-03
2.059780703289030949e-03
1.806618129138146426e-03
1.553455554987228943e-03
-2.553297686664254915e-03
-6.825461410459154193e-04
-2.882443771179299830e-03
1.509530687825739320e-03
1.133005880988893462e-03
1.076652516296026322e-04
6.792052578473607586e-04
-3.319631255010211269e-03
-1.688105205188157338e-03
-5.657915536631591066e-05
-1.139164263938781223e-03
8.491541313513420973e-04
2.837472526641465417e-03
-1.473371035313001667e-03
1.861719632205541134e-03
4.273201111761929481e-04
-1.007079409852967671e-03
-4.645190541559006186e-04
2.771274873140071315e-05
8.579490259470637196e-04
9.437463005925397644e-04
-1.675398061205533081e-03
-3.783664507033830671e-03
-1.440724519770739467e-03
2.124066708490285511e-03
-4.003624307034317140e-04
5.187513568347576183e-04
3.602974101750879964e-04
1.765336179771700943e-03
2.916075026860584680e-03
-1.065255086427806946e-03
-2.424629801262269402e-03
-1.748894800960403223e-03
-1.063784006810727673e-03
-1.025174379475164189e-03
-3.125506084611829813e-03
-2.347168561566354353e-03
-1.693831959441924589e-04
1.165861821971914168e-03
-1.190597503940127311e-03
6.211689589411005302e-04
-3.442158884091610534e-05
-6.900121366230182844e-04
-4.039008735348114179e-03
-4.026798561305288543e-04
3.256986690712288923e-05
-8.109062785742980877e-04
-2.119320502124500891e-03
-1.769034462548469636e-03
-1.465144038230166250e-03
-4.035913012713676813e-04
-6.002303365642191937e-05
5.656795838719455051e-04
-1.773122769614789238e-04
-1.143295851876142011e-03
-1.028439217567441843e-03
-2.785967296825251748e-03
-2.772891444007196445e-03
1.442486521909115520e-03
-7.770447317928594463e-04
7.295813408283871940e-04
-4.879265843697258576e-04
3.612910828570160826e-04
-9.408149988263383653e-04
5.665755288607183908e-04
-1.141327236495035934e-03
-2.216541393873043379e-03
-5.671845394593712534e-04
2.653912769926377452e-03
-4.483880720491409573e-03
-3.022571467207958457e-03
-1.662591350264749218e-03
-1.797398995010701401e-04
6.990806218174764513e-04
9.677571042126472713e-04
-1.327566067750293732e-03
-2.208363540513340328e-03
7.922649030894408917e-04
6.178886743608308797e-04
4.435124456321979909e-04
4.624496501854833373e-03
-1.708079743629427934e-04
3.861253982289684309e-04
-2.029693339325535067e-03
-1.218928365625055821e-03
-4.189329569338333956e-05
1.642561021187998686e-03
-2.124709283876436913e-03
-1.368646752413510024e-03
-2.822134346594843551e-03
-1.926469163895649971e-03
-3.488945532753422347e-03
-4.064764048439724678e-03
-3.494012473708533453e-04
5.072264165817898414e-04
-4.268812424436775957e-03
-2.832237389858358739e-03
-1.395662355279941522e-03
-3.611446837239589975e-04
-1.328025361278185792e-03
-3.171563237429271629e-03
-3.674405055773277001e-03
-1.424563026963632933e-03
-2.297440137065714667e-03
-1.143323185804545920e-03
5.437433733828705897e-04
3.801541991348951033e-04
-2.392825639479918571e-03
-3.728984263274042615e-03
-1.447238327568808880e-03
4.959473122533074665e-04
3.318303898794955223e-04
-5.330215354432807015e-04
-1.411871489329661515e-03
1.433196056909464416e-04
1.059383839281991457e-03
-1.222255420682040201e-03
5.708174695213508827e-04
1.085245062970684963e-03
-6.020789782445513678e-05
1.147329229669445672e-03
-2.221418512217287859e-03
-3.145029272554147361e-04
1.560791091439862150e-03
1.277307257194068655e-03
6.845487953628349390e-04
7.906023168489056778e-04
-1.052871207591686824e-03
-2.142516865271899829e-03
-3.688596037928683780e-03
-2.476945325981087971e-03
-2.101956430647138920e-03
-2.399525134753898153e-03
-2.697093838860618355e-03
3.272015408120002716e-06
8.746798988999732877e-04
1.428812713487582608e-03
1.338222909927656249e-03
-9.396612624600384584e-04
-2.333820248438846657e-03
-1.110343734843768915e-03
-6.660165089014397207e-04
-7.076282482546306877e-04
-1.604851731606177136e-03
-1.215260727426580034e-03
1.140148126733805424e-03
3.236794328961675477e-03
4.836583363097917386e-04
-2.321039699410874270e-03
-1.101096344154615806e-03
-2.478959438189441526e-04
6.053044565168389565e-04
-3.822941933051130555e-03
1.151628499301117297e-04
-4.501495622776933211e-04
7.729402726914813299e-04
6.779974834730171079e-04
5.830546942545528858e-04
-1.512921071747499405e-03
1.282065111606185215e-03
-4.623179891661511817e-04
4.417204603274687896e-05
-8.156970238687617780e-04
-1.675566093770158166e-03
-2.381463616764266725e-03
-5.447139135843779081e-04
1.491887316556608084e-03
1.580888500066348484e-03
-1.477388244058848270e-03
-9.246986330066635272e-04
3.722594963903727745e-03
8.245965235029757007e-04
-2.073401916897398174e-03
-2.603138897959519308e-03
-4.419961871675418289e-04
1.016523800229573223e-03
-1.007512736626098781e-03
-1.454135376315825352e-04
1.859159215699309527e-03
1.328346858915429012e-03
-7.002907789698678900e-04
-1.574094166578320639e-03
3.787076826681783255e-04
2.343814942549669010e-03
-1.667841708309095172e-03
-9.974090051122232441e-04
-3.269763019154389196e-04
-2.087340597083840732e-03
5.484882722604630598e-04
-7.929280146130499550e-05
-2.830024531025802318e-03
-9.775041578332791317e-04
5.768717408438782824e-04
5.820808021604552580e-05
1.160135192703185512e-03
8.374311593603686772e-04
5.147271260175519505e-04
-1.835223877937061134e-03
-8.259562505355572300e-04
1.273771983297357965e-04
3.719489128074934207e-04
-1.093382500306828466e-03
-5.853431619646805957e-04
5.492764540074228201e-04
9.865027655310220321e-04
-2.753715667067281950e-03
1.179807976809426262e-03
-1.249649054275376106e-03
-2.760712978608624493e-03
4.102398603213091612e-04
7.942635832869152090e-04
1.292625044592990912e-04
-1.299139739405588342e-03
-1.347030630854568166e-03
2.617993313543350888e-04
-2.634720246948004697e-03
-2.972846316655881980e-03
-2.267328846496219352e-03
-1.927222231328682258e-03
-2.783133566856789616e-04
-1.154641303287373601e-03
5.801322111891635096e-04
1.339200853901938550e-03
-2.135570033344461136e-03
-4.265323959636437706e-03
-2.306470047220168015e-03
-1.081866275842543589e-03
-1.859365092849717040e-03
-5.064442262925133650e-05
1.053725215555928940e-03
-3.751867091826028427e-04
-1.567852644147840974e-03
-3.634673306323144525e-03
-1.023543927286636387e-03
4.568234318554251997e-04
1.937190790997486353e-03
-2.760648733611636377e-03
1.020706456280482061e-03
1.401380798660751929e-03
-4.586295848920171787e-03
-4.544033659598508031e-03
-2.015471739992558565e-03
-8.039026670416463127e-04
-1.174770199066489207e-04
-6.349180720772907996e-04
3.722067230401176130e-04
-1.629681945338338003e-04
-6.981431121078549278e-04
-1.630592028292964261e-03
-2.900645005360018291e-03
-2.600789110327922198e-03
-2.300933215295865135e-03
2.626436037645967295e-03
3.271716260053228985e-04
-6.485909194826018154e-04
-1.325369831428239694e-03
1.437933041806313365e-03
2.831146524067612753e-03
-3.174457639555373391e-03
-2.707160479643168621e-03
9.948503073946277954e-04
-1.909946993241389782e-03
-6.078064210644452611e-04
-1.767320323519384201e-03
-7.227986398953395973e-04
-5.042071573209430625e-04
-2.391965183867511731e-03
-5.144237854234090003e-04
-2.424780667244949800e-04
-1.703859485386905750e-04
-1.006734639315191079e-03
-2.042494729196353640e-03
-3.507310083300800747e-04
-4.534369054546248928e-04
-2.214647837147611792e-03
-3.322804355724977635e-03
-4.531005052355180363e-04
2.416603345254316262e-03
-3.990875081137917196e-04
-2.522156408412107309e-03
-1.275653075442575654e-03
-1.544999152277033889e-03
-2.122989816646820519e-03
-1.736994719058785556e-03
-1.819453743672741833e-03
-1.781953769757340517e-03
-1.364312468395590446e-03
-2.349469263984626556e-03
-1.866986238247891200e-03
-1.672146728998018641e-03
-5.632635651623885045e-04
1.160158238608916914e-04
7.163996364007540855e-04
1.316783448940694922e-03
-1.917508377150066229e-03
-4.927004536531523655e-04
-1.138639857230966434e-04
-8.295459479819873973e-04
-6.613007983354139176e-04
-2.336579921090747598e-03
-2.513119807342777557e-03
-2.526665093855846693e-03
-2.908486384051054037e-03
5.029074653076183107e-06
9.023890577724237496e-04
1.977625427142817426e-03
-1.686268896456239201e-03
-1.674351351251167179e-03
-5.369783238619075822e-04
-1.063601109097997086e-03
-1.501279600067166858e-03
-1.904719062693810893e-03
-1.701701658584550735e-03
-1.350113257717641506e-03
6.982848923484393064e-05
8.159648802200627138e-04
-3.692071174572541322e-04
-6.058130671687286632e-04
1.000935827898081359e-03
-1.514792072456523468e-03
-1.103897560933307133e-03
-1.778529231544525571e-03
-1.932875101688298538e-03
-1.787776715584569716e-03
1.674777484536589360e-04
1.762379150570898747e-03
-1.895248522121883474e-03
-1.691004088627115053e-03
-1.524107519258394551e-03
-1.357210949889695950e-03
-2.879605730584594483e-03
-1.640939038400283066e-03
8.632614741903509806e-04
-5.296511120007709773e-04
1.032287341005584669e-03
1.225974072100722862e-03
2.374048419918406167e-03
-1.555893722849526796e-04
2.356934633294780097e-04
-1.534264704834344129e-03
-8.247707306846150874e-05
2.843858372530474674e-03
1.760898866462962033e-03
-2.424627092466200874e-03
-4.147783728202132647e-04
2.338171158944723268e-03
1.979694847910840223e-03
1.621218536876957612e-03
-9.346179630822493666e-04
7.362610011935635758e-04
2.111561764192742587e-03
-2.957538347132081767e-03
-1.725982505410696187e-03
-1.325824440658207159e-03
-2.299982060715243491e-03
-3.274139680772025687e-03
-1.837423401863451291e-03
-1.419459791129447195e-03
-3.728705583860038569e-04
-1.641107976280016621e-03
-2.016024851145534636e-03
6.907942484866442384e-04
1.034091260598320270e-03
1.853604920614612770e-03
7.480326009427079592e-04
3.031252613637079206e-04
1.850496949521475149e-04
-7.134974290940870878e-04
1.269283345002483136e-03
-1.096262059599678682e-03
4.989098798049494514e-04
2.094081819209578019e-03
2.416889932347924749e-04
-2.454397184727365004e-03
-4.988992318655559657e-04
-1.737623296919636436e-03
-1.775967587532594014e-03
1.233721224813901776e-03
-1.833950752788806107e-04
2.532415690443405240e-03
2.196355544539179902e-03
-1.163868587540342961e-03
-1.208818962352924088e-03
-3.988842051855926926e-03
-1.377113471612186925e-03
-1.878172761633783820e-03
-2.941843482157277187e-03
-2.890832528324818653e-03
-9.564685228840624689e-04
1.002638955400982860e-03
-1.758454111494492465e-03
5.360726078371524234e-04
1.738491708452984206e-04
-1.427391478135813354e-03
-3.228930642008806442e-03
8.310622226770365654e-04
1.021386472752894552e-03
1.211710722828702666e-03
-4.490673277496868621e-04
-8.347241753210176991e-04
-4.272100291446752178e-03
-3.283878170909669070e-04
6.260165974855745434e-04
-3.542494917714438278e-04
-1.365031762226829237e-03
2.978974257813580715e-04
2.274147109427218823e-03
2.045960770172111729e-03
-5.147891744264878819e-04
-1.082261814429148631e-03
-2.159671697627922170e-04
3.942914701738607381e-04
2.636320258698466017e-04
-8.751550731362880064e-04
-3.752749126476814800e-04
1.689442779693631257e-03
2.793856123648552278e-03
3.351808611168419650e-03
-1.866298577463710055e-03
-2.327707754423422645e-04
4.660269942939977489e-04
1.164824764030337762e-03
-7.927017770473329845e-04
1.601967923611604446e-03
-8.101706633233255513e-04
-5.089918357457270514e-04
-3.669907802288531647e-03
-2.838457121127474763e-03
-4.192114883754857312e-04
-7.289904238672460964e-04
-4.735080970652123800e-03
-2.084444499460453432e-03
-2.281414157375320512e-03
-1.813747742129988641e-03
-1.065528571250080734e-04
-2.358142629522497256e-04
-2.316428937216399257e-03
-1.706284587723079157e-03
-1.573025591730018748e-03
1.653613195673377632e-03
-8.602178269881376182e-04
-2.265419431429805362e-03
-1.684982706790768940e-03
-1.442155615653780212e-04
1.418996351189738374e-03
-1.790479348728365831e-04
1.299029532403958532e-03
2.386198229484667779e-04
3.737442178111565969e-03
2.056432915913950551e-03
3.754236537167740181e-04
-2.585589296946909019e-03
-1.348626881048312336e-03
3.250867139147331410e-04
6.830871562830661062e-04
1.799961961210057608e-03
1.547041284123829149e-03
1.294120607037666827e-03
1.980467164348901320e-03
1.539109514197384634e-03
1.040937788802936840e-03
-3.811359098129815746e-04
-2.717832564443038853e-04
-1.619764104936918196e-03
-1.015080435090637149e-03
4.505622308212671023e-04
1.904317238841415818e-03
5.409932856817603955e-04
-1.981925054641771843e-03
4.076642408109504637e-04
1.237383369265802500e-04
6.820039772483905364e-04
1.240269617570346648e-03
-3.980319591347321112e-04
9.440376425279075083e-04
-7.851718623935852355e-04
2.680236496292013465e-03
-1.423088112092697408e-04
-7.887683998519415089e-04
1.973758553197552373e-03
2.863370224492152363e-04
-6.445772165584672496e-04
-1.569944838166680793e-03
-4.803118421982650963e-04
6.093211537701510340e-04
-1.196325216428389786e-03
-7.273200623469575077e-05
-3.733649919703790464e-04
-1.648241996977660093e-03
-1.684009842508243926e-03
-1.719777688038836867e-03
-3.767560767685487755e-04
5.522362501816810388e-04
1.802518277187657291e-03
2.384448491189681760e-03
-1.013728646916445958e-03
-3.667070460275688795e-03
6.092502289566653498e-04
-1.330691089615032140e-03
-2.197675129855742107e-03
-7.483493066939373231e-05
-7.058984248136179274e-04
-4.353750306294007066e-04
1.070717263625250429e-03
2.613648777547478326e-04
-5.273130732196827696e-04
-5.752450065090747994e-04
1.500526351437029941e-03
3.909020876883895386e-03
7.584395875307120907e-04
-5.199383129728707940e-03
-5.585637593084645698e-03
-1.236828620431340347e-03
7.002656635046511152e-04
6.904070920848268296e-04
-4.063612420100875394e-03
-3.359674206747493685e-03
-3.766060765152986437e-03
1.512482634788335067e-03
7.049056627506959313e-04
-2.310092376193923804e-04
-4.707871200003694787e-03
1.294968348973827340e-03
5.858925933398852204e-04
-1.022097526604748979e-03
-1.765280573272609652e-03
-2.508463619940470325e-03
-3.419903030976423428e-03
-4.408494474873782005e-04
-2.327469380200421472e-03
-3.275615225028532217e-03
-4.120266621538104003e-03
-4.426994038274851238e-03
1.188837498139899435e-03
-3.026793579861911804e-03
-4.220058424657282051e-03
1.290919396387370591e-04
1.006300029837054171e-03
-9.240942918348645212e-04
-2.531411323036774751e-03
-1.351462544955800860e-03
-6.367371210167470374e-05
-1.300480877473054412e-03
-7.760633239629281116e-05
-7.355381751793801069e-04
-1.960786994367197476e-03
-5.698894744862403015e-04
8.210080453950798635e-04
1.674792054781537413e-03
2.160656652579577564e-04
-1.242660724266003106e-03
3.581943811631930694e-04
-1.881268013087750678e-03
-8.080622976315731580e-04
5.614929749691317112e-04
1.931048247569836906e-03
-5.535418265346068751e-04
-3.081120106565970584e-03
5.886486067587543437e-04
2.281581587869899001e-03
1.568221988120746318e-03
-9.123772476006127789e-04
2.425831880553609883e-04
-7.770570860959960524e-04
-2.944796333114407111e-03
-4.388806923337423317e-03
-3.123247423960179465e-03
-1.588424698789834763e-03
-3.300528519805604865e-04
-3.529197498364269533e-03
-3.444380343786640573e-04
-1.302284779446415521e-03
1.363270419953236876e-03
1.459503707380280886e-03
-3.748333191216033852e-03
-4.466086549045965130e-03
-3.761728680256557020e-03
-1.381964653871147614e-03
-1.274133224945182483e-03
-2.276970845082563945e-03
-2.993191319674650547e-03
-2.038846066009021140e-03
-1.510539850247964895e-03
-1.676579492203660298e-03
-1.458547701115886410e-03
2.086403980978682963e-03
7.919220715134672652e-04
-2.099532075786056558e-03
-2.865565268660004872e-03
-1.328654976874132226e-05
3.021893853789873324e-03
3.640144488026472421e-04
9.283290889004331119e-04
1.067723992086141993e-03
-1.205310914676312357e-03
-1.471245937153742777e-03
6.836125346982189696e-04
1.915012940804905993e-03
-2.947694767024402161e-03
-4.144380216591240194e-03
-3.550876034451584499e-03
-9.778789615780905404e-04
-1.684693390478074265e-03
-2.391507819378242521e-03
-1.706706051395861633e-04
-3.287117560784774076e-03
-1.592611707751803631e-03
-1.955550072328941791e-03
-1.752856311625989672e-03
-1.609482435040016351e-04
1.060501631926543363e-03
-3.677351040145096809e-04
2.809198769011330039e-03
4.039301863777745860e-04
2.052260471448325886e-03
-7.132408174106858725e-04
6.243580544477381894e-05
1.031850046070109704e-03
8.495867675976029321e-04
-1.868388301155906109e-03
-1.731386833970853002e-03
-3.487764147826742135e-03
-1.050833288793551722e-03
-3.849384163186647320e-03
-1.667028002231037923e-03
-8.623714983318736104e-04
-8.324914721252052322e-04
-3.240364385367044400e-04
7.720528752896635167e-04
1.048572545185053788e-03
2.785673626725552543e-04
1.878432376253759027e-04
6.168119316495436315e-04
1.042300340616550067e-03
-1.830755839686038465e-03
-9.922057165310687633e-04
-8.499279111519437123e-04
6.010185436491047219e-04
-1.357553204651903121e-03
9.385152184713660070e-04
9.275733634798132010e-05
-1.005215719056672553e-03
-4.470648982749930722e-04
6.911542604207125857e-04
-1.666526473645032255e-03
4.596200182234665664e-04
6.552657760251503170e-04
-2.394442147323390998e-03
-2.421583999643519159e-03
-1.568019547136543027e-03
-1.335009874968661175e-03
-1.102000202800779106e-03
-3.590570348962041514e-03
-2.989012818931327357e-03
1.532830777253588964e-03
-1.490589402027079062e-04
5.984512731278384410e-04
6.206068800207959271e-04
6.993104344354079743e-04
7.780139888499994216e-04
6.915702308985375614e-04
-1.762014355224989729e-03
9.279154130385335736e-05
-9.541344945951219479e-04
-2.795981266030424586e-03
-1.352871035705679147e-03
-1.951278100504923478e-03
-7.492658409629551330e-04
-1.248081149309696177e-03
-3.110497400010278201e-03
-3.768328362824664452e-03
-3.184922089043988949e-03
-2.115180794153152886e-03
-2.653079775131292947e-03
-1.357469080959086260e-03
7.114237170713711214e-04
7.690132683326989741e-04
8.266028195940117564e-04
-1.647449953905071301e-03
5.513737357783866444e-05
-6.502787195654074863e-04
1.306615903887544739e-04
-1.654074835119360119e-04
-2.047261830013615003e-03
-4.766816866588121791e-04
1.133841504555249810e-03
1.928524683391285004e-03
4.975309429043173843e-04
1.453262973192699908e-04
-2.068783482657772944e-04
5.501449230091355093e-04
-7.565728210676436229e-04
-7.777385240823042872e-05
3.461322371020286292e-04
-8.442880374789924619e-04
-2.982056941249627575e-04
1.011813918702536650e-03
-2.227699631315215902e-03
-1.578099543603725743e-03
-9.742433914361026777e-04
-3.703872392684796119e-04
-2.317479450329809360e-04
1.130983918885105927e-03
-6.425358642390432452e-04
5.531368676173406811e-04
4.741916886926193179e-05
-7.466753852978370680e-04
-1.176587710901298755e-03
-8.685987876350648564e-04
-2.613385332457687869e-03
-1.746597317515942265e-03
-3.824270854290617253e-03
-1.804923839067484707e-03
-4.231447585812891411e-03
-3.520309723652771498e-03
-2.809171861492837634e-03
-2.555392195770164916e-03
-2.471187811529126140e-03
-3.089316182137782658e-03
-2.735637220769306013e-03
-1.670645128185608294e-03
-1.065590654827399493e-03
-3.088847664040955936e-03
-2.061328953743489425e-03
-2.144363025545765848e-03
-2.068540912412380247e-03
-1.174577581205214381e-03
-1.100532749798257973e-03
-8.102700784393141592e-04
1.971008670035183808e-03
2.069561259194175815e-04
-2.219566245448491033e-03
-1.732958222392236725e-03
-2.131149897515556384e-03
2.346306643538427668e-03
-2.335727236648127425e-03
-2.652389075616449089e-03
8.724426966047688428e-04
-6.819021498348557496e-04
-3.564188714103030432e-03
-2.594348944756874088e-03
-2.078663611996225090e-03
-1.637582809214009009e-03
-1.196502006431793361e-03
-3.763578774407284888e-04
-1.616285788287016086e-04
-3.427827399469880396e-04
1.985951011502858792e-05
1.250412350634223649e-04
4.573215775074260031e-04
1.148498217349244255e-03
-4.873680687751704137e-04
-2.019393078033102518e-03
-1.653855180482870051e-03
-1.294560505115879617e-03
1.811958286803430629e-03
1.669646866258467409e-03
1.527335445713503973e-03
5.778433577874686825e-04
-8.552768076959142490e-04
3.921017403576347420e-05
-2.329186165085466147e-03
-1.816172724620629137e-03
-1.303159284155792127e-03
1.693746511773849307e-04
-9.938407855824204704e-04
-8.537557911684277422e-04
-7.691632173290896286e-04
-1.531795554357657727e-04
1.056905847908455164e-03
3.998346188496766434e-04
-1.086615722528698957e-03
-1.457801459164980449e-03
-4.713773986087102584e-04
-1.556884436396883606e-03
-2.642391474185057116e-03
1.600347135820837823e-04
-2.384482362109833706e-03
-2.305273880758752000e-03
7.096169919778604670e-04
-1.560752085971498903e-03
1.890040918329686332e-03
1.230982549275446347e-03
-2.689676841946426426e-03
-2.860478412969336311e-03
-2.168943936978403719e-03
-2.115262572360381010e-03
-2.835792290081833294e-03
-3.286230808784507476e-03
-5.650737457912338117e-06
-4.493060432487618961e-04
-2.742069711802584079e-03
-2.725331022916485223e-03
-1.425214478594589908e-03
-7.769804892213123641e-04
9.058263981885938433e-04
1.066109452556473613e-03
1.226392506924311532e-03
-1.422590260347765534e-03
-5.241674615257159442e-04
-3.556523240843199787e-03
-2.690526671855426703e-03
-2.010845459664567080e-03
-1.331164247473707457e-03
-2.067321723257435715e-03
-1.470272414321946441e-05
-2.877304272624095841e-03
1.590005250169239295e-03
6.849870803948881950e-04
-2.200310893794629047e-04
-9.641393516367029702e-04
-3.768681893601305653e-03
-3.145222192620959149e-03
-1.645159923938148633e-03
-6.810996828568263196e-04
1.666128593632968963e-04
-2.720256865004912314e-04
-3.987413150086573793e-03
-3.108592841410236923e-03
-7.078287714769784648e-05
5.591430375212551014e-05
1.904867977521563995e-04
3.278982284241664874e-04
4.653096590962124625e-04
-9.017327355193554151e-04
-1.619586655698571510e-03
-8.325225186581596427e-04
-2.412739870110611282e-03
-3.714883376140000210e-03
-3.627997263725020113e-03
-1.391984310577706321e-03
-1.055855466941410959e-03
-2.626759663467323393e-03
6.607341311914011195e-04
2.103267353750947399e-04
-2.400806604412116397e-04
-2.861366973197975935e-05
-8.870387401151342589e-04
-6.967126586550056924e-04
-5.063865771949268907e-04
5.042794274473732337e-04
9.749392776870204839e-04
2.421734054365651343e-03
2.284565706688518587e-03
4.853376013470190199e-04
2.194181097169571344e-03
-2.082494536603135896e-03
-3.023158966957579293e-03
-1.220070956369524121e-03
-1.563043428243509302e-03
1.049091519558773868e-04
1.772861732155699491e-03
1.678574143879015858e-04
-6.702452826859036338e-04
-4.037049863420264992e-03
-3.953659906882505716e-03
-3.484657794745011066e-03
-2.993049552722868573e-03
-4.783949418962732576e-04
-1.744196376061921561e-03
-2.051998765794274537e-03
-4.103401087563116924e-03
3.154731618657955622e-03
-6.527819735057506859e-04
-4.460295565668461262e-03
-1.656508577146435790e-03
1.232263832926716249e-04
-2.400942322173618172e-04
-4.352233355335349200e-04
-8.713086358331874250e-04
-1.307393936132839876e-03
-4.501867444032935529e-04
5.562561873787741536e-04
-1.558620958771420040e-03
9.147164745559419486e-04
-7.499380368948599038e-04
-1.099075759769699333e-03
-7.586999770780266088e-04
-8.292616495222604944e-04
-1.902774251849003980e-04
1.211453668710971501e-03
1.428384666160020149e-03
1.642379487607809833e-03
-8.684881323426513200e-05
-1.283109134876821676e-05
5.145690849297647040e-04
-1.008543584847853289e-03
3.577862914860437636e-04
8.425988229728471630e-04
-4.124282563240959029e-04
-3.090882384839835437e-04
-4.765477715010630298e-04
-3.016605566639818186e-04
-5.154591307123674833e-04
-7.385977092851906019e-04
-2.181407351310453609e-03
-2.345858640696439515e-04
-3.160970601916205606e-03
-2.681346701440670121e-03
-2.201722800965259970e-03
1.870562294476567789e-03
2.633588882027968966e-04
1.686670374144406785e-03
1.105950158291886401e-03
5.252299424392142292e-04
-1.377473324047870287e-03
1.477515971678755678e-03
1.744971080480412808e-03
-2.062792960617254069e-03
-3.714145106166139975e-03
1.756654789514858726e-03
1.666157593271576105e-03
-1.770121434663583706e-03
-7.289229442452157745e-04
-4.706363940832134613e-04
1.312079190386489409e-05
1.130649575176078054e-03
-8.842671365291310953e-04
-2.899183848234865649e-03
-3.325420833071190962e-03
-1.859658076461441489e-03
-1.861859256073491618e-03
-2.264540543751150659e-03
-2.667221831428809916e-03
-7.358971309265736243e-04
-1.554396749543004042e-04
-5.089505961940149308e-03
-4.062696910181405260e-03
9.218850336802182285e-04
8.221968106677783215e-04
7.225085876553384145e-04
-3.204753847234268708e-03
-3.692676909533339474e-03
-1.337072644318332976e-03
-2.152082177421502009e-03
-1.317454709160526980e-03
-2.076284115115962191e-03
-1.026373662228904221e-03
-2.697385190121835002e-03
-1.663866164118970974e-03
1.618861617774228125e-04
9.829932835868587879e-04
-6.505785001990316806e-04
-1.827281738885033714e-04
4.879948571625671657e-04
-8.711335612215664621e-04
4.629450746030214399e-04
-1.142183974780366625e-03
-3.281089916159956980e-03
-3.071105181646591620e-03
-5.139694813504546919e-03
1.764162259831423196e-03
3.828144779838805849e-03
-2.947150521989685794e-03
-4.852235474294818579e-03
-1.677826363525849931e-03
-1.252752605315030944e-03
-2.461393704960603002e-04
-1.629746070829204540e-03
1.082459443513001957e-03
2.051165072490548913e-03
8.313338350831420316e-04
-3.771278577038997618e-04
5.650775786129338084e-05
6.182166810552471286e-04
-2.134520541148584704e-04
-6.143465133353380936e-04
-3.504844936623569517e-04
-2.109364737156916095e-03
-2.887588563984682700e-03
-5.430475700491641834e-04
1.492350283074160393e-04
-2.596463119840534441e-03
6.893658472205909347e-04
-1.427096227493771961e-03
-1.923771628030948762e-04
-9.572230449001438175e-04
-1.369163578190895399e-03
-1.781104111481754317e-03
-3.650806442024018446e-03
-1.688633495287384604e-03
-3.277357425401896274e-03
8.287009213698531655e-04
6.417391286152098482e-04
1.182624036173813252e-04
-2.683214620156458043e-03
1.668796541760205442e-03
4.884029448622388822e-04
-5.343510210478153669e-04
-5.494157882661159387e-04
-3.828361739769681887e-03
-3.671798113057849096e-03
-1.849145949160444207e-03
-7.259692554382544526e-04
1.542293529767672575e-03
2.810219105642052483e-03
-9.849937490924347630e-04
-1.838848599612065643e-03
-1.178047172527353290e-03
-5.601317561124841008e-04
5.778366030238508803e-05
-1.978495981903644584e-03
-2.351207935431174484e-03
-3.372813492944233939e-04
-4.747447389038838054e-04
1.952667980302546982e-03
1.033101970835470854e-04
1.872206504533877307e-03
1.643452994349618593e-03
-1.033085868279329505e-03
-1.722040239062242644e-03
-1.411686723134761160e-03
-1.028618687534663990e-04
-2.117796279952641712e-03
-2.355134783939416034e-03
-1.219022629455639465e-03
2.461502108321029624e-04
-3.550392923451683481e-03
-1.952308902378047106e-04
-3.267274717953846247e-04
-2.471959810761426013e-03
-7.613018641843274318e-04
5.748594450113368552e-05
-9.814309198311541027e-04
-4.654060859504250552e-03
-2.136466127337184259e-03
-8.471839092781328732e-04
1.253157093682088531e-03
1.412589134287077887e-03
-4.355994633374943824e-03
-2.589389466775990356e-03
-1.250575978348978301e-04
3.184474566273806781e-04
7.619525110896592946e-04
-4.117584218274051265e-03
-4.104581436431368850e-03
-2.511888263090276117e-04
4.624407656679760566e-03
1.481688690586118774e-03
-5.185568271132050613e-04
1.710507241762879030e-04
8.606582754656006730e-04
-7.426615540792183079e-04
-8.380680133141981596e-05
-1.031923962147992483e-04
-4.874150092713493620e-05
-2.753218362852983755e-03
-1.429655975108319339e-03
5.199552432551179850e-04
-1.751618924004818331e-03
-9.100864733509510468e-04
-6.855402269730342252e-05
-2.720725782162172930e-03
-1.222333224582915993e-03
1.330292283345815623e-03
6.557325604464225768e-04
-6.070134845912382275e-04
8.459504309021203443e-04
1.309351719203890284e-03
1.772753007505539118e-03
-9.714722960075357827e-04
-3.756618856870529589e-03
-5.362838318504857668e-04
2.824268025984494074e-04
-1.907027789854348317e-03
-2.129871706591497747e-03
-3.293606165415092785e-03
3.298653821134462857e-04
-1.841109561103124962e-03
-2.466918492154517462e-03
-2.792725723312838686e-03
-2.873850544891486808e-05
1.112150481313514769e-03
-1.318361913099369218e-03
-3.564875837176072725e-03
-2.151629824075503537e-03
-1.281182159889053453e-03
-3.776529686171040817e-04
1.203957708397988347e-03
-1.242847439988832377e-05
-3.691515003608062989e-04
-9.864543132557909884e-04
-2.670485407044468230e-03
-2.437300205458407983e-03
-1.817973230187460744e-03
-3.331475017291457520e-04
-1.591796251978294489e-03
-5.780907993238635495e-03
-5.330870549074240641e-03
-4.225437777387100295e-03
9.583571729477767184e-04
-5.119069137964335015e-04
-1.235270542408869240e-03
5.440936806517123435e-04
-6.157632941293463870e-04
-1.675082817082430191e-03
-1.255083477385849538e-03
-2.920919382031529794e-03
-2.242955407957816869e-03
-1.564991433884103727e-03
-2.098653716893590735e-03
-1.021372227368760746e-03
1.487651926904440562e-03
1.672699537513054179e-04
8.834403045844728625e-04
2.423682998631723458e-04
5.271655873207015250e-04
-2.577776899291986737e-04
-1.306528277670256956e-03
-6.479638739431714013e-05
-2.059566602885029747e-03
-1.572898998832688525e-03
-2.385519826841539688e-03
-2.207783596395319035e-03
-9.467716131274167904e-04
8.450820911214816005e-04
1.363021198092661049e-03
-1.861548913539277407e-03
-2.608602223187405852e-03
-4.554089801220827412e-03
-1.366135087942091635e-03
-7.070336615373040267e-04
-5.836816003863262237e-04
-4.267975608055955112e-04
-1.812351648171584787e-03
-3.197905735537574009e-03
-3.389217327346111079e-03
-4.139324832428078506e-04
-1.977707037563023428e-03
-3.807909880910829471e-03
-9.065717578110661819e-04
-1.462548381615106415e-04
-1.526223425860998104e-03
-3.370593807007003610e-04
1.140504282531155890e-03
5.499067867016696996e-04
-1.817662251261416241e-03
-1.295364927172194943e-03
-2.100179391223816125e-03
-1.122657146104963626e-03
-1.678386554899763536e-03
-1.988639545935113467e-03
-2.062546695827530314e-03
-1.370197940348578166e-03
-2.373795533299593447e-03
3.968411748608430267e-04
-9.429068634337136072e-04
3.278140824969607084e-04
2.212102269670194674e-03
1.710097830786671278e-03
1.208093391903148099e-03
1.136519568557308336e-03
3.198936671168703828e-03
1.850957467738916038e-03
-1.346471458509826587e-04
-2.120251759441399604e-03
-1.550509807861330611e-03
-2.831688029417550601e-03
1.204800281457901918e-03
-2.505491120021793167e-03
-2.155824677951555766e-03
-1.596208616341233911e-03
1.029575313908276564e-03
-2.688701260414199691e-03
-1.529740193243343555e-03
-2.754414839688596600e-03
-3.093290890730939803e-03
-7.825856787919828299e-04
-1.283772840533229688e-03
-1.413714245026989960e-03
-2.534543077268401091e-03
3.361393517216251878e-04
3.099075467108419399e-03
-4.848957871699427144e-03
-4.670050331740255301e-03
-3.645586261582701385e-03
-2.958549609170034716e-03
-6.366804777771355997e-04
-7.680744819150292502e-06
1.347855972858823248e-04
1.250741388343409605e-03
2.676648869232512579e-03
-1.965372786974144224e-03
-1.237675291916433230e-03
-5.099777968587222363e-04
-2.871831070777260825e-03
-2.937692552120842095e-03
-4.496141614718130071e-04
-6.532314140833638373e-04
-2.399892192834922333e-03
-7.974195484797123347e-04
-5.512540659100387567e-04
-1.052698710079236644e-03
-6.677276636000632586e-04
-1.307782629722573954e-03
-2.421134110202558583e-03
-3.430444808134127700e-04
1.008910354772920041e-03
7.504305396766329820e-04
2.022477410675571630e-03
-1.613924998893819310e-03
-6.872601037655767277e-04
3.791118733805071399e-04
-1.622658256663516959e-03
-2.511072537549620745e-03
-1.731558139099999109e-03
1.874286128190247444e-03
2.978805311405442399e-04
-1.909055235069943325e-03
-1.382584090996255522e-03
-7.492570703930828821e-04
-1.159300497900756909e-04
-1.408605546259343155e-03
-1.368405840246712541e-03
-2.188451052557245993e-03
-5.875851187544640052e-04
-9.773130096107957195e-04
-3.903129790380136313e-03
2.626422048164029407e-03
2.524563661292133099e-03
-1.831443904463151600e-03
-1.875029471014963423e-03
-2.954303840718606848e-03
-4.102836058024887309e-03
3.418152738082248787e-05
-1.189393093335978447e-03
-8.659625199463601240e-04
-5.425319465567420181e-04
-2.639805442130700383e-03
-1.217936448070611622e-03
1.624100505198661833e-03
-1.110701106600811908e-03
-3.153685720849632411e-03
-2.187162578496301517e-03
5.578454238570071735e-04
-1.088145741822151881e-03
5.902178984048419251e-04
7.259032640726937984e-04
1.146403845632716894e-04
-9.861989944067919150e-04
-2.683609338358673106e-03
-2.446849882782377219e-03
4.604847927119413813e-04
-8.875733897147478936e-04
1.340811997771608303e-04
-2.129374073411102351e-04
-1.270390251820597291e-03
-2.423652365955022026e-03
-7.529219520116222416e-04
-2.809204202185419707e-04
-2.489673927557213735e-03
-4.015947835172032840e-03
-1.653060808935097759e-03
-3.387376591870280753e-04
-2.416036987222209675e-03
-1.030691959842696022e-03
-2.783001994139805424e-03
-1.892324186445703193e-03
2.263325291985266753e-04
-1.962484008409703289e-04
-2.465442265692742961e-03
-4.734636130545108110e-03
1.327443346709044920e-03
4.537094299399612937e-04
-1.917383468967733505e-04
-1.603257999793817039e-03
-9.305850853574251704e-04
1.182525070550952909e-03
4.923812487542049117e-04
5.687791212922339032e-04
3.965530563420959290e-04
-9.266747510542340483e-04
5.941854219884785612e-04
2.380232907629128026e-03
-4.602826199480222888e-04
4.151649592237388348e-04
1.222070686910423304e-03
1.817703855154871118e-03
3.082962673168856450e-04
-1.619068754661256646e-03
1.170665782870367261e-03
-1.412590902753310066e-03
1.231097479997844864e-03
5.619688533656198512e-05
-3.403473546462357745e-03
-2.856575209710592728e-03
-3.381955456347786673e-03
-5.118013777441481234e-03
1.015760565228520772e-03
-2.763165353535202134e-03
-1.897891404788194791e-03
-1.032617456041187449e-03
-2.432526811090132083e-03
-3.569288712040437350e-03
-2.044601691358676528e-03
8.398372482758240695e-05
4.057864006332700967e-04
7.275890764390418935e-04
3.809505227644418863e-04
-2.578521014400561757e-03
-1.887604376652269895e-03
-1.196687738903977598e-03
-1.930932082372975199e-03
-1.720475488955905234e-03
-1.510018895538780409e-03
-3.161851517895964206e-03
-2.701516679401776751e-03
7.644525569633674536e-04
1.524599753941689208e-03
-2.121004854095916506e-03
-2.419365110411238022e-04
-2.678317716549727910e-03
-3.467157755375797727e-03
-3.399222031947999288e-03
-1.480939270107027800e-03
-6.700597901802395756e-04
-2.597912246379263743e-03
5.629004483443439313e-04
-4.035758055337764286e-03
-4.263128668481708933e-03
-2.528621166824008594e-03
6.701529110380551393e-04
2.026005541267480049e-03
-2.359892134441324979e-03
-1.920106602469611075e-03
-3.946932060546122153e-03
8.979307590940439877e-05
3.547274367617064936e-04
-1.644083038256647158e-04
3.939303928336972301e-04
-2.262069707601671066e-03
-2.613786965990665383e-03
-1.613015657394923632e-03
-1.128530829184904534e-03
8.027503895751734141e-04
-6.485294408497037583e-04
-2.682061178948743317e-03
-3.804195432913123551e-03
-7.744215118503667422e-04
-1.986625824127832059e-03
-1.041973479625558094e-03
4.907786590197574760e-04
-8.593077811971522317e-04
-9.484489099033385036e-04
-7.880740331829042770e-04
-6.276991564625120090e-04
-5.461140221406303626e-04
-8.158877369976922072e-04
1.705248155370446463e-03
-1.191282697836921816e-03
-7.390803205036522959e-04
1.780145431551872701e-04
2.289197944160003845e-04
2.798250456768268347e-04
1.122974805028576894e-04
-2.191236117790053371e-03
-1.163890718534053978e-03
-2.282155171629949089e-03
-2.226633091547295350e-03
-2.171111011464655488e-03
4.523575651327972407e-04
-4.355386731101131421e-05
-2.033948620079241041e-04
1.380609430561244083e-03
7.559679331631545714e-04
1.313264357650650600e-04
-1.504231563050730577e-03
7.691422697711942100e-05
3.440282590508181651e-03
-1.111204429912646466e-03
-1.054214259812360360e-04
2.113656119885619876e-03
-1.328929996220692923e-03
-1.328484209797008327e-03
1.981929916071647254e-03
-1.474563862231696113e-03
-8.816785220875579705e-04
-2.887931819435746519e-04
-3.181106214239545760e-03
-1.539053111609862056e-03
1.096013670300809064e-03
1.819041663504443853e-03
-1.214695884330901053e-03
-4.505578592312138239e-03
9.653235362607499176e-04
-1.597819066398749235e-03
-1.591465944366059985e-03
-1.304408981173551868e-03
8.021794437118360231e-04
-3.099416445129943992e-04
-4.185352747488765152e-03
-1.829769065513952957e-03
-1.607590020694397038e-03
-1.385410975874841119e-03
-1.123592581183353043e-03
1.185697529802829525e-05
-7.738027346352522370e-04
-1.061056748026989634e-04
-4.170870917588438091e-04
-2.128040875278877902e-03
-2.198554608687550800e-04
6.724211912406974096e-04
1.564697843349916687e-03
-1.046227446143807496e-03
-4.233044428164807471e-05
-1.046319215831435605e-04
-3.602493909577279829e-03
-2.612719276451591546e-03
-1.244511821589203149e-03
7.895976302630485204e-04
1.722749992799270944e-03
-2.123613110778474391e-03
-2.040618316432425954e-03
-2.251543320823905583e-03
-2.537631929895235294e-03
-2.062933075722535748e-03
-2.187915625935840398e-03
-3.102269387526869916e-03
-3.725643283722804636e-03
-3.199516621060474655e-03
-2.553009209897478485e-03
-8.836498725111954777e-04
-1.160623596796356316e-04
2.115086067553425923e-05
-2.490273199559041913e-03
-2.819687327315114223e-03
1.444688069441508712e-03
-1.598681638002449282e-03
-3.003663663379372000e-03
-4.212234051733933574e-03
2.220259101848626355e-03
-2.293577327339519408e-03
-2.116651877751043499e-03
1.102605381771164586e-03
1.408016918919615095e-03
-1.861893670753713304e-03
6.983380128443737386e-04
-1.021416742088755497e-03
-6.586631022908080724e-04
-2.850936528966867365e-03
6.093271838420646208e-04
-2.365118453462733330e-03
-1.081724260368508057e-03
-9.566319067320551038e-04
-2.866065901325550325e-03
-2.958026930289926575e-03
-4.555772717290425440e-03
4.018197091373131979e-04
-4.945153693617760325e-04
9.162626725357813414e-04
1.789241667035099473e-04
-1.380478394633522128e-06
-1.816851234928241001e-04
-2.370342629286095021e-04
1.957924918640282109e-04
2.123438319803897835e-04
-1.246247101002455338e-03
2.187392142420275902e-03
3.023114758666997637e-03
-1.363855536631326370e-03
-7.811872691895550055e-04
-1.216773857965107800e-04
-4.003583914539005084e-03
-3.613640745827111003e-03
-2.488231980665579161e-03
-6.743763981746824301e-04
1.139479184316687880e-03
1.429520598109326919e-03
1.455586446054231344e-04
-2.683596322070003377e-03
-1.762705467397157480e-03
-8.418146127243118001e-04
7.907624194829340411e-05
-4.696670655135975862e-04
5.858896003533051828e-04
1.009945747847477244e-03
1.010198229366184811e-03
1.908910326842353086e-03
-7.541372456491904352e-04
5.389459415285971500e-04
1.832029128706722573e-03
1.767358001648963424e-03
2.353293107873570544e-03
-2.386173633387062096e-03
-2.671306494144613276e-03
-1.681675545846329604e-03
4.239177837412145058e-04
2.122274603150360876e-04
2.055951037665657195e-04
-2.080782895042999989e-03
-2.263053151516936264e-03
-1.269185783838030004e-03
-2.786899045993152229e-03
-4.304612308148274454e-03
8.553753720141558242e-04
1.929194734913786471e-03
-1.353313688800726828e-04
-3.961138021566439071e-03
-3.884892905870002307e-03
-3.808647790173564675e-03
-1.757311173393062828e-03
-1.674215558091511321e-03
-1.591119942789938129e-03
-9.257367087529180371e-04
1.180970067688910403e-03
3.287676844131288967e-03
-2.532693700197327126e-03
-2.477621288578405693e-03
-1.842111624981172726e-03
-1.206601961383773659e-03
1.744549407653830150e-04
-3.156607404255096921e-04
6.275285720243892543e-04
-1.140831205607406671e-03
-1.636953040781722202e-03
-1.996002147625490150e-03
4.405289911299258335e-04
7.659703551359479251e-04
-2.763355522581340071e-03
-7.184363631452259438e-04
-1.426226242832544493e-03
-7.109208929900856077e-04
-5.777984799815772971e-04
-7.164678038684741020e-04
7.727035856290189299e-04
-1.480370986706929220e-03
8.374886418692610319e-04
1.103823454179548441e-03
-7.757098645366322480e-04
-6.508249950273935300e-05
-4.749723355090857291e-04
-2.700728836873861338e-03
1.735561518288014551e-03
1.257475752109107284e-03
1.332859006240287841e-03
1.408242260371468180e-03
-1.093784538458095592e-03
4.284243333053973368e-04
-2.134645628890518773e-03
-1.972310532052332435e-03
1.107472687597828255e-03
1.092973585883157432e-03
2.761186815831196979e-04
1.013140650501349882e-03
-1.826527865323336955e-03
-2.173189748237202949e-03
-2.519851631151249789e-03
-2.532693553815581859e-03
-1.498888008207293222e-05
-1.949202717633912937e-03
-1.091309702252174214e-04
3.768556731107814643e-04
-2.496442169480217813e-03
-3.166627546220303346e-03
-3.836812922960388447e-03
-1.146694619976609732e-03
-3.500453929270185265e-03
-3.768507130122167315e-03
-2.463000956263647063e-04
-3.946178037207639802e-04
-5.429355118152408288e-04
3.803814471377679491e-04
-9.645835565813190961e-05
-1.661252607193769871e-03
-3.226046858729407669e-03
9.973922799028033491e-04
2.178133197696070084e-03
3.898910821153751122e-05
-2.141727688899414898e-03
-4.207863133074717966e-03
-1.879023301340860966e-03
-2.498569248162540828e-03
-3.118115194984220906e-03
-1.570312826553972758e-03
-1.061418435174003123e-03
9.457292728843802107e-04
2.221752908392056903e-03
1.225565354587152033e-03
-1.795037712296787503e-03
-1.625322957468656885e-03
-2.227793008710468592e-03
-5.338446434473812126e-04
4.897319734280383479e-06
4.499210308103301350e-04
8.949447418863798595e-04
1.339968452962429475e-03
2.035002265773185309e-03
-1.317038031919733976e-03
-2.358246458674158157e-03
-8.416087076666275372e-04
6.750290433409030823e-04
8.292278745573801631e-04
2.427873827546174479e-04
1.516266946853246471e-03
-4.856212559665512227e-04
-4.576900853000343168e-03
-3.851612533536585489e-03
1.555424208008449570e-04
1.096171781752593166e-03
2.541383643687770109e-04
-2.214684466620535364e-04
-3.696036760132567767e-03
-3.094366015910335419e-03
-9.007283118461174506e-04
-4.537294629707928038e-03
-3.248696056529253636e-03
-4.115212663991682854e-03
-6.973494057205672711e-04
-2.134426181056838824e-03
-3.571502956392359242e-03
-2.001573005190769670e-03
-5.338508471460442790e-04
3.069944069985322023e-04
-2.123284271183293725e-03
-2.132887990278486360e-03
-1.266029156504022094e-03
1.667201671930666589e-04
-6.096163147327250155e-04
-1.482722927554915807e-03
-1.099562428700552163e-03
2.435978102666659564e-04
-3.148587971642319121e-03
-2.211317181167112966e-03
1.107400379807971453e-03
8.709393544007923947e-04
2.648451556447440659e-03
2.945643033678878656e-04
-2.059322949711664928e-03
-2.149113035103791640e-03
-5.822637123817529445e-04
-1.144461553167092473e-03
9.393354396781362567e-04
-1.046448479934043631e-03
-3.032232399546223520e-03
-4.656429317550965247e-04
-1.286722996158060897e-03
-2.287068301080049954e-03
-6.115598473918062647e-04
-3.408409262738142922e-04
-7.012200515582231973e-05
1.356809844276789159e-04
-2.484974707563533843e-03
-1.397110037162358929e-03
-8.958756205129963157e-04
-1.742086252466950452e-05
8.610338954641160326e-04
-1.095224364180517884e-04
2.666475261174717885e-03
-2.075753318743875538e-03
-5.916984160911084936e-04
-2.695554546738059736e-04
-2.486370315557272486e-03
-1.602657474798352714e-03
-8.440069033963053637e-04
-1.234863799833123233e-03
1.148425719142808898e-04
-1.579134846886392444e-04
-2.746107278991754413e-03
-1.531715995970835435e-03
-2.356704444947101563e-03
-1.591753820326954156e-03
-3.045337142122795694e-03
-3.180332062148026433e-03
-3.028317572884646827e-03
1.155049708933626219e-03
3.756242953594675360e-04
-1.018787611081509344e-03
-1.613950179556086209e-03
-4.532074114111999882e-06
1.314963949647542617e-03
3.137367585760984269e-04
