1.000000000000000000e+00
5.001200480192077080e+00
9.002400960384154160e+00
1.300360144057623124e+01
1.700480192076830832e+01
2.100600240096038362e+01
2.500720288115246248e+01
2.900840336134454134e+01
3.300960384153661664e+01
3.701080432172869195e+01
4.101200480192076725e+01
4.501320528211284966e+01
4.901440576230492496e+01
5.301560624249700027e+01
5.701680672268908268e+01
6.101800720288115798e+01
6.501920768307323328e+01
6.902040816326531569e+01
7.302160864345738389e+01
7.702280912364946630e+01
8.102400960384153450e+01
8.502521008403361691e+01
8.902641056422569932e+01
9.302761104441776752e+01
9.702881152460984993e+01
1.010300120048019323e+02
1.050312124849940005e+02
1.090324129651860829e+02
1.130336134453781654e+02
1.170348139255702336e+02
1.210360144057623160e+02
1.250372148859543842e+02
1.290384153661464666e+02
1.330396158463385348e+02
1.370408163265306314e+02
1.410420168067226996e+02
1.450432172869147678e+02
1.490444177671068644e+02
1.530456182472989326e+02
1.570468187274910008e+02
1.610480192076830690e+02
1.650492196878751656e+02
1.690504201680672338e+02
1.730516206482593020e+02
1.770528211284513986e+02
1.810540216086434668e+02
1.850552220888355350e+02
1.890564225690276317e+02
1.930576230492196999e+02
1.970588235294117680e+02
2.010600240096038647e+02
2.050612244897959329e+02
2.090624249699880011e+02
2.130636254501800977e+02
2.170648259303721659e+02
2.210660264105642341e+02
2.250672268907563307e+02
2.290684273709483989e+02
2.330696278511404671e+02
2.370708283313325353e+02
2.410720288115246319e+02
2.450732292917167001e+02
2.490744297719087683e+02
2.530756302521008649e+02
2.570768307322929331e+02
2.610780312124850298e+02
2.650792316926770695e+02
2.690804321728691662e+02
2.730816326530612628e+02
2.770828331332533025e+02
2.810840336134453992e+02
2.850852340936374958e+02
2.890864345738295356e+02
2.930876350540216322e+02
2.970888355342137288e+02
3.010900360144057686e+02
3.050912364945978652e+02
3.090924369747899618e+02
3.130936374549820016e+02
3.170948379351740982e+02
3.210960384153661380e+02
3.250972388955582346e+02
3.290984393757503312e+02
3.330996398559423710e+02
3.371008403361344676e+02
3.411020408163265643e+02
3.451032412965186040e+02
3.491044417767107007e+02
3.531056422569027973e+02
3.571068427370948370e+02
3.611080432172869337e+02
3.651092436974790303e+02
3.691104441776710701e+02
3.731116446578631667e+02
3.771128451380552633e+02
3.811140456182473031e+02
3.851152460984393997e+02
3.891164465786314963e+02
3.931176470588235361e+02
3.971188475390156327e+02
4.011200480192077293e+02
4.051212484993997691e+02
4.091224489795918657e+02
4.131236494597839624e+02
4.171248499399760021e+02
4.211260504201680988e+02
4.251272509003601954e+02
4.291284513805522352e+02
4.331296518607443318e+02
4.371308523409364284e+02
4.411320528211284682e+02
4.451332533013205648e+02
4.491344537815126614e+02
4.531356542617047012e+02
4.571368547418967978e+02
4.611380552220888376e+02
4.651392557022809342e+02
4.691404561824730308e+02
4.731416566626650706e+02
4.771428571428571672e+02
4.811440576230492638e+02
4.851452581032413036e+02
4.891464585834334002e+02
4.931476590636254969e+02
4.971488595438175366e+02
5.011500600240096333e+02
5.051512605042017299e+02
5.091524609843937696e+02
5.131536614645858663e+02
5.171548619447779629e+02
5.211560624249700595e+02
5.251572629051620424e+02
5.291584633853541391e+02
5.331596638655462357e+02
5.371608643457383323e+02
5.411620648259304289e+02
5.451632653061225255e+02
5.491644657863145085e+02
5.531656662665066051e+02
5.571668667466987017e+02
5.611680672268907983e+02
5.651692677070828950e+02
5.691704681872749916e+02
5.731716686674669745e+02
5.771728691476590711e+02
5.811740696278511678e+02
5.851752701080432644e+02
5.891764705882353610e+02
5.931776710684274576e+02
5.971788715486194405e+02
6.011800720288115372e+02
6.051812725090036338e+02
6.091824729891957304e+02
6.131836734693878270e+02
6.171848739495799236e+02
6.211860744297719066e+02
6.251872749099640032e+02
6.291884753901560998e+02
6.331896758703481964e+02
6.371908763505402931e+02
6.411920768307322760e+02
6.451932773109243726e+02
6.491944777911164692e+02
6.531956782713085659e+02
6.571968787515006625e+02
6.611980792316927591e+02
6.651992797118847420e+02
6.692004801920768386e+02
6.732016806722689353e+02
6.772028811524610319e+02
6.812040816326531285e+02
6.852052821128452251e+02
6.892064825930372081e+02
6.932076830732293047e+02
6.972088835534214013e+02
7.012100840336134979e+02
7.052112845138055945e+02
7.092124849939976912e+02
7.132136854741896741e+02
7.172148859543817707e+02
7.212160864345738673e+02
7.252172869147659640e+02
7.292184873949580606e+02
7.332196878751501572e+02
7.372208883553421401e+02
7.412220888355342368e+02
7.452232893157263334e+02
7.492244897959184300e+02
7.532256902761105266e+02
7.572268907563026232e+02
7.612280912364946062e+02
7.652292917166867028e+02
7.692304921968787994e+02
7.732316926770708960e+02
7.772328931572629926e+02
7.812340936374549756e+02
7.852352941176470722e+02
7.892364945978391688e+02
7.932376950780312654e+02
7.972388955582233621e+02
8.012400960384154587e+02
8.052412965186074416e+02
8.092424969987995382e+02
8.132436974789916349e+02
8.172448979591837315e+02
8.212460984393758281e+02
8.252472989195679247e+02
8.292484993997599076e+02
8.332496998799520043e+02
8.372509003601441009e+02
8.412521008403361975e+02
8.452533013205282941e+02
8.492545018007203907e+02
8.532557022809123737e+02
8.572569027611044703e+02
8.612581032412965669e+02
8.652593037214886635e+02
8.692605042016807602e+02
8.732617046818728568e+02
8.772629051620648397e+02
8.812641056422569363e+02
8.852653061224490330e+02
8.892665066026411296e+02
8.932677070828332262e+02
8.972689075630253228e+02
9.012701080432173057e+02
9.052713085234094024e+02
9.092725090036014990e+02
9.132737094837935956e+02
9.172749099639856922e+02
9.212761104441776752e+02
9.252773109243697718e+02
9.292785114045618684e+02
9.332797118847539650e+02
9.372809123649460616e+02
9.412821128451381583e+02
9.452833133253301412e+02
9.492845138055222378e+02
9.532857142857143344e+02
9.572869147659064311e+02
9.612881152460985277e+02
9.652893157262906243e+02
9.692905162064826072e+02
9.732917166866747039e+02
9.772929171668668005e+02
9.812941176470588971e+02
9.852953181272509937e+02
9.892965186074430903e+02
9.932977190876350733e+02
9.972989195678271699e+02
1.001300120048019267e+03
1.005301320528211363e+03
1.009302521008403460e+03
1.013303721488595556e+03
1.017304921968787539e+03
1.021306122448979636e+03
1.025307322929171733e+03
1.029308523409363715e+03
1.033309723889555926e+03
1.037310924369747909e+03
1.041312124849940119e+03
1.045313325330132102e+03
1.049314525810324085e+03
1.053315726290516295e+03
1.057316926770708278e+03
1.061318127250900488e+03
1.065319327731092471e+03
1.069320528211284682e+03
1.073321728691476665e+03
1.077322929171668648e+03
1.081324129651860858e+03
1.085325330132052841e+03
1.089326530612245051e+03
1.093327731092437034e+03
1.097328931572629017e+03
1.101330132052821227e+03
1.105331332533013210e+03
1.109332533013205421e+03
1.113333733493397403e+03
1.117334933973589614e+03
1.121336134453781597e+03
1.125337334933973580e+03
1.129338535414165790e+03
1.133339735894357773e+03
1.137340936374549983e+03
1.141342136854741966e+03
1.145343337334933949e+03
1.149344537815126159e+03
1.153345738295318142e+03
1.157346938775510353e+03
1.161348139255702336e+03
1.165349339735894318e+03
1.169350540216086529e+03
1.173351740696278512e+03
1.177352941176470722e+03
1.181354141656662705e+03
1.185355342136854915e+03
1.189356542617046898e+03
1.193357743097238881e+03
1.197358943577431091e+03
1.201360144057623074e+03
1.205361344537815285e+03
1.209362545018007268e+03
1.213363745498199251e+03
1.217364945978391461e+03
1.221366146458583444e+03
1.225367346938775654e+03
1.229368547418967637e+03
1.233369747899159847e+03
1.237370948379351830e+03
1.241372148859543813e+03
1.245373349339736023e+03
1.249374549819928006e+03
1.253375750300120217e+03
1.257376950780312200e+03
1.261378151260504183e+03
1.265379351740696393e+03
1.269380552220888376e+03
1.273381752701080586e+03
1.277382953181272569e+03
1.281384153661464552e+03
1.285385354141656762e+03
1.289386554621848745e+03
1.293387755102040956e+03
1.297388955582232938e+03
1.301390156062425149e+03
1.305391356542617132e+03
1.309392557022809115e+03
1.313393757503001325e+03
1.317394957983193308e+03
1.321396158463385518e+03
1.325397358943577501e+03
1.329398559423769484e+03
1.333399759903961694e+03
1.337400960384153677e+03
1.341402160864345888e+03
1.345403361344537871e+03
1.349404561824730081e+03
1.353405762304922064e+03
1.357406962785114047e+03
1.361408163265306257e+03
1.365409363745498240e+03
1.369410564225690450e+03
1.373411764705882433e+03
1.377412965186074416e+03
1.381414165666266626e+03
1.385415366146458609e+03
1.389416566626650820e+03
1.393417767106842803e+03
1.397418967587035013e+03
1.401420168067226996e+03
1.405421368547418979e+03
1.409422569027611189e+03
1.413423769507803172e+03
1.417424969987995382e+03
1.421426170468187365e+03
1.425427370948379348e+03
1.429428571428571558e+03
1.433429771908763541e+03
1.437430972388955752e+03
1.441432172869147735e+03
1.445433373349339718e+03
1.449434573829531928e+03
1.453435774309723911e+03
1.457436974789916121e+03
1.461438175270108104e+03
1.465439375750300314e+03
1.469440576230492297e+03
1.473441776710684280e+03
1.477442977190876491e+03
1.481444177671068474e+03
1.485445378151260684e+03
1.489446578631452667e+03
1.493447779111644650e+03
1.497448979591836860e+03
1.501450180072028843e+03
1.505451380552221053e+03
1.509452581032413036e+03
1.513453781512605246e+03
1.517454981992797229e+03
1.521456182472989212e+03
1.525457382953181423e+03
1.529458583433373406e+03
1.533459783913565616e+03
1.537460984393757599e+03
1.541462184873949582e+03
1.545463385354141792e+03
1.549464585834333775e+03
1.553465786314525985e+03
1.557466986794717968e+03
1.561468187274909951e+03
1.565469387755102161e+03
1.569470588235294144e+03
1.573471788715486355e+03
1.577472989195678338e+03
1.581474189675870548e+03
1.585475390156062531e+03
1.589476590636254514e+03
1.593477791116446724e+03
1.597478991596638707e+03
1.601480192076830917e+03
1.605481392557022900e+03
1.609482593037214883e+03
1.613483793517407094e+03
1.617484993997599076e+03
1.621486194477791287e+03
1.625487394957983270e+03
1.629488595438175480e+03
1.633489795918367463e+03
1.637490996398559446e+03
1.641492196878751656e+03
1.645493397358943639e+03
1.649494597839135849e+03
1.653495798319327832e+03
1.657496998799519815e+03
1.661498199279712026e+03
1.665499399759904009e+03
1.669500600240096219e+03
1.673501800720288202e+03
1.677503001200480185e+03
1.681504201680672395e+03
1.685505402160864378e+03
1.689506602641056588e+03
1.693507803121248571e+03
1.697509003601440781e+03
1.701510204081632764e+03
1.705511404561824747e+03
1.709512605042016958e+03
1.713513805522208941e+03
1.717515006002401151e+03
1.721516206482593134e+03
1.725517406962785117e+03
1.729518607442977327e+03
1.733519807923169310e+03
1.737521008403361520e+03
1.741522208883553503e+03
1.745523409363745714e+03
1.749524609843937696e+03
1.753525810324129679e+03
1.757527010804321890e+03
1.761528211284513873e+03
1.765529411764706083e+03
1.769530612244898066e+03
1.773531812725090049e+03
1.777533013205282259e+03
1.781534213685474242e+03
1.785535414165666452e+03
1.789536614645858435e+03
1.793537815126050646e+03
1.797539015606242629e+03
1.801540216086434611e+03
1.805541416566626822e+03
1.809542617046818805e+03
1.813543817527011015e+03
1.817545018007202998e+03
1.821546218487394981e+03
1.825547418967587191e+03
1.829548619447779174e+03
1.833549819927971384e+03
1.837551020408163367e+03
1.841552220888355350e+03
1.845553421368547561e+03
1.849554621848739544e+03
1.853555822328931754e+03
1.857557022809123737e+03
1.861558223289315947e+03
1.865559423769507930e+03
1.869560624249699913e+03
1.873561824729892123e+03
1.877563025210084106e+03
1.881564225690276317e+03
1.885565426170468299e+03
1.889566626650660282e+03
1.893567827130852493e+03
1.897569027611044476e+03
1.901570228091236686e+03
1.905571428571428669e+03
1.909572629051620879e+03
1.913573829531812862e+03
1.917575030012004845e+03
1.921576230492197055e+03
1.925577430972389038e+03
1.929578631452581249e+03
1.933579831932773232e+03
1.937581032412965214e+03
1.941582232893157425e+03
1.945583433373349408e+03
1.949584633853541618e+03
1.953585834333733601e+03
1.957587034813925584e+03
1.961588235294117794e+03
1.965589435774309777e+03
1.969590636254501987e+03
1.973591836734693970e+03
1.977593037214886181e+03
1.981594237695078164e+03
1.985595438175270147e+03
1.989596638655462357e+03
1.993597839135654340e+03
1.997599039615846550e+03
2.001600240096038533e+03
2.005601440576230516e+03
2.009602641056422726e+03
2.013603841536614709e+03
2.017605042016806919e+03
2.021606242496998902e+03
2.025607442977191113e+03
2.029608643457383096e+03
2.033609843937575079e+03
2.037611044417767289e+03
2.041612244897959272e+03
2.045613445378151482e+03
2.049614645858343465e+03
2.053615846338535448e+03
2.057617046818727431e+03
2.061618247298919869e+03
2.065619447779111852e+03
2.069620648259303834e+03
2.073621848739495817e+03
2.077623049219687800e+03
2.081624249699880238e+03
2.085625450180072221e+03
2.089626650660264204e+03
2.093627851140456187e+03
2.097629051620648170e+03
2.101630252100840607e+03
2.105631452581032590e+03
2.109632653061224573e+03
2.113633853541416556e+03
2.117635054021608994e+03
2.121636254501800977e+03
2.125637454981992960e+03
2.129638655462184943e+03
2.133639855942376926e+03
2.137641056422569363e+03
2.141642256902761346e+03
2.145643457382953329e+03
2.149644657863145312e+03
2.153645858343337295e+03
2.157647058823529733e+03
2.161648259303721716e+03
2.165649459783913699e+03
2.169650660264105682e+03
2.173651860744297664e+03
2.177653061224490102e+03
2.181654261704682085e+03
2.185655462184874068e+03
2.189656662665066051e+03
2.193657863145258034e+03
2.197659063625450472e+03
2.201660264105642455e+03
2.205661464585834437e+03
2.209662665066026420e+03
2.213663865546218403e+03
2.217665066026410841e+03
2.221666266506602824e+03
2.225667466986794807e+03
2.229668667466986790e+03
2.233669867947179227e+03
2.237671068427371210e+03
2.241672268907563193e+03
2.245673469387755176e+03
2.249674669867947159e+03
2.253675870348139597e+03
2.257677070828331580e+03
2.261678271308523563e+03
2.265679471788715546e+03
2.269680672268907529e+03
2.273681872749099966e+03
2.277683073229291949e+03
2.281684273709483932e+03
2.285685474189675915e+03
2.289686674669867898e+03
2.293687875150060336e+03
2.297689075630252319e+03
2.301690276110444302e+03
2.305691476590636285e+03
2.309692677070828267e+03
2.313693877551020705e+03
2.317695078031212688e+03
2.321696278511404671e+03
2.325697478991596654e+03
2.329698679471788637e+03
2.333699879951981075e+03
2.337701080432173057e+03
2.341702280912365040e+03
2.345703481392557023e+03
2.349704681872749461e+03
2.353705882352941444e+03
2.357707082833133427e+03
2.361708283313325410e+03
2.365709483793517393e+03
2.369710684273709830e+03
2.373711884753901813e+03
2.377713085234093796e+03
2.381714285714285779e+03
2.385715486194477762e+03
2.389716686674670200e+03
2.393717887154862183e+03
2.397719087635054166e+03
2.401720288115246149e+03
2.405721488595438132e+03
2.409722689075630569e+03
2.413723889555822552e+03
2.417725090036014535e+03
2.421726290516206518e+03
2.425727490996398501e+03
2.429728691476590939e+03
2.433729891956782922e+03
2.437731092436974905e+03
2.441732292917166887e+03
2.445733493397358870e+03
2.449734693877551308e+03
2.453735894357743291e+03
2.457737094837935274e+03
2.461738295318127257e+03
2.465739495798319695e+03
2.469740696278511678e+03
2.473741896758703660e+03
2.477743097238895643e+03
2.481744297719087626e+03
2.485745498199280064e+03
2.489746698679472047e+03
2.493747899159664030e+03
2.497749099639856013e+03
2.501750300120047996e+03
2.505751500600240433e+03
2.509752701080432416e+03
2.513753901560624399e+03
2.517755102040816382e+03
2.521756302521008365e+03
2.525757503001200803e+03
2.529758703481392786e+03
2.533759903961584769e+03
2.537761104441776752e+03
2.541762304921968735e+03
2.545763505402161172e+03
2.549764705882353155e+03
2.553765906362545138e+03
2.557767106842737121e+03
2.561768307322929104e+03
2.565769507803121542e+03
2.569770708283313525e+03
2.573771908763505508e+03
2.577773109243697490e+03
2.581774309723889928e+03
2.585775510204081911e+03
2.589776710684273894e+03
2.593777911164465877e+03
2.597779111644657860e+03
2.601780312124850298e+03
2.605781512605042280e+03
2.609782713085234263e+03
2.613783913565426246e+03
2.617785114045618229e+03
2.621786314525810667e+03
2.625787515006002650e+03
2.629788715486194633e+03
2.633789915966386616e+03
2.637791116446578599e+03
2.641792316926771036e+03
2.645793517406963019e+03
2.649794717887155002e+03
2.653795918367346985e+03
2.657797118847538968e+03
2.661798319327731406e+03
2.665799519807923389e+03
2.669800720288115372e+03
2.673801920768307355e+03
2.677803121248499792e+03
2.681804321728691775e+03
2.685805522208883758e+03
2.689806722689075741e+03
2.693807923169267724e+03
2.697809123649460162e+03
2.701810324129652145e+03
2.705811524609844128e+03
2.709812725090036110e+03
2.713813925570228093e+03
2.717815126050420531e+03
2.721816326530612514e+03
2.725817527010804497e+03
2.729818727490996480e+03
2.733819927971188463e+03
2.737821128451380901e+03
2.741822328931572883e+03
2.745823529411764866e+03
2.749824729891956849e+03
2.753825930372148832e+03
2.757827130852341270e+03
2.761828331332533253e+03
2.765829531812725236e+03
2.769830732292917219e+03
2.773831932773109202e+03
2.777833133253301639e+03
2.781834333733493622e+03
2.785835534213685605e+03
2.789836734693877588e+03
2.793837935174070026e+03
2.797839135654262009e+03
2.801840336134453992e+03
2.805841536614645975e+03
2.809842737094837958e+03
2.813843937575030395e+03
2.817845138055222378e+03
2.821846338535414361e+03
2.825847539015606344e+03
2.829848739495798327e+03
2.833849939975990765e+03
2.837851140456182748e+03
2.841852340936374731e+03
2.845853541416566713e+03
2.849854741896758696e+03
2.853855942376951134e+03
2.857857142857143117e+03
2.861858343337335100e+03
2.865859543817527083e+03
2.869860744297719066e+03
2.873861944777911503e+03
2.877863145258103486e+03
2.881864345738295469e+03
2.885865546218487452e+03
2.889866746698679435e+03
2.893867947178871873e+03
2.897869147659063856e+03
2.901870348139255839e+03
2.905871548619447822e+03
2.909872749099640259e+03
2.913873949579832242e+03
2.917875150060024225e+03
2.921876350540216208e+03
2.925877551020408191e+03
2.929878751500600629e+03
2.933879951980792612e+03
2.937881152460984595e+03
2.941882352941176578e+03
2.945883553421368561e+03
2.949884753901560998e+03
2.953885954381752981e+03
2.957887154861944964e+03
2.961888355342136947e+03
2.965889555822328930e+03
2.969890756302521368e+03
2.973891956782713351e+03
2.977893157262905333e+03
2.981894357743097316e+03
2.985895558223289299e+03
2.989896758703481737e+03
2.993897959183673720e+03
2.997899159663865703e+03
3.001900360144057686e+03
3.005901560624249669e+03
3.009902761104442106e+03
3.013903961584634089e+03
3.017905162064826072e+03
3.021906362545018055e+03
3.025907563025210493e+03
3.029908763505402476e+03
3.033909963985594459e+03
3.037911164465786442e+03
3.041912364945978425e+03
3.045913565426170862e+03
3.049914765906362845e+03
3.053915966386554828e+03
3.057917166866746811e+03
3.061918367346938794e+03
3.065919567827131232e+03
3.069920768307323215e+03
3.073921968787515198e+03
3.077923169267707181e+03
3.081924369747899163e+03
3.085925570228091601e+03
3.089926770708283584e+03
3.093927971188475567e+03
3.097929171668667550e+03
3.101930372148859533e+03
3.105931572629051971e+03
3.109932773109243954e+03
3.113933973589435936e+03
3.117935174069627919e+03
3.121936374549819902e+03
3.125937575030012340e+03
3.129938775510204323e+03
3.133939975990396306e+03
3.137941176470588289e+03
3.141942376950780726e+03
3.145943577430972709e+03
3.149944777911164692e+03
3.153945978391356675e+03
3.157947178871548658e+03
3.161948379351741096e+03
3.165949579831933079e+03
3.169950780312125062e+03
3.173951980792317045e+03
3.177953181272509028e+03
3.181954381752701465e+03
3.185955582232893448e+03
3.189956782713085431e+03
3.193957983193277414e+03
3.197959183673469397e+03
3.201960384153661835e+03
3.205961584633853818e+03
3.209962785114045801e+03
3.213963985594237784e+03
3.217965186074429766e+03
3.221966386554622204e+03
3.225967587034814187e+03
3.229968787515006170e+03
3.233969987995198153e+03
3.237971188475390136e+03
3.241972388955582574e+03
3.245973589435774556e+03
3.249974789915966539e+03
3.253975990396158522e+03
3.257977190876350960e+03
3.261978391356542943e+03
3.265979591836734926e+03
3.269980792316926909e+03
3.273981992797118892e+03
3.277983193277311329e+03
3.281984393757503312e+03
3.285985594237695295e+03
3.289986794717887278e+03
3.293987995198079261e+03
3.297989195678271699e+03
3.301990396158463682e+03
3.305991596638655665e+03
3.309992797118847648e+03
3.313993997599039631e+03
3.317995198079232068e+03
3.321996398559424051e+03
3.325997599039616034e+03
3.329998799519808017e+03
3.334000000000000000e+03
3.338001200480192438e+03
3.342002400960384421e+03
3.346003601440576404e+03
3.350004801920768386e+03
3.354006002400960369e+03
3.358007202881152807e+03
3.362008403361344790e+03
3.366009603841536773e+03
3.370010804321728756e+03
3.374012004801921194e+03
3.378013205282113177e+03
3.382014405762305159e+03
3.386015606242497142e+03
3.390016806722689125e+03
3.394018007202881563e+03
3.398019207683073546e+03
3.402020408163265529e+03
3.406021608643457512e+03
3.410022809123649495e+03
3.414024009603841932e+03
3.418025210084033915e+03
3.422026410564225898e+03
3.426027611044417881e+03
3.430028811524609864e+03
3.434030012004802302e+03
3.438031212484994285e+03
3.442032412965186268e+03
3.446033613445378251e+03
3.450034813925570234e+03
3.454036014405762671e+03
3.458037214885954654e+03
3.462038415366146637e+03
3.466039615846338620e+03
3.470040816326530603e+03
3.474042016806723041e+03
3.478043217286915024e+03
3.482044417767107007e+03
3.486045618247298989e+03
3.490046818727491427e+03
3.494048019207683410e+03
3.498049219687875393e+03
3.502050420168067376e+03
3.506051620648259359e+03
3.510052821128451797e+03
3.514054021608643779e+03
3.518055222088835762e+03
3.522056422569027745e+03
3.526057623049219728e+03
3.530058823529412166e+03
3.534060024009604149e+03
3.538061224489796132e+03
3.542062424969988115e+03
3.546063625450180098e+03
3.550064825930372535e+03
3.554066026410564518e+03
3.558067226890756501e+03
3.562068427370948484e+03
3.566069627851140467e+03
3.570070828331332905e+03
3.574072028811524888e+03
3.578073229291716871e+03
3.582074429771908854e+03
3.586075630252101291e+03
3.590076830732293274e+03
3.594078031212485257e+03
3.598079231692677240e+03
3.602080432172869223e+03
3.606081632653061661e+03
3.610082833133253644e+03
3.614084033613445627e+03
3.618085234093637609e+03
3.622086434573829592e+03
3.626087635054022030e+03
3.630088835534214013e+03
3.634090036014405996e+03
3.638091236494597979e+03
3.642092436974789962e+03
3.646093637454982400e+03
3.650094837935174382e+03
3.654096038415366365e+03
3.658097238895558348e+03
3.662098439375750331e+03
3.666099639855942769e+03
3.670100840336134752e+03
3.674102040816326735e+03
3.678103241296518718e+03
3.682104441776710701e+03
3.686105642256903138e+03
3.690106842737095121e+03
3.694108043217287104e+03
3.698109243697479087e+03
3.702110444177671525e+03
3.706111644657863508e+03
3.710112845138055491e+03
3.714114045618247474e+03
3.718115246098439457e+03
3.722116446578631894e+03
3.726117647058823877e+03
3.730118847539015860e+03
3.734120048019207843e+03
3.738121248499399826e+03
3.742122448979592264e+03
3.746123649459784247e+03
3.750124849939976230e+03
3.754126050420168212e+03
3.758127250900360195e+03
3.762128451380552633e+03
3.766129651860744616e+03
3.770130852340936599e+03
3.774132052821128582e+03
3.778133253301320565e+03
3.782134453781513002e+03
3.786135654261704985e+03
3.790136854741896968e+03
3.794138055222088951e+03
3.798139255702280934e+03
3.802140456182473372e+03
3.806141656662665355e+03
3.810142857142857338e+03
3.814144057623049321e+03
3.818145258103241758e+03
3.822146458583433741e+03
3.826147659063625724e+03
3.830148859543817707e+03
3.834150060024009690e+03
3.838151260504202128e+03
3.842152460984394111e+03
3.846153661464586094e+03
3.850154861944778077e+03
3.854156062424970060e+03
3.858157262905162497e+03
3.862158463385354480e+03
3.866159663865546463e+03
3.870160864345738446e+03
3.874162064825930429e+03
3.878163265306122867e+03
3.882164465786314850e+03
3.886165666266506832e+03
3.890166866746698815e+03
3.894168067226890798e+03
3.898169267707083236e+03
3.902170468187275219e+03
3.906171668667467202e+03
3.910172869147659185e+03
3.914174069627851168e+03
3.918175270108043605e+03
3.922176470588235588e+03
3.926177671068427571e+03
3.930178871548619554e+03
3.934180072028811992e+03
3.938181272509003975e+03
3.942182472989195958e+03
3.946183673469387941e+03
3.950184873949579924e+03
3.954186074429772361e+03
3.958187274909964344e+03
3.962188475390156327e+03
3.966189675870348310e+03
3.970190876350540293e+03
3.974192076830732731e+03
3.978193277310924714e+03
3.982194477791116697e+03
3.986195678271308680e+03
3.990196878751500662e+03
3.994198079231693100e+03
3.998199279711885083e+03
4.002200480192077066e+03
4.006201680672269049e+03
4.010202881152461032e+03
4.014204081632653470e+03
4.018205282112845453e+03
4.022206482593037435e+03
4.026207683073229418e+03
4.030208883553421401e+03
4.034210084033613839e+03
4.038211284513805822e+03
4.042212484993997805e+03
4.046213685474189788e+03
4.050214885954382225e+03
4.054216086434574208e+03
4.058217286914766191e+03
4.062218487394958174e+03
4.066219687875150157e+03
4.070220888355342595e+03
4.074222088835534578e+03
4.078223289315726561e+03
4.082224489795918544e+03
4.086225690276110527e+03
4.090226890756302964e+03
4.094228091236494947e+03
4.098229291716686930e+03
4.102230492196878913e+03
4.106231692677070896e+03
4.110232893157262879e+03
4.114234093637454862e+03
4.118235294117647754e+03
4.122236494597839737e+03
4.126237695078031720e+03
4.130238895558223703e+03
4.134240096038415686e+03
4.138241296518607669e+03
4.142242496998799652e+03
4.146243697478991635e+03
4.150244897959183618e+03
4.154246098439375601e+03
4.158247298919568493e+03
4.162248499399760476e+03
4.166249699879952459e+03
4.170250900360144442e+03
4.174252100840336425e+03
4.178253301320528408e+03
4.182254501800720391e+03
4.186255702280912374e+03
4.190256902761104357e+03
4.194258103241296340e+03
4.198259303721489232e+03
4.202260504201681215e+03
4.206261704681873198e+03
4.210262905162065181e+03
4.214264105642257164e+03
4.218265306122449147e+03
4.222266506602641130e+03
4.226267707082833113e+03
4.230268907563025095e+03
4.234270108043217988e+03
4.238271308523409971e+03
4.242272509003601954e+03
4.246273709483793937e+03
4.250274909963985920e+03
4.254276110444177903e+03
4.258277310924369885e+03
4.262278511404561868e+03
4.266279711884753851e+03
4.270280912364945834e+03
4.274282112845138727e+03
4.278283313325330710e+03
4.282284513805522693e+03
4.286285714285714675e+03
4.290286914765906658e+03
4.294288115246098641e+03
4.298289315726290624e+03
4.302290516206482607e+03
4.306291716686674590e+03
4.310292917166866573e+03
4.314294117647059466e+03
4.318295318127251448e+03
4.322296518607443431e+03
4.326297719087635414e+03
4.330298919567827397e+03
4.334300120048019380e+03
4.338301320528211363e+03
4.342302521008403346e+03
4.346303721488595329e+03
4.350304921968788221e+03
4.354306122448980204e+03
4.358307322929172187e+03
4.362308523409364170e+03
4.366309723889556153e+03
4.370310924369748136e+03
4.374312124849940119e+03
4.378313325330132102e+03
4.382314525810324085e+03
4.386315726290516068e+03
4.390316926770708960e+03
4.394318127250900943e+03
4.398319327731092926e+03
4.402320528211284909e+03
4.406321728691476892e+03
4.410322929171668875e+03
4.414324129651860858e+03
4.418325330132052841e+03
4.422326530612244824e+03
4.426327731092436807e+03
4.430328931572629699e+03
4.434330132052821682e+03
4.438331332533013665e+03
4.442332533013205648e+03
4.446333733493397631e+03
4.450334933973589614e+03
4.454336134453781597e+03
4.458337334933973580e+03
4.462338535414165563e+03
4.466339735894358455e+03
4.470340936374550438e+03
4.474342136854742421e+03
4.478343337334934404e+03
4.482344537815126387e+03
4.486345738295318370e+03
4.490346938775510353e+03
4.494348139255702336e+03
4.498349339735894318e+03
4.502350540216086301e+03
4.506351740696279194e+03
4.510352941176471177e+03
4.514354141656663160e+03
4.518355342136855143e+03
4.522356542617047126e+03
4.526357743097239108e+03
4.530358943577431091e+03
4.534360144057623074e+03
4.538361344537815057e+03
4.542362545018007040e+03
4.546363745498199933e+03
4.550364945978391916e+03
4.554366146458583898e+03
4.558367346938775881e+03
4.562368547418967864e+03
4.566369747899159847e+03
4.570370948379351830e+03
4.574372148859543813e+03
4.578373349339735796e+03
4.582374549819928689e+03
4.586375750300120671e+03
4.590376950780312654e+03
4.594378151260504637e+03
4.598379351740696620e+03
4.602380552220888603e+03
4.606381752701080586e+03
4.610382953181272569e+03
4.614384153661464552e+03
4.618385354141656535e+03
4.622386554621849427e+03
4.626387755102041410e+03
4.630388955582233393e+03
4.634390156062425376e+03
4.638391356542617359e+03
4.642392557022809342e+03
4.646393757503001325e+03
4.650394957983193308e+03
4.654396158463385291e+03
4.658397358943577274e+03
4.662398559423770166e+03
4.666399759903962149e+03
4.670400960384154132e+03
4.674402160864346115e+03
4.678403361344538098e+03
4.682404561824730081e+03
4.686405762304922064e+03
4.690406962785114047e+03
4.694408163265306030e+03
4.698409363745498922e+03
4.702410564225690905e+03
4.706411764705882888e+03
4.710412965186074871e+03
4.714414165666266854e+03
4.718415366146458837e+03
4.722416566626650820e+03
4.726417767106842803e+03
4.730418967587034786e+03
4.734420168067226768e+03
4.738421368547419661e+03
4.742422569027611644e+03
4.746423769507803627e+03
4.750424969987995610e+03
4.754426170468187593e+03
4.758427370948379576e+03
4.762428571428571558e+03
4.766429771908763541e+03
4.770430972388955524e+03
4.774432172869147507e+03
4.778433373349340400e+03
4.782434573829532383e+03
4.786435774309724366e+03
4.790436974789916349e+03
4.794438175270108331e+03
4.798439375750300314e+03
4.802440576230492297e+03
4.806441776710684280e+03
4.810442977190876263e+03
4.814444177671069156e+03
4.818445378151261139e+03
4.822446578631453121e+03
4.826447779111645104e+03
4.830448979591837087e+03
4.834450180072029070e+03
4.838451380552221053e+03
4.842452581032413036e+03
4.846453781512605019e+03
4.850454981992797002e+03
4.854456182472989894e+03
4.858457382953181877e+03
4.862458583433373860e+03
4.866459783913565843e+03
4.870460984393757826e+03
4.874462184873949809e+03
4.878463385354141792e+03
4.882464585834333775e+03
4.886465786314525758e+03
4.890466986794717741e+03
4.894468187274910633e+03
4.898469387755102616e+03
4.902470588235294599e+03
4.906471788715486582e+03
4.910472989195678565e+03
4.914474189675870548e+03
4.918475390156062531e+03
4.922476590636254514e+03
4.926477791116446497e+03
4.930478991596639389e+03
4.934480192076831372e+03
4.938481392557023355e+03
4.942482593037215338e+03
4.946483793517407321e+03
4.950484993997599304e+03
4.954486194477791287e+03
4.958487394957983270e+03
4.962488595438175253e+03
4.966489795918367236e+03
4.970490996398560128e+03
4.974492196878752111e+03
4.978493397358944094e+03
4.982494597839136077e+03
4.986495798319328060e+03
4.990496998799520043e+03
4.994498199279712026e+03
4.998499399759904009e+03
5.002500600240095991e+03
5.006501800720287974e+03
5.010503001200480867e+03
5.014504201680672850e+03
5.018505402160864833e+03
5.022506602641056816e+03
5.026507803121248799e+03
5.030509003601440781e+03
5.034510204081632764e+03
5.038511404561824747e+03
5.042512605042016730e+03
5.046513805522209623e+03
5.050515006002401606e+03
5.054516206482593589e+03
5.058517406962785572e+03
5.062518607442977554e+03
5.066519807923169537e+03
5.070521008403361520e+03
5.074522208883553503e+03
5.078523409363745486e+03
5.082524609843937469e+03
5.086525810324130362e+03
5.090527010804322344e+03
5.094528211284514327e+03
5.098529411764706310e+03
5.102530612244898293e+03
5.106531812725090276e+03
5.110533013205282259e+03
5.114534213685474242e+03
5.118535414165666225e+03
5.122536614645858208e+03
5.126537815126051100e+03
5.130539015606243083e+03
5.134540216086435066e+03
5.138541416566627049e+03
5.142542617046819032e+03
5.146543817527011015e+03
5.150545018007202998e+03
5.154546218487394981e+03
5.158547418967586964e+03
5.162548619447779856e+03
5.166549819927971839e+03
5.170551020408163822e+03
5.174552220888355805e+03
5.178553421368547788e+03
5.182554621848739771e+03
5.186555822328931754e+03
5.190557022809123737e+03
5.194558223289315720e+03
5.198559423769507703e+03
5.202560624249700595e+03
5.206561824729892578e+03
5.210563025210084561e+03
5.214564225690276544e+03
5.218565426170468527e+03
5.222566626650660510e+03
5.226567827130852493e+03
5.230569027611044476e+03
5.234570228091236459e+03
5.238571428571429351e+03
5.242572629051621334e+03
5.246573829531813317e+03
5.250575030012005300e+03
5.254576230492197283e+03
5.258577430972389266e+03
5.262578631452581249e+03
5.266579831932773232e+03
5.270581032412965214e+03
5.274582232893157197e+03
5.278583433373350090e+03
5.282584633853542073e+03
5.286585834333734056e+03
5.290587034813926039e+03
5.294588235294118022e+03
5.298589435774310004e+03
5.302590636254501987e+03
5.306591836734693970e+03
5.310593037214885953e+03
5.314594237695077936e+03
5.318595438175270829e+03
5.322596638655462812e+03
5.326597839135654795e+03
5.330599039615846777e+03
5.334600240096038760e+03
5.338601440576230743e+03
5.342602641056422726e+03
5.346603841536614709e+03
5.350605042016806692e+03
5.354606242496999585e+03
5.358607442977191567e+03
5.362608643457383550e+03
5.366609843937575533e+03
5.370611044417767516e+03
5.374612244897959499e+03
5.378613445378151482e+03
5.382614645858343465e+03
5.386615846338535448e+03
5.390617046818727431e+03
5.394618247298920323e+03
5.398619447779112306e+03
5.402620648259304289e+03
5.406621848739496272e+03
5.410623049219688255e+03
5.414624249699880238e+03
5.418625450180072221e+03
5.422626650660264204e+03
5.426627851140456187e+03
5.430629051620648170e+03
5.434630252100841062e+03
5.438631452581033045e+03
5.442632653061225028e+03
5.446633853541417011e+03
5.450635054021608994e+03
5.454636254501800977e+03
5.458637454981992960e+03
5.462638655462184943e+03
5.466639855942376926e+03
5.470641056422569818e+03
5.474642256902761801e+03
5.478643457382953784e+03
5.482644657863145767e+03
5.486645858343337750e+03
5.490647058823529733e+03
5.494648259303721716e+03
5.498649459783913699e+03
5.502650660264105682e+03
5.506651860744297664e+03
5.510653061224490557e+03
5.514654261704682540e+03
5.518655462184874523e+03
5.522656662665066506e+03
5.526657863145258489e+03
5.530659063625450472e+03
5.534660264105642455e+03
5.538661464585834437e+03
5.542662665066026420e+03
5.546663865546218403e+03
5.550665066026411296e+03
5.554666266506603279e+03
5.558667466986795262e+03
5.562668667466987245e+03
5.566669867947179227e+03
5.570671068427371210e+03
5.574672268907563193e+03
5.578673469387755176e+03
5.582674669867947159e+03
5.586675870348140052e+03
5.590677070828332035e+03
5.594678271308524018e+03
5.598679471788716000e+03
5.602680672268907983e+03
5.606681872749099966e+03
5.610683073229291949e+03
5.614684273709483932e+03
5.618685474189675915e+03
5.622686674669867898e+03
5.626687875150060790e+03
5.630689075630252773e+03
5.634690276110444756e+03
5.638691476590636739e+03
5.642692677070828722e+03
5.646693877551020705e+03
5.650695078031212688e+03
5.654696278511404671e+03
5.658697478991596654e+03
5.662698679471788637e+03
5.666699879951981529e+03
5.670701080432173512e+03
5.674702280912365495e+03
5.678703481392557478e+03
5.682704681872749461e+03
5.686705882352941444e+03
5.690707082833133427e+03
5.694708283313325410e+03
5.698709483793517393e+03
5.702710684273710285e+03
5.706711884753902268e+03
5.710713085234094251e+03
5.714714285714286234e+03
5.718715486194478217e+03
5.722716686674670200e+03
5.726717887154862183e+03
5.730719087635054166e+03
5.734720288115246149e+03
5.738721488595438132e+03
5.742722689075631024e+03
5.746723889555823007e+03
5.750725090036014990e+03
5.754726290516206973e+03
5.758727490996398956e+03
5.762728691476590939e+03
5.766729891956782922e+03
5.770731092436974905e+03
5.774732292917166887e+03
5.778733493397358870e+03
5.782734693877551763e+03
5.786735894357743746e+03
5.790737094837935729e+03
5.794738295318127712e+03
5.798739495798319695e+03
5.802740696278511678e+03
5.806741896758703660e+03
5.810743097238895643e+03
5.814744297719087626e+03
5.818745498199280519e+03
5.822746698679472502e+03
5.826747899159664485e+03
5.830749099639856468e+03
5.834750300120048450e+03
5.838751500600240433e+03
5.842752701080432416e+03
5.846753901560624399e+03
5.850755102040816382e+03
5.854756302521008365e+03
5.858757503001201258e+03
5.862758703481393241e+03
5.866759903961585223e+03
5.870761104441777206e+03
5.874762304921969189e+03
5.878763505402161172e+03
5.882764705882353155e+03
5.886765906362545138e+03
5.890767106842737121e+03
5.894768307322929104e+03
5.898769507803121996e+03
5.902770708283313979e+03
5.906771908763505962e+03
5.910773109243697945e+03
5.914774309723889928e+03
5.918775510204081911e+03
5.922776710684273894e+03
5.926777911164465877e+03
5.930779111644657860e+03
5.934780312124850752e+03
5.938781512605042735e+03
5.942782713085234718e+03
5.946783913565426701e+03
5.950785114045618684e+03
5.954786314525810667e+03
5.958787515006002650e+03
5.962788715486194633e+03
5.966789915966386616e+03
5.970791116446578599e+03
5.974792316926771491e+03
5.978793517406963474e+03
5.982794717887155457e+03
5.986795918367347440e+03
5.990797118847539423e+03
5.994798319327731406e+03
5.998799519807923389e+03
6.002800720288115372e+03
6.006801920768307355e+03
6.010803121248499338e+03
6.014804321728692230e+03
6.018805522208884213e+03
6.022806722689076196e+03
6.026807923169268179e+03
6.030809123649460162e+03
6.034810324129652145e+03
6.038811524609844128e+03
6.042812725090036110e+03
6.046813925570228093e+03
6.050815126050420986e+03
6.054816326530612969e+03
6.058817527010804952e+03
6.062818727490996935e+03
6.066819927971188918e+03
6.070821128451380901e+03
6.074822328931572883e+03
6.078823529411764866e+03
6.082824729891956849e+03
6.086825930372148832e+03
6.090827130852341725e+03
6.094828331332533708e+03
6.098829531812725691e+03
6.102830732292917673e+03
6.106831932773109656e+03
6.110833133253301639e+03
6.114834333733493622e+03
6.118835534213685605e+03
6.122836734693877588e+03
6.126837935174069571e+03
6.130839135654262464e+03
6.134840336134454446e+03
6.138841536614646429e+03
6.142842737094838412e+03
6.146843937575030395e+03
6.150845138055222378e+03
6.154846338535414361e+03
6.158847539015606344e+03
6.162848739495798327e+03
6.166849939975991219e+03
6.170851140456183202e+03
6.174852340936375185e+03
6.178853541416567168e+03
6.182854741896759151e+03
6.186855942376951134e+03
6.190857142857143117e+03
6.194858343337335100e+03
6.198859543817527083e+03
6.202860744297719066e+03
6.206861944777911958e+03
6.210863145258103941e+03
6.214864345738295924e+03
6.218865546218487907e+03
6.222866746698679890e+03
6.226867947178871873e+03
6.230869147659063856e+03
6.234870348139255839e+03
6.238871548619447822e+03
6.242872749099639805e+03
6.246873949579832697e+03
6.250875150060024680e+03
6.254876350540216663e+03
6.258877551020408646e+03
6.262878751500600629e+03
6.266879951980792612e+03
6.270881152460984595e+03
6.274882352941176578e+03
6.278883553421368561e+03
6.282884753901561453e+03
6.286885954381753436e+03
6.290887154861945419e+03
6.294888355342137402e+03
6.298889555822329385e+03
6.302890756302521368e+03
6.306891956782713351e+03
6.310893157262905333e+03
6.314894357743097316e+03
6.318895558223289299e+03
6.322896758703482192e+03
6.326897959183674175e+03
6.330899159663866158e+03
6.334900360144058141e+03
6.338901560624250124e+03
6.342902761104442106e+03
6.346903961584634089e+03
6.350905162064826072e+03
6.354906362545018055e+03
6.358907563025210038e+03
6.362908763505402931e+03
6.366909963985594914e+03
6.370911164465786896e+03
6.374912364945978879e+03
6.378913565426170862e+03
6.382914765906362845e+03
6.386915966386554828e+03
6.390917166866746811e+03
6.394918367346938794e+03
6.398919567827131686e+03
6.402920768307323669e+03
6.406921968787515652e+03
6.410923169267707635e+03
6.414924369747899618e+03
6.418925570228091601e+03
6.422926770708283584e+03
6.426927971188475567e+03
6.430929171668667550e+03
6.434930372148859533e+03
6.438931572629052425e+03
6.442932773109244408e+03
6.446933973589436391e+03
6.450935174069628374e+03
6.454936374549820357e+03
6.458937575030012340e+03
6.462938775510204323e+03
6.466939975990396306e+03
6.470941176470588289e+03
6.474942376950780272e+03
6.478943577430973164e+03
6.482944777911165147e+03
6.486945978391357130e+03
6.490947178871549113e+03
6.494948379351741096e+03
6.498949579831933079e+03
6.502950780312125062e+03
6.506951980792317045e+03
6.510953181272509028e+03
6.514954381752701920e+03
6.518955582232893903e+03
6.522956782713085886e+03
6.526957983193277869e+03
6.530959183673469852e+03
6.534960384153661835e+03
6.538961584633853818e+03
6.542962785114045801e+03
6.546963985594237784e+03
6.550965186074429766e+03
6.554966386554622659e+03
6.558967587034814642e+03
6.562968787515006625e+03
6.566969987995198608e+03
6.570971188475390591e+03
6.574972388955582574e+03
6.578973589435774556e+03
6.582974789915966539e+03
6.586975990396158522e+03
6.590977190876350505e+03
6.594978391356543398e+03
6.598979591836735381e+03
6.602980792316927364e+03
6.606981992797119347e+03
6.610983193277311329e+03
6.614984393757503312e+03
6.618985594237695295e+03
6.622986794717887278e+03
6.626987995198079261e+03
6.630989195678272154e+03
6.634990396158464137e+03
6.638991596638656119e+03
6.642992797118848102e+03
6.646993997599040085e+03
6.650995198079232068e+03
6.654996398559424051e+03
6.658997599039616034e+03
6.662998799519808017e+03
6.667000000000000000e+03
6.671001200480192892e+03
6.675002400960384875e+03
6.679003601440576858e+03
6.683004801920768841e+03
6.687006002400960824e+03
6.691007202881152807e+03
6.695008403361344790e+03
6.699009603841536773e+03
6.703010804321728756e+03
6.707012004801920739e+03
6.711013205282113631e+03
6.715014405762305614e+03
6.719015606242497597e+03
6.723016806722689580e+03
6.727018007202881563e+03
6.731019207683073546e+03
6.735020408163265529e+03
6.739021608643457512e+03
6.743022809123649495e+03
6.747024009603842387e+03
6.751025210084034370e+03
6.755026410564226353e+03
6.759027611044418336e+03
6.763028811524610319e+03
6.767030012004802302e+03
6.771031212484994285e+03
6.775032412965186268e+03
6.779033613445378251e+03
6.783034813925570234e+03
6.787036014405763126e+03
6.791037214885955109e+03
6.795038415366147092e+03
6.799039615846339075e+03
6.803040816326531058e+03
6.807042016806723041e+03
6.811043217286915024e+03
6.815044417767107007e+03
6.819045618247298989e+03
6.823046818727490972e+03
6.827048019207683865e+03
6.831049219687875848e+03
6.835050420168067831e+03
6.839051620648259814e+03
6.843052821128451797e+03
6.847054021608643779e+03
6.851055222088835762e+03
6.855056422569027745e+03
6.859057623049219728e+03
6.863058823529412621e+03
6.867060024009604604e+03
6.871061224489796587e+03
6.875062424969988570e+03
6.879063625450180552e+03
6.883064825930372535e+03
6.887066026410564518e+03
6.891067226890756501e+03
6.895068427370948484e+03
6.899069627851140467e+03
6.903070828331333360e+03
6.907072028811525342e+03
6.911073229291717325e+03
6.915074429771909308e+03
6.919075630252101291e+03
6.923076830732293274e+03
6.927078031212485257e+03
6.931079231692677240e+03
6.935080432172869223e+03
6.939081632653061206e+03
6.943082833133254098e+03
6.947084033613446081e+03
6.951085234093638064e+03
6.955086434573830047e+03
6.959087635054022030e+03
6.963088835534214013e+03
6.967090036014405996e+03
6.971091236494597979e+03
6.975092436974789962e+03
6.979093637454982854e+03
6.983094837935174837e+03
6.987096038415366820e+03
6.991097238895558803e+03
6.995098439375750786e+03
6.999099639855942769e+03
7.003100840336134752e+03
7.007102040816326735e+03
7.011103241296518718e+03
7.015104441776710701e+03
7.019105642256903593e+03
7.023106842737095576e+03
7.027108043217287559e+03
7.031109243697479542e+03
7.035110444177671525e+03
7.039111644657863508e+03
7.043112845138055491e+03
7.047114045618247474e+03
7.051115246098439457e+03
7.055116446578631439e+03
7.059117647058824332e+03
7.063118847539016315e+03
7.067120048019208298e+03
7.071121248499400281e+03
7.075122448979592264e+03
7.079123649459784247e+03
7.083124849939976230e+03
7.087126050420168212e+03
7.091127250900360195e+03
7.095128451380553088e+03
7.099129651860745071e+03
7.103130852340937054e+03
7.107132052821129037e+03
7.111133253301321020e+03
7.115134453781513002e+03
7.119135654261704985e+03
7.123136854741896968e+03
7.127138055222088951e+03
7.131139255702280934e+03
7.135140456182473827e+03
7.139141656662665810e+03
7.143142857142857792e+03
7.147144057623049775e+03
7.151145258103241758e+03
7.155146458583433741e+03
7.159147659063625724e+03
7.163148859543817707e+03
7.167150060024009690e+03
7.171151260504202583e+03
7.175152460984394565e+03
7.179153661464586548e+03
7.183154861944778531e+03
7.187156062424970514e+03
7.191157262905162497e+03
7.195158463385354480e+03
7.199159663865546463e+03
7.203160864345738446e+03
7.207162064825930429e+03
7.211163265306123321e+03
7.215164465786315304e+03
7.219165666266507287e+03
7.223166866746699270e+03
7.227168067226891253e+03
7.231169267707083236e+03
7.235170468187275219e+03
7.239171668667467202e+03
7.243172869147659185e+03
7.247174069627851168e+03
7.251175270108044060e+03
7.255176470588236043e+03
7.259177671068428026e+03
7.263178871548620009e+03
7.267180072028811992e+03
7.271181272509003975e+03
7.275182472989195958e+03
7.279183673469387941e+03
7.283184873949579924e+03
7.287186074429772816e+03
7.291187274909964799e+03
7.295188475390156782e+03
7.299189675870348765e+03
7.303190876350540748e+03
7.307192076830732731e+03
7.311193277310924714e+03
7.315194477791116697e+03
7.319195678271308680e+03
7.323196878751500662e+03
7.327198079231693555e+03
7.331199279711885538e+03
7.335200480192077521e+03
7.339201680672269504e+03
7.343202881152461487e+03
7.347204081632653470e+03
7.351205282112845453e+03
7.355206482593037435e+03
7.359207683073229418e+03
7.363208883553421401e+03
7.367210084033614294e+03
7.371211284513806277e+03
7.375212484993998260e+03
7.379213685474190243e+03
7.383214885954382225e+03
7.387216086434574208e+03
7.391217286914766191e+03
7.395218487394958174e+03
7.399219687875150157e+03
7.403220888355343050e+03
7.407222088835535033e+03
7.411223289315727015e+03
7.415224489795918998e+03
7.419225690276110981e+03
7.423226890756302964e+03
7.427228091236494947e+03
7.431229291716686930e+03
7.435230492196878913e+03
7.439231692677070896e+03
7.443232893157263788e+03
7.447234093637455771e+03
7.451235294117647754e+03
7.455236494597839737e+03
7.459237695078031720e+03
7.463238895558223703e+03
7.467240096038415686e+03
7.471241296518607669e+03
7.475242496998799652e+03
7.479243697478991635e+03
7.483244897959184527e+03
7.487246098439376510e+03
7.491247298919568493e+03
7.495248499399760476e+03
7.499249699879952459e+03
7.503250900360144442e+03
7.507252100840336425e+03
7.511253301320528408e+03
7.515254501800720391e+03
7.519255702280913283e+03
7.523256902761105266e+03
7.527258103241297249e+03
7.531259303721489232e+03
7.535260504201681215e+03
7.539261704681873198e+03
7.543262905162065181e+03
7.547264105642257164e+03
7.551265306122449147e+03
7.555266506602641130e+03
7.559267707082834022e+03
7.563268907563026005e+03
7.567270108043217988e+03
7.571271308523409971e+03
7.575272509003601954e+03
7.579273709483793937e+03
7.583274909963985920e+03
7.587276110444177903e+03
7.591277310924369885e+03
7.595278511404561868e+03
7.599279711884754761e+03
7.603280912364946744e+03
7.607282112845138727e+03
7.611283313325330710e+03
7.615284513805522693e+03
7.619285714285714675e+03
7.623286914765906658e+03
7.627288115246098641e+03
7.631289315726290624e+03
7.635290516206483517e+03
7.639291716686675500e+03
7.643292917166867483e+03
7.647294117647059466e+03
7.651295318127251448e+03
7.655296518607443431e+03
7.659297719087635414e+03
7.663298919567827397e+03
7.667300120048019380e+03
7.671301320528211363e+03
7.675302521008404256e+03
7.679303721488596238e+03
7.683304921968788221e+03
7.687306122448980204e+03
7.691307322929172187e+03
7.695308523409364170e+03
7.699309723889556153e+03
7.703310924369748136e+03
7.707312124849940119e+03
7.711313325330132102e+03
7.715314525810324994e+03
7.719315726290516977e+03
7.723316926770708960e+03
7.727318127250900943e+03
7.731319327731092926e+03
7.735320528211284909e+03
7.739321728691476892e+03
7.743322929171668875e+03
7.747324129651860858e+03
7.751325330132053750e+03
7.755326530612245733e+03
7.759327731092437716e+03
7.763328931572629699e+03
7.767330132052821682e+03
7.771331332533013665e+03
7.775332533013205648e+03
7.779333733493397631e+03
7.783334933973589614e+03
7.787336134453781597e+03
7.791337334933974489e+03
7.795338535414166472e+03
7.799339735894358455e+03
7.803340936374550438e+03
7.807342136854742421e+03
7.811343337334934404e+03
7.815344537815126387e+03
7.819345738295318370e+03
7.823346938775510353e+03
7.827348139255702336e+03
7.831349339735895228e+03
7.835350540216087211e+03
7.839351740696279194e+03
7.843352941176471177e+03
7.847354141656663160e+03
7.851355342136855143e+03
7.855356542617047126e+03
7.859357743097239108e+03
7.863358943577431091e+03
7.867360144057623984e+03
7.871361344537815967e+03
7.875362545018007950e+03
7.879363745498199933e+03
7.883364945978391916e+03
7.887366146458583898e+03
7.891367346938775881e+03
7.895368547418967864e+03
7.899369747899159847e+03
7.903370948379351830e+03
7.907372148859544723e+03
7.911373349339736706e+03
7.915374549819928689e+03
7.919375750300120671e+03
7.923376950780312654e+03
7.927378151260504637e+03
7.931379351740696620e+03
7.935380552220888603e+03
7.939381752701080586e+03
7.943382953181272569e+03
7.947384153661465461e+03
7.951385354141657444e+03
7.955386554621849427e+03
7.959387755102041410e+03
7.963388955582233393e+03
7.967390156062425376e+03
7.971391356542617359e+03
7.975392557022809342e+03
7.979393757503001325e+03
7.983394957983194217e+03
7.987396158463386200e+03
7.991397358943578183e+03
7.995398559423770166e+03
7.999399759903962149e+03
8.003400960384154132e+03
8.007402160864346115e+03
8.011403361344538098e+03
8.015404561824730081e+03
8.019405762304922064e+03
8.023406962785114956e+03
8.027408163265306939e+03
8.031409363745498922e+03
8.035410564225690905e+03
8.039411764705882888e+03
8.043412965186074871e+03
8.047414165666266854e+03
8.051415366146458837e+03
8.055416566626650820e+03
8.059417767106842803e+03
8.063418967587035695e+03
8.067420168067227678e+03
8.071421368547419661e+03
8.075422569027611644e+03
8.079423769507803627e+03
8.083424969987995610e+03
8.087426170468187593e+03
8.091427370948379576e+03
8.095428571428571558e+03
8.099429771908764451e+03
8.103430972388956434e+03
8.107432172869148417e+03
8.111433373349340400e+03
8.115434573829532383e+03
8.119435774309724366e+03
8.123436974789916349e+03
8.127438175270108331e+03
8.131439375750300314e+03
8.135440576230492297e+03
8.139441776710685190e+03
8.143442977190877173e+03
8.147444177671069156e+03
8.151445378151261139e+03
8.155446578631453121e+03
8.159447779111645104e+03
8.163448979591837087e+03
8.167450180072029070e+03
8.171451380552221053e+03
8.175452581032413036e+03
8.179453781512605929e+03
8.183454981992797912e+03
8.187456182472989894e+03
8.191457382953181877e+03
8.195458583433373860e+03
8.199459783913565843e+03
8.203460984393757826e+03
8.207462184873949809e+03
8.211463385354141792e+03
8.215464585834333775e+03
8.219465786314525758e+03
8.223466986794717741e+03
8.227468187274909724e+03
8.231469387755101707e+03
8.235470588235295509e+03
8.239471788715487492e+03
8.243472989195679475e+03
8.247474189675871457e+03
8.251475390156063440e+03
8.255476590636255423e+03
8.259477791116447406e+03
8.263478991596639389e+03
8.267480192076831372e+03
8.271481392557023355e+03
8.275482593037215338e+03
8.279483793517407321e+03
8.283484993997599304e+03
8.287486194477791287e+03
8.291487394957983270e+03
8.295488595438175253e+03
8.299489795918367236e+03
8.303490996398559219e+03
8.307492196878751201e+03
8.311493397358945003e+03
8.315494597839136986e+03
8.319495798319328969e+03
8.323496998799520952e+03
8.327498199279712935e+03
8.331499399759904918e+03
8.335500600240096901e+03
8.339501800720288884e+03
8.343503001200480867e+03
8.347504201680672850e+03
8.351505402160864833e+03
8.355506602641056816e+03
8.359507803121248799e+03
8.363509003601440781e+03
8.367510204081632764e+03
8.371511404561824747e+03
8.375512605042016730e+03
8.379513805522208713e+03
8.383515006002400696e+03
8.387516206482592679e+03
8.391517406962786481e+03
8.395518607442978464e+03
8.399519807923170447e+03
8.403521008403362430e+03
8.407522208883554413e+03
8.411523409363746396e+03
8.415524609843938379e+03
8.419525810324130362e+03
8.423527010804322344e+03
8.427528211284514327e+03
8.431529411764706310e+03
8.435530612244898293e+03
8.439531812725090276e+03
8.443533013205282259e+03
8.447534213685474242e+03
8.451535414165666225e+03
8.455536614645858208e+03
8.459537815126050191e+03
8.463539015606242174e+03
8.467540216086435976e+03
8.471541416566627959e+03
8.475542617046819942e+03
8.479543817527011925e+03
8.483545018007203907e+03
8.487546218487395890e+03
8.491547418967587873e+03
8.495548619447779856e+03
8.499549819927971839e+03
8.503551020408163822e+03
8.507552220888355805e+03
8.511553421368547788e+03
8.515554621848739771e+03
8.519555822328931754e+03
8.523557022809123737e+03
8.527558223289315720e+03
8.531559423769507703e+03
8.535560624249699686e+03
8.539561824729891669e+03
8.543563025210085470e+03
8.547564225690277453e+03
8.551565426170469436e+03
8.555566626650661419e+03
8.559567827130853402e+03
8.563569027611045385e+03
8.567570228091237368e+03
8.571571428571429351e+03
8.575572629051621334e+03
8.579573829531813317e+03
8.583575030012005300e+03
8.587576230492197283e+03
8.591577430972389266e+03
8.595578631452581249e+03
8.599579831932773232e+03
8.603581032412965214e+03
8.607582232893157197e+03
8.611583433373349180e+03
8.615584633853541163e+03
8.619585834333733146e+03
8.623587034813926948e+03
8.627588235294118931e+03
8.631589435774310914e+03
8.635590636254502897e+03
8.639591836734694880e+03
8.643593037214886863e+03
8.647594237695078846e+03
8.651595438175270829e+03
8.655596638655462812e+03
8.659597839135654795e+03
8.663599039615846777e+03
8.667600240096038760e+03
8.671601440576230743e+03
8.675602641056422726e+03
8.679603841536614709e+03
8.683605042016806692e+03
8.687606242496998675e+03
8.691607442977190658e+03
8.695608643457382641e+03
8.699609843937576443e+03
8.703611044417768426e+03
8.707612244897960409e+03
8.711613445378152392e+03
8.715614645858344375e+03
8.719615846338536358e+03
8.723617046818728340e+03
8.727618247298920323e+03
8.731619447779112306e+03
8.735620648259304289e+03
8.739621848739496272e+03
8.743623049219688255e+03
8.747624249699880238e+03
8.751625450180072221e+03
8.755626650660264204e+03
8.759627851140456187e+03
8.763629051620648170e+03
8.767630252100840153e+03
8.771631452581032136e+03
8.775632653061225938e+03
8.779633853541417920e+03
8.783635054021609903e+03
8.787636254501801886e+03
8.791637454981993869e+03
8.795638655462185852e+03
8.799639855942377835e+03
8.803641056422569818e+03
8.807642256902761801e+03
8.811643457382953784e+03
8.815644657863145767e+03
8.819645858343337750e+03
8.823647058823529733e+03
8.827648259303721716e+03
8.831649459783913699e+03
8.835650660264105682e+03
8.839651860744297664e+03
8.843653061224489647e+03
8.847654261704681630e+03
8.851655462184873613e+03
8.855656662665067415e+03
8.859657863145259398e+03
8.863659063625451381e+03
8.867660264105643364e+03
8.871661464585835347e+03
8.875662665066027330e+03
8.879663865546219313e+03
8.883665066026411296e+03
8.887666266506603279e+03
8.891667466986795262e+03
8.895668667466987245e+03
8.899669867947179227e+03
8.903671068427371210e+03
8.907672268907563193e+03
8.911673469387755176e+03
8.915674669867947159e+03
8.919675870348139142e+03
8.923677070828331125e+03
8.927678271308523108e+03
8.931679471788716910e+03
8.935680672268908893e+03
8.939681872749100876e+03
8.943683073229292859e+03
8.947684273709484842e+03
8.951685474189676825e+03
8.955686674669868808e+03
8.959687875150060790e+03
8.963689075630252773e+03
8.967690276110444756e+03
8.971691476590636739e+03
8.975692677070828722e+03
8.979693877551020705e+03
8.983695078031212688e+03
8.987696278511404671e+03
8.991697478991596654e+03
8.995698679471788637e+03
8.999699879951980620e+03
9.003701080432172603e+03
9.007702280912366405e+03
9.011703481392558388e+03
9.015704681872750371e+03
9.019705882352942353e+03
9.023707082833134336e+03
9.027708283313326319e+03
9.031709483793518302e+03
9.035710684273710285e+03
9.039711884753902268e+03
9.043713085234094251e+03
9.047714285714286234e+03
9.051715486194478217e+03
9.055716686674670200e+03
9.059717887154862183e+03
9.063719087635054166e+03
9.067720288115246149e+03
9.071721488595438132e+03
9.075722689075630115e+03
9.079723889555822097e+03
9.083725090036014080e+03
9.087726290516207882e+03
9.091727490996399865e+03
9.095728691476591848e+03
9.099729891956783831e+03
9.103731092436975814e+03
9.107732292917167797e+03
9.111733493397359780e+03
9.115734693877551763e+03
9.119735894357743746e+03
9.123737094837935729e+03
9.127738295318127712e+03
9.131739495798319695e+03
9.135740696278511678e+03
9.139741896758703660e+03
9.143743097238895643e+03
9.147744297719087626e+03
9.151745498199279609e+03
9.155746698679471592e+03
9.159747899159663575e+03
9.163749099639857377e+03
9.167750300120049360e+03
9.171751500600241343e+03
9.175752701080433326e+03
9.179753901560625309e+03
9.183755102040817292e+03
9.187756302521009275e+03
9.191757503001201258e+03
9.195758703481393241e+03
9.199759903961585223e+03
9.203761104441777206e+03
9.207762304921969189e+03
9.211763505402161172e+03
9.215764705882353155e+03
9.219765906362545138e+03
9.223767106842737121e+03
9.227768307322929104e+03
9.231769507803121087e+03
9.235770708283313070e+03
9.239771908763506872e+03
9.243773109243698855e+03
9.247774309723890838e+03
9.251775510204082821e+03
9.255776710684274803e+03
9.259777911164466786e+03
9.263779111644658769e+03
9.267780312124850752e+03
9.271781512605042735e+03
9.275782713085234718e+03
9.279783913565426701e+03
9.283785114045618684e+03
9.287786314525810667e+03
9.291787515006002650e+03
9.295788715486194633e+03
9.299789915966386616e+03
9.303791116446578599e+03
9.307792316926770582e+03
9.311793517406962565e+03
9.315794717887154547e+03
9.319795918367348349e+03
9.323797118847540332e+03
9.327798319327732315e+03
9.331799519807924298e+03
9.335800720288116281e+03
9.339801920768308264e+03
9.343803121248500247e+03
9.347804321728692230e+03
9.351805522208884213e+03
9.355806722689076196e+03
9.359807923169268179e+03
9.363809123649460162e+03
9.367810324129652145e+03
9.371811524609844128e+03
9.375812725090036110e+03
9.379813925570228093e+03
9.383815126050420076e+03
9.387816326530612059e+03
9.391817527010804042e+03
9.395818727490997844e+03
9.399819927971189827e+03
9.403821128451381810e+03
9.407822328931573793e+03
9.411823529411765776e+03
9.415824729891957759e+03
9.419825930372149742e+03
9.423827130852341725e+03
9.427828331332533708e+03
9.431829531812725691e+03
9.435830732292917673e+03
9.439831932773109656e+03
9.443833133253301639e+03
9.447834333733493622e+03
9.451835534213685605e+03
9.455836734693877588e+03
9.459837935174069571e+03
9.463839135654261554e+03
9.467840336134453537e+03
9.471841536614647339e+03
9.475842737094839322e+03
9.479843937575031305e+03
9.483845138055223288e+03
9.487846338535415271e+03
9.491847539015607254e+03
9.495848739495799236e+03
9.499849939975991219e+03
9.503851140456183202e+03
9.507852340936375185e+03
9.511853541416567168e+03
9.515854741896759151e+03
9.519855942376951134e+03
9.523857142857143117e+03
9.527858343337335100e+03
9.531859543817527083e+03
9.535860744297719066e+03
9.539861944777911049e+03
9.543863145258103032e+03
9.547864345738295015e+03
9.551865546218488817e+03
9.555866746698680799e+03
9.559867947178872782e+03
9.563869147659064765e+03
9.567870348139256748e+03
9.571871548619448731e+03
9.575872749099640714e+03
9.579873949579832697e+03
9.583875150060024680e+03
9.587876350540216663e+03
9.591877551020408646e+03
9.595878751500600629e+03
9.599879951980792612e+03
9.603881152460984595e+03
9.607882352941176578e+03
9.611883553421368561e+03
9.615884753901560543e+03
9.619885954381752526e+03
9.623887154861944509e+03
9.627888355342138311e+03
9.631889555822330294e+03
9.635890756302522277e+03
9.639891956782714260e+03
9.643893157262906243e+03
9.647894357743098226e+03
9.651895558223290209e+03
9.655896758703482192e+03
9.659897959183674175e+03
9.663899159663866158e+03
9.667900360144058141e+03
9.671901560624250124e+03
9.675902761104442106e+03
9.679903961584634089e+03
9.683905162064826072e+03
9.687906362545018055e+03
9.691907563025210038e+03
9.695908763505402021e+03
9.699909963985594004e+03
9.703911164465787806e+03
9.707912364945979789e+03
9.711913565426171772e+03
9.715914765906363755e+03
9.719915966386555738e+03
9.723917166866747721e+03
9.727918367346939704e+03
9.731919567827131686e+03
9.735920768307323669e+03
9.739921968787515652e+03
9.743923169267707635e+03
9.747924369747899618e+03
9.751925570228091601e+03
9.755926770708283584e+03
9.759927971188475567e+03
9.763929171668667550e+03
9.767930372148859533e+03
9.771931572629051516e+03
9.775932773109243499e+03
9.779933973589435482e+03
9.783935174069629284e+03
9.787936374549821267e+03
9.791937575030013249e+03
9.795938775510205232e+03
9.799939975990397215e+03
9.803941176470589198e+03
9.807942376950781181e+03
9.811943577430973164e+03
9.815944777911165147e+03
9.819945978391357130e+03
9.823947178871549113e+03
9.827948379351741096e+03
9.831949579831933079e+03
9.835950780312125062e+03
9.839951980792317045e+03
9.843953181272509028e+03
9.847954381752701011e+03
9.851955582232892993e+03
9.855956782713084976e+03
9.859957983193278778e+03
9.863959183673470761e+03
9.867960384153662744e+03
9.871961584633854727e+03
9.875962785114046710e+03
9.879963985594238693e+03
9.883965186074430676e+03
9.887966386554622659e+03
9.891967587034814642e+03
9.895968787515006625e+03
9.899969987995198608e+03
9.903971188475390591e+03
9.907972388955582574e+03
9.911973589435774556e+03
9.915974789915966539e+03
9.919975990396158522e+03
9.923977190876350505e+03
9.927978391356542488e+03
9.931979591836734471e+03
9.935980792316928273e+03
9.939981992797120256e+03
9.943983193277312239e+03
9.947984393757504222e+03
9.951985594237696205e+03
9.955986794717888188e+03
9.959987995198080171e+03
9.963989195678272154e+03
9.967990396158464137e+03
9.971991596638656119e+03
9.975992797118848102e+03
9.979993997599040085e+03
9.983995198079232068e+03
9.987996398559424051e+03
9.991997599039616034e+03
9.995998799519808017e+03
1.000000000000000000e+04
