1.559894170175701866e-02
-3.856508918673506869e-03
-1.124351580488291980e-03
2.359897018618717368e-03
4.273024739633868307e-04
8.654680738691133968e-04
-2.282006006395498332e-04
-2.171205718237256832e-03
-3.341059399560974974e-03
-1.095825295066132909e-03
6.228459380842599202e-04
-3.740688734994002118e-03
-3.254140456873111376e-04
-4.385244330360471565e-04
-2.727262907387006940e-03
1.698734000709078984e-04
8.740408944802879887e-04
-2.529738163634775994e-03
-2.730145136581541010e-03
-8.094100560130934596e-04
-1.613379828268701743e-03
-2.404308524992515572e-04
1.914299231531413348e-03
2.176732629923017193e-03
-3.048797311948070465e-03
-3.534415937159418597e-03
-1.989898291304581512e-03
1.109972769397726822e-03
1.617391734306528051e-04
-2.087998995398243629e-03
5.820328366423765942e-04
-2.458980796241072575e-03
-2.844042541523150724e-03
-4.635453000682909774e-03
-9.191501758415432377e-04
-1.256132619983363341e-04
6.611449004956249098e-04
-7.740202296709908225e-04
-3.185064956710226269e-03
2.763017561459690796e-03
-2.271512279631404674e-03
-1.682452649824472957e-03
-8.437191304281332904e-04
-7.427171443948887841e-04
-6.001861328804647400e-03
-5.954126342333498911e-03
-3.890707870710996552e-03
-1.643431603624123660e-03
-3.063154900682096837e-03
-2.414288186761925914e-03
-3.357447727090012712e-03
-3.417428252065590755e-03
3.501517353343919225e-03
3.072740685574726349e-03
2.575263951288375708e-03
1.048431002231953180e-03
1.194081802973978590e-03
8.429112650641945592e-04
-1.523713906563917142e-03
-1.884647899611513466e-04
1.767648761829887505e-03
-2.663298795985369338e-03
-1.989124804155362192e-03
1.967457181600851257e-04
-2.864266135507498312e-03
-1.438372057723791286e-04
-1.884144956073030563e-03
2.589473560782318273e-04
1.149532434613353971e-03
5.678864610019207504e-04
-5.223327074851735752e-03
-5.711599059979532989e-03
3.574734568919990529e-03
3.487074131237610786e-03
1.842664727422893556e-03
-1.815074022581963931e-04
7.226979336654171249e-04
3.424610921157755783e-03
4.088779400523989693e-04
5.276866391860091099e-04
-9.287082277001923458e-04
2.030154484103818824e-03
-1.768720159735948094e-03
-2.376887355736378993e-03
-5.946764965116813073e-04
-1.683655402489159236e-03
3.622553891720614594e-03
-1.357242286650350849e-04
-2.387695900669450921e-03
-3.082418116597929192e-03
-1.010916630842628727e-03
-1.471068674113396035e-03
2.399804244824110810e-03
2.445195338838135335e-03
-1.063716786618540411e-03
-5.182206210158968318e-03
-8.218795470403827963e-04
9.652170263955150986e-04
3.282279791010478398e-03
3.541097420735273005e-03
7.842022939092974099e-04
-4.392184899206785786e-03
3.394992288926701463e-03
-1.915571283218620025e-04
1.307855127860024780e-03
-1.994825463190630366e-03
-2.971874773242788592e-03
1.533088051094311233e-03
9.415698730468324840e-04
-4.612904891255875661e-03
-1.032580734988908233e-03
2.315099087531913291e-03
-2.001167703873263370e-03
-4.619374393193265149e-03
-6.999114221166724548e-04
-5.762319599257326175e-04
-2.993391545180967839e-03
-1.790933032191910357e-03
1.398023537906301073e-04
2.855527940638258322e-03
4.104610014029619336e-04
-6.277926136947886704e-03
-7.249328281108247118e-03
5.166568408100369325e-03
5.564178335441094525e-03
3.442061757456760240e-03
-8.762097491234466240e-03
-1.834541423176960784e-03
4.307270373100635652e-04
2.293452791677030866e-03
-2.531657580332802304e-03
8.959753252355540099e-04
-1.851238235217267381e-03
1.259953551379089376e-03
-6.019957508160977966e-04
-2.593272340229879624e-03
-9.291677073320903091e-04
5.533252640543273593e-03
-6.953782889709270165e-04
-1.582992921275727660e-03
-1.437774064173558131e-03
1.314115388639236492e-03
7.184363317768172053e-04
6.089490865747171355e-04
-5.266657832061483191e-04
-6.067047472646192041e-03
3.297430522272160047e-04
1.734621449740458843e-04
8.812723792605003936e-04
-5.942696397396307617e-04
-2.871481042034496056e-03
-5.648784719334387638e-03
-2.685011544692583740e-03
-4.990368162452019085e-03
2.337751661429798844e-05
1.655052160822290119e-03
-2.715810755241188090e-03
-2.470946369134474629e-03
-1.770408076066432024e-03
-1.766128532450506050e-03
-1.871710633654877221e-03
-1.684337356750775783e-03
-4.007959164739172131e-03
1.303126391042352950e-03
-3.374016961992243324e-04
-4.077047165270686335e-03
-5.779861595939017604e-03
1.761469860801390119e-03
3.123915052138936943e-03
-1.022760412661360974e-03
-5.211557858860182968e-03
-2.909938468061312733e-03
-1.611227722145835983e-03
-5.066592160130056754e-05
-4.927740412548842208e-03
-3.687225246690184477e-04
-1.395012183490362823e-03
-3.658590539725281587e-03
5.781595584550824896e-04
4.005651371856711052e-04
-1.289677687632218017e-03
8.823404989926064701e-04
7.831168649208297694e-04
-3.330811958327517530e-03
-3.503266222939283026e-03
2.756704284818667361e-04
1.656276968747150136e-03
-1.971563130516940099e-03
2.496509006230107630e-04
2.687798220008863481e-03
-9.193951244911291454e-04
-1.043000723666587248e-03
1.162416763111351337e-03
1.396584166218350909e-03
3.015517959938929238e-04
-3.850178042868468431e-03
-1.843369776115655334e-03
-1.679586924129949921e-03
-1.271219842640891606e-03
2.166637757057054969e-03
-1.485898887497838494e-03
-3.784282806902350416e-04
-2.907700080118980068e-03
-1.824156675757193646e-03
1.166939423011492671e-03
3.480607526307966104e-03
-7.842863945894951172e-05
-3.201939000629039356e-03
-2.103501374161709236e-03
3.144978534087239375e-03
-2.927645890144936480e-03
-4.931802910060900658e-03
1.767871169106038920e-04
4.355645040395095258e-03
-2.095815789245891736e-04
-6.926899041186374006e-04
8.701069839310848764e-04
2.362665878132719222e-03
2.433459440986052158e-03
-2.295487271652629779e-03
-9.794247492991292603e-04
3.459467748990863178e-03
3.494755501620372407e-03
-2.937766651880502344e-03
-6.081139403045332514e-03
3.191735618930380269e-04
6.428203773481966365e-04
-5.362677250482228430e-04
-5.754165707844149935e-04
-8.712340181639133263e-04
3.195663283064309468e-04
-3.593085807336193760e-03
-2.756341209576795848e-03
-3.271556694862676196e-04
4.527730438187438367e-04
-5.263537875730417426e-04
1.007288242147352797e-03
-5.230691465750947344e-03
2.997408368958787150e-04
-1.845139464612510771e-03
-7.759510468313690623e-04
-1.798630065469875028e-03
2.350827192345361638e-03
1.112624230779069023e-03
-2.054417932931040802e-03
-1.051146522419776907e-03
-5.725519080267860161e-03
2.812534383375142610e-03
-2.295048933567134242e-04
-2.086256606129044400e-03
-2.084403321710337487e-03
9.281966402074903755e-04
-4.140386678636143181e-03
4.056337995596015489e-04
-5.452117508055742690e-04
-2.459893310171601399e-03
2.004782579036024082e-03
1.138040727778677486e-03
-2.153820576837217615e-03
5.749443549778465723e-04
2.606703426117129574e-03
2.426681370793604131e-03
1.333008140042557521e-03
-2.973924043057074584e-03
-1.655267907180513198e-03
-2.922041842368550135e-03
5.421597815238321516e-04
-6.376752495161897016e-03
-5.561689568852612453e-03
-1.415451542102208471e-03
-4.397505432501835898e-04
-1.163855071311337142e-03
-7.879839310813707698e-04
-3.394668595853911341e-03
-1.640101949383243607e-03
-1.088583672444354278e-03
-2.816714942818654421e-03
1.956853268753278030e-03
-1.584827121052012622e-03
-2.991409533905309281e-03
-1.018594150016927102e-03
4.096622261685611832e-04
-3.068028056587457364e-03
-1.088500959833371695e-03
-4.255814526830103972e-04
3.447421870448330594e-04
5.402384556821626660e-03
-4.122630564258433772e-03
-2.664509904010126107e-03
-1.002604492648329071e-03
5.592730654301325544e-04
-5.653019142145554454e-04
-9.247754946776209906e-04
-4.602040293812947880e-04
2.305106623683328415e-03
-9.240051925875070182e-04
3.371510570442382004e-04
-4.925176030146638517e-03
-4.081570235472398167e-04
3.012925452432480000e-04
-4.601421024226115541e-03
-4.470384036378671766e-03
-1.882980576805026729e-04
2.669767971367198456e-04
1.157249983610997290e-04
-2.715221448647775482e-03
-1.981819458519384902e-03
-1.303799726511067902e-03
-1.866358516058985728e-03
5.343069414882606338e-04
-2.523787019165113499e-03
-3.168688252043749820e-03
3.489395641864678765e-05
-1.109702868730577663e-03
1.742022416053035094e-03
-3.695236590662509535e-03
-2.226136636679587610e-03
-4.544374344336854499e-03
4.284740841625667152e-03
1.495123146364574218e-03
-4.525644004513940111e-03
-1.777532814602578171e-03
6.260758321938730830e-04
1.956519655633703891e-04
-2.896286253838864511e-03
-6.261632567566066676e-03
-1.854809775334032018e-03
3.274807541988278281e-03
2.064689205077518963e-03
-4.129889586905188814e-03
5.451842926137429046e-04
5.486781000066942582e-04
2.477296887470892273e-05
-1.541399646694308068e-03
-1.911177496127014486e-03
2.126743863563929082e-03
1.686818814581325654e-03
2.374187376063541244e-03
-2.568794732904611244e-03
1.454297920864489058e-03
6.174224698398678157e-04
1.319995330015477641e-03
3.010088510999264777e-03
-7.645176237469630820e-05
-1.004647927184132428e-03
-1.606664357878817562e-03
1.816945238976575006e-03
6.441325435474487549e-04
-4.681812264796247902e-04
-1.983143228373895894e-03
8.373846144404950564e-04
1.143728487299600083e-03
1.221373414588278195e-03
3.343157720644418518e-04
-5.220901118200949043e-03
7.210028699418113973e-04
-1.181081786971960312e-03
2.419502162035680470e-03
-1.922703718070462031e-03
-1.436643473927134984e-03
-2.294541088412649366e-03
-1.741683520030123944e-04
2.149661999557017644e-03
-2.174229560237717074e-03
-4.665564401701294273e-04
2.464786215263803371e-03
-2.868745395041005786e-03
-5.506435237715101572e-03
-9.702669530775587248e-04
1.065047907780836134e-03
-7.426199107656294984e-04
-1.917130827733481979e-03
4.786936727785295886e-06
-1.073563860977455597e-03
4.292041348726849392e-04
3.070992539090933171e-03
-2.479484435116363628e-03
-1.673089795255489065e-04
-1.340774634385089037e-03
1.686752959968895738e-03
-3.269985195617386431e-03
1.511432927484790412e-03
3.025588144396240686e-03
-8.374259203365319593e-04
1.003446803012342237e-03
-2.232927074672708123e-03
1.001275708336080150e-03
9.468621082274752965e-04
6.745601295498060423e-04
-1.908086974766298738e-03
-2.756220741776393979e-04
-2.517525581973711901e-03
1.958499145700565158e-03
-3.990329805061421098e-04
-2.465041716537053063e-03
1.064361723334794618e-03
9.948927031651066955e-04
-1.722627391836928368e-03
-2.492241674428852249e-04
-2.850478095650865740e-03
-2.803488296931000434e-03
1.485873767032797055e-03
-4.094144435773383606e-03
-3.883576196215710041e-03
-7.670248144222346909e-03
-6.803169507347384126e-03
3.191652991399895889e-03
2.581699955087612963e-04
1.695477195031158679e-03
-1.174054856267758851e-05
-1.165911519357298864e-03
3.882568008188869157e-04
3.766665074903086108e-03
-2.297178507818076199e-03
2.748655419072099093e-03
1.096446187694999352e-03
2.081073142959910527e-04
2.966392876798673583e-04
-1.936422474821286599e-03
-1.141455265771584848e-03
-2.232289526706288108e-03
-3.339066832319992351e-03
-3.846751012838711681e-03
8.037001710574642743e-04
-4.453021391399802908e-03
-2.433697459257033735e-03
-3.815891073666310973e-05
-1.670785131427710013e-03
-2.661381839093146517e-03
-2.624181310805218104e-03
-6.937552634195265355e-04
1.414337623941053224e-03
-1.727083732474543609e-04
-5.062721660472613294e-03
1.800972892792573887e-04
4.742427763907430815e-03
-4.577031501408534986e-03
-2.913137240933671990e-03
1.260107576394942086e-03
1.132072199498512788e-03
-1.579077214633795023e-03
1.036537129287529169e-03
-7.202159676771291430e-04
7.595734211548466064e-04
-1.071255367629753152e-03
3.340739262974734558e-04
-3.492125971210624513e-04
1.397944849392152022e-03
-2.416329413577056329e-03
-1.262224751659934974e-03
-1.749679541874882283e-03
-2.349410304151700046e-03
2.082815411729055377e-03
-1.407659391592153142e-03
-1.732354727531415506e-03
-1.608207946322770532e-03
-6.121656642911199597e-04
3.413219184520865923e-03
5.435443673676987331e-04
-2.340269621719071047e-03
-1.376964235155653249e-03
-9.946021038452768082e-04
-7.930468399286461079e-04
-1.956804286851188124e-05
-1.096348109629552425e-03
-2.504870698126659967e-03
4.798436746979994894e-04
-1.079311789213610595e-03
-7.203126184884833805e-05
2.253507288350387050e-03
-1.380817019023927728e-03
-3.870804251984161226e-04
1.782210098347225546e-03
8.501552523051403298e-04
2.383371237742126780e-03
-6.166072666669020208e-04
1.402596229411190443e-03
3.737925434170064065e-03
2.192045684153431928e-03
1.189509164974067446e-03
2.086032519259317652e-03
-2.448091303197674762e-05
6.258135449956903074e-04
-1.194042000917994173e-03
5.430541818545187027e-04
-5.262192064097170885e-03
1.504802001133564993e-03
7.639211413373869775e-04
-1.299098514403462801e-04
4.368639354057624047e-05
-1.123353109039215703e-03
-4.509830665382685844e-03
1.965136462006800144e-03
-4.721266135850110679e-03
-1.813574233912262912e-03
2.166133000086944982e-03
-7.231422553060085079e-04
1.635596933647676110e-03
-1.869615495055931831e-03
-2.414956655552358278e-03
-9.616168436783478768e-04
-2.924334577838139104e-03
-4.492737346025732492e-04
1.129777250168606528e-03
-4.855002017869924913e-03
6.598855865813657573e-05
-3.624630036282661116e-03
-1.017494402219876193e-03
-1.197155890466872208e-03
1.467057246941627646e-03
4.308763325952646994e-03
2.364096574247409599e-03
1.269617003162415436e-03
-3.154225533547050375e-04
1.259143335826662380e-04
-1.869582277483461397e-03
-2.566048841823542759e-03
1.439939040524529368e-03
-8.109261261474154381e-04
-6.446443783392208360e-05
-2.225742270636321685e-03
-6.349503909326426054e-04
3.039937297290129514e-03
-3.426326909678811816e-03
3.172941776329318841e-04
1.360756960347209166e-03
1.686414601543284597e-03
1.500651964874033517e-03
-1.243554080559206021e-03
1.016395169590511571e-03
-1.962476225472742364e-03
3.360977500580508703e-03
-3.906748210543709021e-04
-1.610472567928566967e-03
-1.695916172010480949e-03
-2.282495756871338877e-03
-9.134932839971465768e-04
2.029489762501501815e-03
-2.311471465317294083e-03
-1.875839669833179180e-03
5.360121749191648632e-04
-1.263548215806875596e-03
1.681905291129992541e-03
3.940648041089733766e-05
-2.568172562264714465e-03
-4.269428152201881765e-03
2.552358853558533980e-03
-1.676333713522604185e-03
-4.316234320109746392e-04
-1.520829069934781508e-03
-3.717641761661893973e-03
-1.422551657444648399e-03
-1.987498931734665852e-03
-4.485037148359904968e-03
4.226997817882161002e-04
2.337284415373286350e-03
-2.422210607619046385e-03
-5.594884945003264498e-03
-3.464143230039296029e-03
2.516543318635822146e-04
2.819247769446531215e-03
2.805158567505294798e-03
-1.234612527848844010e-03
2.065579003243667167e-03
-9.815040104164118873e-04
1.962375183716447147e-03
3.769463178504350864e-03
-2.843203356276413629e-03
-3.049941497709096616e-03
-2.073498524593153647e-03
-3.510747563442384589e-03
-1.819034140798758692e-03
1.191922504303333241e-04
-3.904566691423916325e-04
-7.760609249961580858e-04
7.543718788562969735e-04
-9.417256652159977648e-04
-1.183143363888028432e-03
1.523872108369239697e-03
-1.818874329927888667e-03
-4.142731363813267897e-03
3.982504592543456567e-04
1.967696433992194294e-03
-4.845541258114871574e-03
-4.500865962271838328e-03
-3.556978197461813096e-03
-2.258345355312885161e-03
6.998198850965975382e-04
1.163373712865789500e-04
-3.046819404245448837e-04
-7.385883119503722227e-03
-1.809912553498937982e-03
-1.099326007404810568e-03
-2.343033244909142887e-03
-2.223435984437527324e-04
1.259864305180879995e-04
-9.111768962544175565e-05
-1.784501235225222082e-03
-2.195090328050763873e-03
-1.533840266073283054e-03
-4.252479517947937993e-03
2.437530752175121052e-05
3.163939084786626665e-03
-3.817868648500422069e-03
-2.478216195581084413e-03
-3.006577334821569636e-03
-5.270151529262467882e-03
-1.047500030718517827e-03
-1.487456507787143778e-05
6.019686821098213514e-04
-5.935374856536057564e-04
1.142222768036438296e-03
6.212383940827903572e-04
-3.450807774770470182e-03
2.407324650590680903e-04
-2.682008122071977141e-03
-2.687648913916929061e-03
-9.265433366845154950e-04
-4.358105945826418193e-03
-1.433171252781861860e-03
-2.603870949152709002e-03
-3.392137023866870216e-03
2.698155436887672565e-04
1.177482303528543106e-03
-2.211774074535766132e-03
-1.969562611657926787e-03
-7.805694447315936202e-05
-1.387192996927022470e-03
-3.424306120061948455e-03
-4.092858140980037973e-03
-2.517041360746707923e-04
6.537736182934406060e-04
-2.828138643280575515e-03
-1.081983288319876557e-03
1.605856129737515126e-03
1.381568039022340599e-03
-8.162701625782364800e-04
-2.173006856519554830e-04
-1.251573803547012531e-03
-2.285016549775642503e-04
2.843214757536349779e-04
2.537074952074447332e-03
-6.294302340971724696e-03
-4.612097354018684925e-04
-1.238910732519471480e-04
2.080077646208100539e-03
1.313448080191292888e-03
-5.473153005587927389e-03
4.318923850659572850e-03
4.629553059460889131e-04
-3.048160690108048243e-03
5.202227281719817853e-05
2.864762467994497186e-04
1.839225945322486844e-03
1.275790468624471430e-04
8.018767457247388819e-04
1.199029007079244202e-03
-3.691669730646052194e-03
-4.003435249260944850e-03
2.411382821169261170e-03
1.644560627861779700e-03
1.400393554575551924e-03
1.610335616132441139e-03
-1.641256389672607341e-03
-2.817905189989922121e-03
4.195773485134446368e-03
-1.900406223383832582e-03
-2.663147979773183849e-03
-2.367644659595158352e-03
6.034285747920087317e-04
2.735113623280827078e-03
-7.579407436969498590e-04
-2.111213567631109456e-03
-2.256905425736643878e-03
5.107147651676191558e-04
-1.928709423123287081e-03
-2.862689595993117564e-03
-5.677754785560207296e-03
3.225499766515871336e-03
-1.761518877382295400e-04
-3.850781285572257850e-03
-1.534802943461643920e-03
-1.976460537175150911e-03
-3.931467365109408973e-03
-1.722008456565893297e-03
-3.967738415248112105e-04
-1.308865991402452522e-03
-2.212212602027752162e-03
-2.760166408864117571e-03
2.787037036748873930e-04
4.098353532535514709e-03
-2.473980576793044506e-03
-1.337480781235189653e-03
-2.668152226192876952e-03
2.510404645096775411e-03
-4.781038901512379979e-04
1.881945237766080581e-04
-2.134612606944252811e-03
-2.694336478322734152e-04
1.534546768598987754e-04
-3.873780052026098986e-03
-2.788875643850441399e-03
2.654576283965370820e-03
9.012471570301050505e-04
-4.147333470042702253e-03
-3.789450909701508330e-03
-4.021492019263273043e-03
1.745539349926161776e-03
1.523763673115241524e-03
4.142014327294107900e-04
1.116019735208140240e-03
-1.249918231046698303e-03
-3.214161922732272636e-03
2.279720867576218168e-04
-1.841670062827649446e-04
4.112071860817856361e-05
3.010417281679167445e-05
1.416028925753098910e-03
6.157141968977652979e-04
-5.043268078371188068e-03
-1.232783660531255876e-03
-3.034919162359872580e-03
-3.841068264384128739e-04
-2.735100339071872000e-04
-2.089273463460550317e-03
-1.957313882102629243e-03
-2.275441487409879393e-03
1.145969474647845487e-03
8.238680985829249792e-04
-2.163620507557029171e-04
-1.619759393362896205e-03
-2.894208621547877947e-03
2.349287969006130794e-03
-7.325812751350913032e-04
1.366052778644988308e-03
9.598554832672689940e-04
-2.218625384887817908e-03
-1.138843934541111658e-03
-1.168194507252029446e-03
-3.822534456211723608e-03
-3.162636132523211074e-03
-2.279501675464978838e-03
2.823176257732207262e-03
-5.361603204698806024e-04
-4.701554488736880977e-03
-3.494206762073681638e-03
2.575897884105837754e-03
2.172975182450742615e-03
-3.230231418760443063e-05
-3.177831306109268894e-03
-8.858351994200930335e-05
1.166185667707875240e-03
-1.197992800138214520e-03
-1.606152951227457493e-03
-1.632325681743318491e-03
9.202475163456735885e-04
-1.327544854695550391e-03
-3.696794385745216793e-03
1.279900868847994033e-04
-1.186829285982016202e-03
-3.451877646833634294e-03
-3.777516393092206215e-03
-3.884117804823117304e-03
4.173003452638823774e-04
2.367260872114029802e-03
2.140227008844419743e-04
-5.327915955014583815e-03
-3.007721270393282076e-03
-4.095945508717502292e-04
-1.697271004910128056e-04
-1.778501599269399769e-03
-2.886501434551047574e-03
-2.175860986709632350e-03
-3.761096231889027308e-04
-3.949338531847756961e-03
-2.790532766421605082e-03
2.242461481009483393e-03
1.078626692128104025e-03
-3.289175001775612728e-03
-3.238374927859721808e-03
1.288168874949535692e-03
-5.224689030785212296e-03
-2.782717740781981419e-03
-2.768025943126750654e-03
-1.789744625450007121e-04
1.151260177119750594e-03
2.381005274233016777e-03
-4.642458466073917656e-03
-2.183552799124521826e-03
-1.216987492238863489e-03
1.651170754382813577e-03
-2.379649695827046330e-03
1.194362428322270908e-03
-8.061333056599284674e-04
1.470996872090513108e-03
1.887423389448361633e-04
-1.600143429211775548e-03
-1.747269822553132457e-03
-3.538556626533906346e-03
1.751465576959043702e-04
-1.940461292649908742e-03
-1.732542884508525560e-03
-3.951803712957113746e-04
-2.549838898636469509e-03
-1.693954489507154548e-03
1.105757820310415696e-03
5.692580560040516602e-04
-5.798760845233563721e-03
-3.182566987591783914e-04
2.112182674159246432e-03
-1.537163184665013560e-04
-3.780071850591260052e-03
-2.214272567410136006e-03
1.207846338741935810e-03
4.692863549387804589e-03
-3.354137203102847131e-03
6.577321156847615313e-04
8.405122715648971621e-05
-2.857753295959497564e-03
-3.193219828914739544e-03
-3.550312266726196597e-03
-4.096354141021940620e-03
-1.189922393392106592e-03
-3.407588237677172671e-04
-2.068762484627173492e-03
-1.723858745856565733e-03
-1.667452369352839803e-03
-7.838946147142866749e-05
2.611184710708980283e-03
-1.834791957447623467e-03
-4.118834041954899661e-03
-4.459274577988781019e-03
-9.020683441467447494e-04
1.249862434100412756e-03
1.683224356478274508e-03
-2.038475439469777939e-04
-1.680928466746278716e-03
4.031395144414862131e-04
-4.513627812119391791e-04
-1.530843389566660662e-03
-1.728304107270317580e-03
2.077515530507278996e-03
1.477504026278109173e-03
-2.887038091350935254e-03
-2.556276918212918581e-03
9.969226555334165241e-04
-3.048188985195876555e-03
1.961456988867293916e-03
1.013383924133193226e-03
-1.697280586872018660e-04
7.433979336450846631e-04
-3.686107770803914718e-03
4.229186093906989186e-04
-1.694958251745481981e-03
2.985708697873512563e-03
-3.118973241168498944e-04
-1.769579886117256251e-03
2.991432384861103522e-03
-1.092654375563273383e-03
-2.359436388551516828e-04
-6.077839956296626767e-04
8.027425871067750407e-04
9.496436472923308614e-04
-2.354255974318375522e-04
-2.270840447944899587e-03
-4.570769806652941192e-03
2.059626356265553682e-04
2.989629954166517223e-03
-1.364162580077099562e-03
5.999832954274308960e-04
2.372094623698250970e-04
1.470428015862612625e-03
3.865769872176905153e-03
-5.478273369550201721e-04
-3.279892128556061159e-03
-1.550053115675686932e-03
-6.196940579668019922e-04
-3.326387965004173886e-03
-1.766889744883037849e-03
-1.437143273216534567e-03
2.975172837084927302e-03
2.420733831876242803e-03
-2.625780934188193250e-03
8.783961480024471413e-04
-7.738227344165071742e-04
-5.136299786454245897e-03
1.518477919076222094e-03
3.647943074089887716e-04
-1.415671424266129463e-03
-2.366895676624403144e-03
-1.427930113295339254e-03
-1.649965063367786477e-03
1.836843362847950800e-04
-4.211450517274117900e-04
9.963766738639856513e-04
-1.226163826482107311e-03
-9.632525603721076024e-04
-3.274849781695898798e-03
-2.498232425428015269e-03
-2.828409052039848603e-03
2.821273486908415506e-03
-1.520184088321108185e-03
1.069369441571765833e-03
-6.290830110955436538e-04
1.093027443358707274e-03
-1.795744532531617921e-03
9.768492124688776812e-04
-4.455774950512525479e-04
-3.141163277535996556e-03
-1.170945694479619270e-03
4.223165282102647744e-03
-5.457580680413798291e-03
-1.649012218192802415e-03
-1.967195808091237730e-03
8.382135268222290492e-04
1.476589274714723565e-03
1.472941471784006140e-04
1.287284913828345978e-03
-3.282728237371634883e-03
8.920653175868986651e-04
3.346578407483757900e-04
4.935038597222773937e-03
4.462567119579041730e-03
-7.931991748777456053e-04
6.287309388912643016e-04
-2.448297621545636460e-03
-7.355169541747308415e-04
-4.145643065861515097e-04
2.107549468013614202e-03
-2.687643113031046305e-03
-7.138534004420549195e-04
-2.970352518118724028e-03
-1.464051142266220573e-03
-3.421494997757901224e-03
-4.128760371265194351e-03
-1.036851707170494130e-03
6.882769090877927098e-04
-4.729750005563304605e-03
-8.841488239070827149e-04
-3.086419269300311186e-04
-3.715510173080138756e-04
3.414726500075015991e-04
-4.242328324061905853e-03
-4.843625502588544407e-03
-2.818494567138341012e-04
-2.486951894184907808e-03
-7.220186507173043111e-04
6.437395870328987968e-04
2.863163745590036058e-04
-1.392121753364228276e-03
-3.959711522696696129e-03
-2.931205758323840449e-03
7.271322299305937875e-04
3.172298616881397137e-04
-1.790587038697943889e-03
-3.614269605973774446e-04
1.370649286870917472e-03
-1.262513710669099787e-03
-1.193572306098178437e-03
3.166712464541809879e-04
1.143454814342859116e-03
-9.972099803321476941e-04
1.750130809865191317e-03
-2.730252902430896356e-03
1.157056692236424489e-03
1.792423978816404251e-03
5.403589206772752007e-04
3.711454535538449839e-03
-1.356885020750819848e-03
-6.086828769290564267e-04
-3.572062026211075825e-03
-4.394330699506898696e-03
-2.052919269887709675e-03
-1.909775494639220916e-03
-2.794151847292702939e-03
-1.421595265893582649e-03
-3.078889476967661132e-03
3.788994394691158618e-04
1.892410195162508302e-03
-1.622031830688097642e-04
-2.651478729911893595e-03
-3.159529682245532101e-03
-6.580376189050385349e-04
-5.995657881792126886e-04
-7.086764283337210202e-04
-2.032252360921527057e-03
-1.004202079716520757e-03
3.436611109893794591e-04
3.249653403096131044e-03
2.645744466226229719e-03
-2.475286053219560856e-03
-1.225633361488287498e-03
8.140879379687770978e-04
-3.253852569351511903e-04
-4.094941139117569406e-03
5.646112209857223618e-04
-9.602567878133072554e-04
8.018297655671968727e-04
5.796973984254494283e-04
1.508036424229253214e-03
-2.863590434963758646e-03
2.432067372169277597e-03
-1.319539915621170678e-03
2.183500604499011288e-04
-1.702310692102693146e-03
-3.646511500600024824e-03
-8.170143968866394601e-04
-2.569520368294053725e-03
3.457007697231562204e-03
3.350362501133408166e-03
-3.578555255190019047e-03
-1.322144261505564522e-03
8.863816885471553775e-04
4.521304688731131449e-03
-2.226481322990525591e-03
2.293334562124549336e-04
-4.012942780622141825e-03
-1.097350771258054358e-03
1.028612317045207725e-03
-1.198268794725954045e-03
3.207092253326715436e-04
1.998795342391113117e-03
8.293590540039419423e-04
7.197533166148906147e-04
-2.296128284344445269e-03
-1.518977803342980160e-03
2.810087799949290144e-03
-2.205136071170232803e-03
-3.023588443665792269e-04
-3.270458214516991369e-03
-1.926718695899998224e-03
1.333939448957655038e-03
-3.671752384538651270e-04
-3.536205518881341270e-03
8.099792131177618870e-04
-1.017163600998904904e-03
1.157383212930462868e-03
1.253530824751880601e-03
2.296268549412117110e-04
-2.868641089903034569e-03
-3.618706636497881490e-04
-1.511815190993415214e-03
1.611923187012309633e-03
-1.376684699395558376e-03
-7.915429924221228930e-04
4.049578534205400260e-04
1.280996377097554095e-03
-3.427731242027665104e-03
1.858128396308833530e-03
1.498346188846255700e-03
-3.456905718266289895e-03
1.742879369585059735e-04
1.041812709764000644e-03
9.965144247063850713e-04
-1.842644138875915161e-03
-1.794764586602104472e-03
9.499313905985129480e-04
-2.397989968472846734e-03
-3.153345648388428124e-03
-2.364566293127201568e-03
-1.923745075297467189e-03
1.686770527643544071e-04
-1.824126921487145836e-03
1.675076408252929028e-04
1.557090648112047226e-03
-1.197548609218945792e-03
-4.332963115201482474e-03
-2.928595713086790120e-03
-9.375913178125694358e-04
-2.875376720306355161e-03
6.071438253523187001e-04
2.108083225242696201e-03
-4.164449295187555578e-04
-3.149410652475426176e-04
-5.676140166324450398e-03
-1.377265881907674405e-03
2.227589468398849526e-03
3.037303832781335089e-04
-3.413515387476029339e-03
7.939763694975177089e-04
1.605907297106745624e-03
-4.603695167503918384e-03
-4.514941498193647540e-03
-2.522528914021271440e-03
-1.383631814892205547e-03
2.486951066310583158e-04
-7.393921063300057384e-04
4.659287915266263624e-04
-1.068723483824585152e-03
-1.414369843356633183e-04
-2.518493595538684460e-03
-2.937110365289763436e-03
-2.178975726672138791e-03
3.185074119525843628e-03
-1.441133546247419517e-03
-5.955265555276367806e-04
-1.540266899081821350e-03
2.445379272633108059e-04
2.917273488285077043e-03
-3.529869821055964252e-03
-2.584016529142862950e-03
2.761943350263806884e-03
5.691687075924933836e-04
-3.036796847904588148e-03
1.510328730603971437e-04
-1.985840885906808850e-03
2.045092500077005937e-04
-1.409445725971569807e-03
-2.921391471066736578e-03
-6.703289546281521183e-04
-5.019827959340528167e-05
-3.011832772852329754e-04
-2.704747026439746627e-03
-2.959562079466460105e-04
-5.197230881173187100e-04
-2.503153323446527523e-03
-1.489998700059835812e-03
-3.803989166626386975e-03
2.822399961755817088e-03
1.779194576358666957e-03
-4.203414304163599624e-04
-3.561914458723780541e-03
-4.253702096785882958e-04
-2.413779603643306793e-03
-1.654295531726579505e-03
3.116425480541473725e-03
-2.040494459556452256e-03
-1.899558812688439957e-03
-9.666874206957221105e-04
-2.355549001018530930e-03
-1.424679780091420156e-03
-2.061696491532094555e-03
2.135653547812310649e-04
8.048714491293296192e-05
1.658968893239465281e-03
-2.286181142776455566e-03
7.565515067320394138e-04
4.358183107268098766e-04
-1.756304514874407197e-03
8.187086977572421986e-04
-2.405238859165659271e-03
-2.505564051994091379e-03
-2.539681886358113871e-03
-3.608954919337326039e-03
9.031045909211332656e-04
-1.476591853567521540e-04
2.698560779338277094e-03
-1.693403455456432560e-03
-1.664341172375127798e-03
-1.673132138372168676e-03
-4.780462391972273295e-04
-7.206112332656111619e-04
-1.843588606742163627e-03
-1.970655931072484712e-03
-1.077633668544408785e-03
-1.292245842504646802e-04
9.634814430647953287e-04
-1.761294126252366254e-04
-6.974639144778915778e-04
2.562987216827128378e-03
-3.832516386480411263e-03
-5.304893099398189094e-04
-1.731125307693925919e-03
-1.991951051709683895e-03
-1.855698675597206027e-03
-5.666839415195967788e-04
2.814920030430601017e-03
-1.877260370861000283e-03
-2.368146123630565647e-03
-1.793394055085051342e-03
-1.348309249279755484e-03
-3.078437022055791061e-03
-5.497281585579161245e-04
1.782008998657547139e-03
-7.972046871367322041e-04
8.114010707058749716e-04
1.330075654302764754e-03
3.580596572530625465e-03
-1.333244200867444995e-03
1.573436977870712461e-03
-1.617595777742564245e-03
-3.403094580380239265e-03
2.975427938485486479e-03
5.948704134903781693e-04
2.962201084316995470e-03
-2.687325568396015107e-03
1.805612355183505713e-04
2.631619236184823407e-03
1.605924170605899093e-03
-4.239683308322583777e-03
1.079049968251699632e-03
4.748972294638109659e-04
2.486539656453623515e-03
-3.621330942574663148e-03
-1.556527051281508811e-03
-1.072912645128210052e-03
-3.323417536213568724e-03
1.182614145498250835e-03
-2.889123443892027687e-03
-2.078096345588642535e-03
5.747753681909495427e-04
-2.231227624752585292e-03
-1.829012200424973145e-03
7.265541321542778874e-04
1.266055325091275385e-03
2.570806265074554453e-03
2.074889173758753813e-04
3.917581146600790376e-04
9.752767485693425442e-05
-1.554549199004551241e-03
1.550719230323904796e-03
-2.417608918311553445e-03
2.249684336020463249e-03
1.770319845407541948e-03
-9.759164144752530134e-04
-3.205853159663707430e-03
-3.870112280509596658e-04
-1.697258804092549589e-03
-1.784299337768580074e-03
2.240806749558954536e-03
-1.185789517285651407e-03
2.554211052878785360e-03
1.957896202860132107e-03
-1.127228217454923076e-03
-1.228753987543074189e-03
-4.196761266223814069e-03
6.751763677514954765e-04
-1.344809716395500843e-03
-3.481228065081776180e-03
-2.851903043442405306e-03
1.256323141430870649e-03
-4.543776362579965422e-04
-2.094986209349780637e-03
3.430152836152666751e-03
-1.543481771046573137e-03
3.337318374407871602e-04
-3.345330633693355260e-03
6.820897334148812163e-04
1.270359523769859500e-03
-8.634461643928226238e-04
-4.414818359812500148e-04
6.700770970906599899e-04
-5.078026879072772282e-03
-7.562543651384867616e-04
1.115210098384333826e-03
-5.114442170861543957e-05
-1.680624209188241736e-03
-5.022583135165792356e-04
3.756607555271185284e-03
-1.274643819141330070e-04
-1.382837917212498269e-03
-9.507427853119310157e-04
4.211829021838475740e-04
1.596051064919334905e-03
-8.416567999417479129e-04
-1.140900976821401791e-03
9.191181470032949719e-04
1.688373665217679509e-03
3.867455651766493752e-03
-9.229150799229257629e-04
-2.490692471021183074e-03
-3.123288973696514148e-04
1.390397141777022227e-03
-1.875922856361622593e-03
1.835136390223035541e-03
-9.460332383179892446e-04
-4.955461172028163830e-04
-4.086718631949204372e-03
-2.270096139413868563e-03
-2.316035389756665452e-04
-9.509044769765440108e-04
-5.310031965223394046e-03
-1.109775200793805539e-03
-2.413283337148963703e-03
-1.409253299712864838e-03
-4.991651962837906353e-05
-3.146704020586810202e-04
-2.575052319300108472e-03
-1.286862317932624400e-03
-2.449095875046825022e-03
3.125271170714927216e-03
1.061826867159165744e-04
-3.120621182857719056e-03
-2.052615880901220713e-03
2.506849661382259953e-04
1.858568739124377700e-03
-5.464852790347807243e-04
1.484448638460866832e-03
-6.116761310234197779e-04
3.924186608566970769e-03
2.492571487886507953e-04
-3.485391584620134431e-03
-1.181420836213309400e-03
7.750799096573057767e-05
8.746021394309133612e-04
-2.114160773260875814e-03
1.012056618380330342e-03
1.825326864247855951e-03
1.121083602778183419e-03
2.028488915057358177e-03
7.493228133950147196e-04
-4.728786052565769893e-04
-2.703169908762070861e-04
-5.213119141393995903e-04
-2.791933279969960324e-03
-1.002066667447509829e-03
1.979190122483043268e-03
7.531872749204637785e-04
4.344023569039512367e-04
-3.963229985622818141e-03
1.289566087185001209e-03
-3.206829101652930447e-04
1.294348543945278429e-03
-9.843317813208463107e-04
4.989522934165657730e-04
1.499653689616353702e-03
-1.825412343408938654e-03
4.292685948786179040e-03
-2.357359964680227904e-03
-2.420577094188414158e-03
2.227187756562387655e-03
1.050985782899638288e-03
-1.414378681915517966e-03
-1.640758743248982299e-03
1.219435933932255800e-03
-1.948313996875117304e-03
1.966300010495247719e-04
-2.184372063463779767e-03
1.213533341777428554e-03
-1.642541167438116290e-03
-1.729293789640817813e-03
-5.192753552532014538e-04
-1.438627318791629861e-04
1.244960826531138487e-03
2.499931853317871600e-03
1.056895895082066161e-03
-3.908661298453353083e-03
1.174928780993456101e-03
-8.335107800627739039e-07
-3.782959071128355610e-03
-3.458023794067344170e-05
-8.420516828849811120e-04
-2.387407001001040641e-04
2.014726499064867227e-03
1.097840077708411854e-04
-6.446494324852114488e-04
-4.263293029242998244e-04
-7.047510393084488456e-04
5.200372594447721930e-03
-9.900965148074147848e-04
2.130317998316644257e-03
-4.884287862702230143e-03
-5.734922803231512489e-03
-2.582547726088124662e-03
1.437574313319922581e-04
2.913354333252904382e-03
-4.371391034400429199e-03
-2.992871005588759736e-03
-3.876676391268651933e-03
1.934506071375907688e-03
7.018964296425789229e-04
2.155027848889656816e-03
-5.320672933306513919e-03
1.762059286098738298e-03
1.328941345896117454e-04
-7.645374857102593680e-04
-2.544368943933950078e-03
-1.738550900724278314e-03
-3.449788778506657216e-03
7.166028627016984842e-04
-2.829158878992488191e-03
-2.870360472478572511e-03
-4.883250033472785745e-03
-2.521706323557859619e-03
3.989832851048591422e-03
-1.889181824755836736e-03
-4.814817055347031527e-03
-6.403239281217443235e-04
1.560577812508623374e-03
-3.499606767448648625e-04
-3.334742591684092261e-03
-2.035515253541841929e-03
6.465497531525921104e-04
-2.268239361246315866e-03
5.943950756511773292e-04
-1.758204273033192599e-03
1.198108201269088013e-03
-2.337691238053385412e-03
2.154243402079702996e-03
2.223583006261020678e-03
-1.361905740146274191e-03
-2.304373645100277201e-03
1.096005593034465875e-03
-1.202663519922597679e-03
-2.326500403922682203e-03
-1.664815958622112291e-03
1.935910703175669489e-03
8.014690686707348632e-04
-3.154536223473947132e-03
-1.286497830090271854e-03
2.652529987764440378e-03
1.786634863374270132e-03
1.402955309626641167e-03
-1.609062957178553077e-03
6.729899518972404238e-04
2.213164301085646102e-03
-3.953450453969220568e-03
-4.482137637925376339e-03
-4.630394659251857448e-04
3.551941012142068033e-04
-3.617298293841497703e-03
6.205990198533406499e-04
-1.375373065038987264e-03
1.263372177653709905e-03
1.522006563237199295e-03
-3.442221598115136061e-03
-4.976017929885889757e-03
-1.429838014404660740e-03
-1.208644568379102502e-03
-1.652054155705906524e-03
-3.361992309180994454e-03
-2.573205787312682347e-03
-1.407735551131383822e-03
-1.938894682442904305e-03
-1.337574180566680759e-03
2.440247019249830451e-03
1.788346945827523626e-03
-1.692926180503318001e-03
-2.458671678241652891e-03
-2.927732930280813051e-03
3.804194280460415634e-03
-1.917063995766632445e-04
1.327543270289943678e-03
7.992034958801408351e-04
-2.380797338520368456e-03
-1.298444528707753953e-03
2.880853067230404463e-03
-1.824602549861831235e-03
-4.360375796196636067e-03
-2.454096548223927421e-03
-4.197636044658725751e-03
-9.548368429070919206e-04
-2.449800392507972546e-03
-1.366292484190401169e-03
1.076271116244420512e-03
-3.888759681748177321e-03
-1.109305147106942613e-03
-2.006721865002836225e-03
-1.578180411089369350e-03
-1.038832240986442557e-03
1.642734811070134526e-03
-6.439324519271760749e-04
4.058520800180098753e-03
-1.616358372311665903e-03
2.171752577825980524e-03
-1.394628780075790608e-03
9.429625710888345225e-05
1.102638039939485282e-03
7.655554965769750808e-04
-1.991295429406347850e-03
-1.660044211717393026e-03
-4.877728771110922956e-03
6.967421977230880970e-04
-4.579307308300806234e-03
-9.439655269630753409e-04
-8.877675460401412977e-04
-8.118104929221159338e-04
-9.128605702426462187e-04
1.412361826752417393e-03
8.770362380090546139e-04
-1.460713314772599247e-04
1.955325867651902527e-04
1.178379219152980717e-03
1.283797444439849222e-03
-4.172995451627081742e-03
1.257863026480565694e-03
-3.276576880214432386e-03
-1.077258482987675237e-04
3.556174272815404436e-03
-3.288089825772222419e-03
3.419849093362015147e-03
-1.441502883362311138e-03
-1.752975933168032796e-04
1.775603207172293807e-03
-2.945004951002028193e-03
3.555295086475895872e-04
6.923219407162228833e-04
-2.384837152737073751e-03
-2.430795455959033902e-03
-1.752621291177702822e-03
-1.100356723235051959e-03
-4.097401220262586463e-03
-2.547540873398923544e-03
2.364588409825896242e-03
-1.149662364319237184e-04
-1.617315109283534724e-04
1.302572970593884882e-03
5.978785298671462911e-04
7.979703686702421805e-04
2.079319626013376165e-03
-1.964493472052741829e-03
8.638533117341085088e-04
-1.283548002649848030e-03
-3.837010059164480680e-03
-2.362960345408948726e-04
-2.893554101463746697e-03
-1.140115571523936389e-03
-2.185854109753027075e-04
-3.558556242877819464e-03
-4.137201698804271466e-03
-2.929753095794795925e-03
-1.801462539248510630e-03
-2.765577769223037663e-03
-1.460178865086092515e-03
-1.292320207052610748e-03
7.067559804091461118e-04
8.346975513129351043e-04
-6.752636628257757678e-04
-2.006317939958868202e-03
4.560683487581096429e-04
-1.120189282347583415e-03
3.182816079987382807e-04
-3.351937750022404572e-04
-2.596824602447478370e-03
-8.405087477109107752e-04
9.724427148576353375e-04
2.542077212840387901e-03
6.000260916808608513e-04
-3.023129555868031559e-04
1.870063418480505391e-03
-8.664453086199008780e-04
-4.580738909641945966e-04
6.450171104305235659e-04
-9.907210232164009867e-04
1.891616806318774380e-04
2.377171538817446361e-03
-2.265734290090248848e-03
-1.697297632006655732e-03
-3.609279139090704192e-04
-2.103052893611567775e-03
1.671529361347845466e-03
-1.037910328224755929e-03
5.696088306564872639e-04
4.481717257621697925e-04
-1.139780803793621899e-03
-1.218129997314854052e-03
-5.802248466290071960e-04
-2.786208881815577243e-03
-1.725440263359967474e-03
-4.775251548975067983e-03
1.868039750843042412e-04
-4.652989365515725062e-03
-2.588928221043618194e-03
-3.150931478327345658e-04
-2.437919810572952706e-03
-2.576004951817423283e-03
-2.398732877679998765e-03
-3.282695389230760874e-03
-2.437710792412728367e-03
1.857825579190119925e-04
-3.343647482302314344e-03
-2.029328564815968683e-03
-2.188527699908959789e-03
-2.660708168700898213e-03
-6.168979808625074668e-04
-1.282149063374093956e-03
-7.297861038255692989e-04
3.809744314670515664e-03
-5.764231053944079974e-04
-2.728557458032687677e-03
-1.425740461695523820e-03
-2.789453144492193282e-03
3.937813682674207172e-03
-2.172772421690227773e-03
-2.826288180691305385e-03
1.800023549362594899e-03
-1.485566999342657901e-03
-4.161101250481857861e-03
-2.749705670023638859e-03
-2.464699219778765382e-03
-1.171054929981263371e-03
-2.295875637579936068e-03
9.222570146371067423e-04
4.897973408557465547e-05
-7.096607889871542341e-04
-7.855641319853834403e-05
2.155841644179146144e-04
-3.389393132169349343e-04
1.202119442968108132e-03
5.894834558524131296e-04
-2.021401014454360379e-03
-1.945230748816584310e-03
-1.146614871721074458e-03
1.880708414882859003e-03
1.520060307361181806e-03
9.010652693396403734e-04
3.573416336110080138e-04
-1.161162535711190991e-03
7.370115802493026891e-04
-2.464644244231539716e-03
-1.280987681526180033e-03
1.400701078600574689e-03
-1.049473689807456367e-03
-9.059135828362041565e-04
-7.622491775550743753e-04
-1.706253701076132501e-03
1.434156252492990724e-03
1.056359073190793474e-03
-1.368646601159428933e-03
-9.367482236981583554e-04
-1.819448098538734016e-03
-4.660019787117164469e-04
-2.872858933524513603e-03
4.006285081959992667e-04
-1.221642662888600128e-04
-2.487674843417386761e-03
-2.290041229798145395e-03
1.745795329307187060e-03
-2.931757261518397328e-03
2.005048419388977265e-03
1.057975028955659980e-03
-2.552554287823305401e-03
-2.918217523679933478e-03
-2.206291998666731757e-03
-2.085956796366472688e-03
-3.527430808437093113e-03
-3.041570818785421793e-03
3.039647310566495619e-04
-6.677335439870812905e-04
-2.759059214736625520e-03
-2.717697992510981209e-03
-1.852542441919458049e-03
-5.887994057881540400e-04
7.964771044959295665e-04
1.265716877574263322e-03
-2.911412565167470490e-03
-5.111894789042725762e-04
-2.338484286704689552e-03
-4.388279993750465735e-03
-2.841456673737141614e-03
-1.282877061640541605e-03
-4.483991908604378906e-03
5.252925168374167342e-04
-2.011851113616569542e-03
-3.578970805570347302e-03
1.725684416271744404e-03
-1.028484921029360066e-03
-5.113490402545162183e-04
-1.447265165914979335e-03
-3.850198530114035123e-03
-2.692698314052610620e-03
-1.495637268705496403e-03
3.688742645256981589e-04
3.761840163840624029e-05
-4.420182415748818983e-03
7.469151387548000898e-04
-3.191219367317366107e-03
-2.048089013639842193e-04
1.645074301951376938e-04
1.892283421468521354e-04
5.402133702284706018e-04
-6.889979415131142204e-04
-1.843934103840649819e-03
1.106019419516601765e-03
-3.042803872708055302e-03
-3.812057940260626943e-03
-3.623598275986239514e-03
-1.701152984884046759e-03
-1.038183711528972708e-03
-3.400913041015973803e-03
-2.109443007896283362e-03
8.148621342151107783e-04
-2.706900314133342533e-04
-2.113379234776058269e-03
8.386183893355214636e-04
-9.784545769677688298e-04
-4.898569837343824673e-04
-1.518095113851591904e-04
1.120646671987524101e-03
2.445964893378449467e-03
2.246525962666390264e-03
-1.338420109229243593e-03
3.064265653903053277e-03
-8.470159774325303204e-04
-3.238378631758909165e-03
-1.610097531956400374e-03
-8.846848356537373448e-04
-2.056184608257627389e-03
1.811392516838372657e-03
-1.801390431027449779e-03
8.090919157441867071e-04
1.254593511959667396e-03
-4.324525792201328045e-03
-3.847220304825538228e-03
-2.865873152728792839e-03
-3.976475575379057048e-04
-3.114284703687020261e-03
-9.379307589933993938e-04
-4.937280441319913393e-03
4.093270787789760057e-03
-5.265972881584701781e-03
-1.193474609192390901e-03
-1.967073094866655936e-03
3.239282292694101173e-04
-5.302382458830523504e-04
-3.610846125203792667e-04
-1.377334474366942452e-03
-1.670501324925965925e-03
8.683339680900514779e-04
3.257272201409699974e-03
-4.940393587510416573e-03
1.790300599836869289e-03
-1.958318635388978102e-03
-1.200816650254621365e-03
-5.803824387713429900e-04
-1.056025619840750274e-03
1.173204982012343578e-03
1.218903804063531382e-03
1.681657730700725217e-03
1.782514480768271348e-03
-1.043427952459818897e-03
6.908616362590880300e-04
3.595578807503718721e-04
-1.448290119228534678e-03
8.124023815616610023e-04
1.855976080188614930e-03
-1.385056496384651226e-03
-2.497410649071607480e-05
-7.630692894703416940e-04
-2.938445903887254573e-04
-8.485346690790818158e-04
-1.472379631848874659e-03
-2.849106819062030560e-03
-2.435843528361125720e-04
-1.724112745516981349e-04
-3.167364018532792258e-03
-1.889297054892047356e-03
2.793122681053250567e-03
-8.619459333888412900e-04
1.768639162623486527e-03
4.719108931002802265e-04
-9.190475410266740752e-04
-1.589458776629304460e-03
1.214612758643984769e-03
1.878492486133920281e-03
-1.595448052157166785e-03
-4.321085980356076384e-03
1.810334879724595503e-03
1.575971590121238997e-03
-2.503782291650713532e-03
-1.205847443479513004e-04
-6.453691148076146078e-04
3.793102129580061543e-04
1.470664516083242113e-03
-3.181948746000751171e-03
-2.165995885929028475e-03
-4.379301824565251522e-03
-1.365475316791209259e-03
-2.521578472641894386e-03
-1.824400158139005690e-03
-2.814343348264580769e-03
-9.178632062258884616e-04
1.165926506361270043e-04
-5.437324951207633816e-03
-3.954737107095152027e-03
9.671420165427990767e-04
6.989147852037858044e-04
-4.822435663227264691e-03
-1.858728999217462707e-03
-4.197172582232400195e-03
3.379903761545621776e-04
-2.527056697156027099e-03
-8.526684109522175703e-04
-2.452920006764114369e-03
-6.862057171852509185e-05
-2.868847835271526314e-03
-5.789018832239589685e-04
-1.618211226561694360e-04
1.403834028618655694e-03
-8.458878164852023929e-04
4.246779456950067200e-04
8.373306080187159495e-04
-1.465174857973483569e-03
7.915313604782703294e-04
-4.118599178367876590e-03
-5.699279979152205300e-04
-5.823493478474106588e-03
2.612245009643299198e-04
4.281810371664085402e-03
-1.272261367965876744e-03
-4.974772885283806900e-03
-7.638015332789294121e-04
-2.860242707766968984e-03
1.013777975023777422e-03
-1.645182947006773588e-03
-2.394579226878690292e-03
2.498050497011794491e-03
1.860655798751387202e-03
-9.269046671763758738e-04
-3.323364538848627703e-04
6.902033989204525710e-04
8.368826211646585023e-05
-7.007845252404720782e-04
9.625862026544362848e-04
-3.241331212505249582e-03
-2.051031957876370271e-03
-4.246274504153269014e-03
2.616714033284006646e-03
-3.200643154466775719e-03
-1.982091429031052066e-03
1.429426636462172162e-03
-1.758973364828553265e-03
5.522425783689444145e-04
-9.151522821266855345e-04
-1.790536276405685356e-03
-5.016277055814311048e-03
-1.130474312426743566e-03
-6.215540074159697781e-03
-9.103587013886693668e-04
1.152220885711430221e-03
-1.005605250499197467e-04
-6.041313546627846698e-03
4.976698661139922208e-04
1.869341829969672908e-03
5.527516811301147470e-04
-5.219962892872853644e-04
-5.567166458404493312e-04
-5.122798312968912526e-03
-1.534503328372238684e-03
5.333295541704030640e-04
-1.566463695373276899e-03
1.287294851965992137e-03
3.236756635249249392e-03
-1.455176342608277551e-03
-2.164752018305238224e-03
-1.227500411483783971e-03
8.645159878972741296e-05
-1.299088111611834684e-03
-2.361492026931366617e-03
-9.585865862427045414e-05
-7.987315711704967569e-04
2.492901864625030051e-03
-3.990032262995990564e-04
2.052423617128096289e-03
1.548102474416834795e-03
-4.261715219880946037e-04
-2.198401383610271154e-03
-1.136215299842424642e-03
5.291880507873880646e-05
-1.888549448489040827e-03
-2.527113675993231112e-03
-1.604024934439896022e-03
8.228805531560468012e-04
-4.758967714995288034e-03
2.207629853160475442e-03
1.158767426375773013e-03
-3.695516784152697021e-03
-1.329329854290683954e-03
2.539406133078569994e-04
3.170729005984251891e-03
-4.769104413398839171e-03
-3.146611610867267039e-03
1.496276357594306106e-04
2.872594968436947838e-03
-7.225061819154943166e-04
-4.792189441749528100e-03
-1.286498939985114554e-03
-2.711287070621404283e-04
8.695337728108487596e-04
-4.129817080042230693e-03
-4.103822681225666180e-03
-5.082470498222191324e-04
6.474541014578338860e-05
5.160058813966750257e-03
-9.354451999989965572e-04
-5.297690594947557230e-04
1.025084866647318904e-03
-1.515080495769871582e-03
-7.252056019646513363e-05
-1.350664936080603340e-04
-4.842365539425852461e-05
-3.742875125977374040e-03
-1.416386994836482671e-03
2.220583361844385983e-03
-3.319705999726307866e-03
-1.821645917942871229e-03
2.581307497390161743e-04
-4.311904036330416190e-03
-1.198148337942961383e-03
3.117835024448623038e-03
5.623547670485784522e-05
9.154106980918674807e-04
-1.642275911496127172e-03
7.338860067499508588e-04
1.816845992290705425e-03
-2.012353390118404306e-04
-4.001276482785698363e-03
-1.157633550213366114e-03
7.717452467693730611e-04
-1.676577644746601869e-03
-2.202107931409291730e-03
-4.287747014465881357e-03
6.621962448344342889e-04
-1.154440875596352001e-03
-2.802663343751010672e-03
-3.415542442566144032e-03
4.679930838993318076e-04
1.538898740943595023e-03
-1.318240915303858785e-03
-4.407382866153275458e-03
-1.734254521025602180e-03
-1.725982974220885424e-03
-6.573812018362268361e-05
-3.591945351434366884e-04
3.056996440034986939e-03
2.897884242236692387e-06
-7.147924393295923551e-04
-2.853873455904376577e-03
-2.267050158920369540e-03
-3.954426054304294169e-03
7.051697721638383598e-05
5.211530529809493828e-04
-2.524208510540248973e-03
-6.383304625874886007e-03
-4.143325592309676786e-03
2.294043846819970867e-03
-2.399563163706375235e-04
-2.839092016277522390e-03
1.632040484383034951e-03
-2.232938724960886745e-04
-2.195495326918761592e-03
3.600038751838674500e-05
-2.748022067586286532e-03
-3.335346310619824450e-03
-1.195266581792364669e-03
-2.301513957986722758e-03
-2.831862493404280201e-04
1.831161258678770665e-03
-1.261119630585616491e-04
1.078501541079246451e-03
-3.831855155645991218e-04
1.034392775451253854e-03
-4.889350904999645309e-04
-1.593534015422726213e-03
4.714461618893217576e-04
-2.097561611738130161e-03
-1.176356737971118172e-03
-3.293447816219763347e-03
-5.573754631881255861e-04
4.560780519027307633e-04
1.426892238770904875e-03
-9.743432323894296587e-04
-2.770878876726445839e-03
-1.438573711390223053e-03
-5.921228820591761810e-03
9.138891055725517631e-04
-3.155931373179376997e-03
-8.058410001076099505e-04
-4.861158178161018029e-04
-1.208374097839692851e-04
-4.284941047807189207e-03
-2.673499467487183701e-03
1.285098687449082178e-03
-1.068179197100671551e-03
-3.989653483177924009e-03
-1.211312169417610995e-03
3.800794709140076222e-04
-1.577784986685815127e-03
4.520506081540087706e-05
1.368133633287027529e-03
1.443114504279252586e-04
-1.918522790604559880e-03
-8.224658338521484424e-04
-3.585515699057295613e-03
1.093307487999406469e-03
-1.557530572651844025e-03
-2.292850018928871414e-03
-4.992772220320240706e-04
-2.680624957602684155e-03
-4.261561099514477036e-03
2.319870517921041042e-03
-1.212632669175151001e-03
1.175414635733784685e-03
2.371165219599236096e-03
1.163296915655420705e-03
-7.919022365086014759e-04
1.150616396593862056e-03
3.524412863617043534e-03
-2.306396737665084018e-03
-4.970998052110764398e-03
-8.998658055620056828e-04
-4.587149419300495801e-03
1.347995208729413363e-03
-3.106465016040949045e-03
-1.980591601863923579e-03
-3.280444138826887901e-03
2.694740040542153992e-03
-2.874761697834959939e-03
-1.243111357582704635e-03
-2.490248498264069354e-03
-3.368320964533655371e-03
-3.809931272807931535e-04
-1.603405529818080488e-03
-6.337485320857538795e-04
-2.615666352537071582e-03
-1.323989790398605315e-03
3.990747230653179933e-03
-4.985827154250999094e-03
-4.647075780043863347e-03
-3.663162977179390545e-03
-2.506667049997024499e-03
-1.167811870385615514e-03
2.887459724298935271e-04
-3.973754055405231966e-04
1.535721201990858376e-03
3.654457571882652189e-03
2.241808217688934235e-04
-2.037028859799838720e-03
-1.107666929940354095e-04
-2.803637759615562608e-03
-2.976287775583785766e-03
2.021040974823362646e-04
-1.252760281527542929e-03
-2.844411797295776090e-03
3.053026790781343536e-04
-4.563925097490484362e-04
-1.482680802104008322e-03
-1.720334813294366327e-04
-1.680929517019036368e-03
-3.262661433516944598e-03
1.520675239626512187e-03
1.023762019506935239e-03
5.634411751294088333e-04
2.489099270526207164e-03
-1.741785757112923605e-03
-8.907306192511565968e-04
1.333330920527786567e-03
-1.127579892642671666e-03
-3.335176905626013877e-03
2.916205079604550221e-03
1.038994188640729455e-03
8.496497244436795881e-04
-3.333699746114415774e-03
-1.558515781237668207e-03
-5.163064043167686634e-05
-1.437645994701086671e-03
-1.348123751288787808e-03
-3.769092943787022421e-03
-4.572022808948528194e-04
2.105592771012410047e-03
-5.663431540446572932e-03
2.666012656635796674e-03
2.486814292167349727e-03
-1.774653214939858614e-03
-1.893051433759063151e-03
-1.745655726871686575e-03
-4.631813683224739187e-03
-5.325177594063257303e-04
6.101410002445906144e-04
-1.259924317152272266e-03
-3.042630320089223517e-04
-4.288851986941732974e-03
-1.105894584085165278e-03
3.076864121129285756e-03
-2.636131721357903857e-03
-3.788802470360730368e-03
-1.680178707582968833e-03
1.683550780244402745e-03
-2.334076832103071375e-03
4.758498298680358118e-04
7.297001127328783809e-04
1.011375788500079587e-03
-1.021305083870438501e-03
-2.746699236508054476e-03
-2.556347546814552452e-03
1.173520992745480385e-03
-9.159650195801338768e-04
5.329932685125271519e-04
-3.292067451196034611e-04
-4.310331929191502098e-05
-3.159074280249085653e-03
-1.067712961453026743e-03
3.633812402314973156e-05
-7.389305315109728767e-04
-4.114098334492610753e-03
-4.108165092702287247e-03
6.627540453089109107e-04
-3.095536199440585001e-03
-2.805926393532054419e-04
-2.882647311859387607e-03
-1.746570179270490186e-03
2.613563879514502197e-03
-1.118968193503988573e-03
3.094562988154025973e-04
-5.680068645041447262e-03
2.046345936588367387e-03
2.441439335956196999e-04
1.337912127477691726e-03
-1.912106343996744506e-03
-2.398566716808714361e-03
1.471855223576290506e-03
4.675474755803099569e-04
6.107888822804996565e-04
2.428384659104887433e-03
-8.780185895362890847e-04
-9.578921737309897821e-04
3.275905799265621532e-03
-3.986241551636737768e-04
-4.982517201290725950e-04
-6.743221912848262889e-04
1.939742105474207001e-03
1.257840029262213832e-03
-3.241512033379079227e-03
1.318622327795115901e-03
-2.108548997076464815e-03
2.884310896414166159e-03
-3.943799018959470715e-04
-3.667649668100847471e-03
-2.378518834625031886e-03
-2.787670205233849785e-03
-5.168265062185595227e-03
2.601696961433974664e-04
1.646198267903353774e-03
-3.051078818238184276e-03
-7.030272232294576540e-04
-2.199962052319204275e-03
-2.708612061389170655e-03
-3.805991224909877069e-03
-8.500029249737250936e-04
1.428641054246337916e-05
8.807799316298270398e-04
4.562856999273945391e-04
-2.183466026363101165e-04
-2.668524487781653853e-03
-8.124075456927837280e-04
-2.117001809320284700e-03
-1.462552012331364004e-03
-3.664459174079315318e-03
-2.505097976443493302e-03
-2.035069980592663086e-04
1.835611115279522920e-03
-4.123700434761401468e-03
3.519384423313898225e-04
-2.870156268285906087e-03
-2.472280108918645247e-03
-3.503952149970013252e-03
-3.334273849247892940e-03
1.137991877844024557e-03
-2.855507197248363660e-03
1.120146380777953254e-03
9.109672691653969423e-05
-3.959709620191764756e-03
-4.409697723624650401e-03
-5.108248359708689179e-05
2.512346953426281004e-03
-4.225798884133213917e-03
-3.308106305446312234e-04
-1.159693107110393306e-03
-4.669492656033780165e-03
-5.164973038584985687e-05
5.788614013726434138e-04
-2.169373052197776097e-03
2.300577821754190566e-03
-3.465388399785052087e-03
-1.285273504464057304e-03
-2.951744832972891253e-03
2.117163952081502210e-03
1.955051203497149004e-04
-2.025989911692449574e-03
-5.482967172962815994e-03
7.111640328983925841e-04
-2.457096714126749681e-03
-4.691529977753905456e-04
6.851273907895194526e-04
-1.663190473749742715e-03
-1.059823919350444399e-03
-6.256791017984486558e-04
-9.297043711830044188e-04
-3.163081557093772034e-04
-1.229971425593223699e-03
4.051209213372430895e-03
-1.130773904646331651e-03
-1.262882056186076518e-03
1.438649542846448526e-04
2.827747351511478158e-04
8.198644612396055464e-04
-2.783936390660102234e-05
-2.917906935996583684e-03
-1.002929456729861890e-03
-2.291416411135394071e-03
-2.153279840518274035e-03
2.885652606814392840e-04
5.392811313212897417e-04
1.446092149515187941e-05
-2.264580225603829433e-04
1.657334883997885200e-03
-1.922742163983359731e-04
-1.785520434158360814e-03
-1.237898627031386312e-03
-3.156087074644986501e-04
5.801910239319307827e-03
-2.218624334835439527e-03
3.263150560634642261e-03
-1.328999570271327535e-03
-1.328328100015263580e-03
7.837961216927702424e-04
2.984669246631432848e-03
-1.850066439485709147e-03
1.845176652028879261e-04
-4.418828873611224672e-03
-1.607272371388468457e-03
-1.755987040949369415e-03
2.826665444863873944e-03
-3.068271249849763294e-04
-4.528401847688545701e-03
1.434433044954164238e-03
-3.183158937908325825e-03
-1.828610880585390674e-03
-1.256514011150677845e-03
1.903976395817630340e-03
-4.602442873659073896e-04
-4.612560726217518337e-03
2.002672572089192471e-03
-1.867082347008719445e-03
-1.336236844004856650e-03
-1.899342143931281868e-03
9.747915420044162005e-04
-1.089966543204923255e-03
2.240751938188401127e-04
1.278133624989963302e-03
-2.638785270562271634e-03
-8.216339279726314615e-04
1.679495573985612111e-03
9.218248128445294398e-04
-2.319395060965345756e-03
2.291132321151634343e-04
-3.046286156068722661e-04
-4.449621307841655771e-03
-1.660905290779668420e-03
-4.002945848091687964e-05
1.909978272505941099e-03
-2.195403769313486464e-03
-2.102461489528417715e-03
-2.018719915122146880e-03
-2.553835468384946239e-03
-7.093402530908843318e-04
-3.900887182880397042e-03
-2.008072306851849120e-03
-3.640782192126601480e-03
-3.754780463822382508e-03
-1.920268915440392909e-03
-3.902525964525782598e-03
7.720829766817427497e-04
-5.562480521380530618e-04
2.643401952702184587e-04
-2.394841873864184123e-03
-3.017599275799365266e-03
1.641243396208635907e-03
-2.269645394501473845e-03
-1.671029812765789657e-03
-4.289251277037164911e-03
-7.759970881955347011e-04
3.015496547395524196e-03
-2.414425081611715207e-03
-1.983344371883521973e-03
8.146576038818853505e-04
1.464692321771821071e-03
-3.737424341944350914e-03
2.058801732375159510e-03
-1.042871490930075140e-03
-4.428725253436960330e-04
-4.807717574084158230e-03
2.310171815917305693e-03
-3.149371633297759487e-03
-3.330715943596906925e-04
-3.741079860900553555e-04
-4.030199661878008932e-03
-1.186734182620385880e-03
-5.315281114886438729e-03
1.390127369153226766e-03
-6.505609621985097846e-04
1.276642579514875031e-03
-2.216921911162295089e-04
2.266752846643571573e-04
-3.550412607771225026e-04
8.983870513522562717e-04
-8.943864618643493358e-04
2.431652206291379237e-03
-3.035452940387761700e-03
1.077577145650265855e-03
3.490707211825649914e-03
-1.949768412406793772e-03
-5.125299142261230401e-04
-4.873473453735899241e-03
2.828361621055375252e-03
-4.063547993636729139e-03
-3.262076549399806069e-03
-2.638022625358504847e-03
1.815782023576462123e-03
1.461700290824485826e-03
-1.076322918333261214e-03
-2.747098617064569481e-03
1.228902730857628356e-04
1.636046534286728082e-03
-1.936600190418968914e-03
5.321080011612133731e-04
1.120675052019626250e-03
3.548502026801125808e-04
2.581988772038523727e-03
-8.369721489344117415e-04
2.188926518831402213e-03
1.577729441783914943e-03
2.475166992570776436e-03
-2.274664056298503212e-03
-2.842046887457816418e-03
-2.034965344656303188e-03
2.087339033489010731e-03
2.152937787582853701e-04
2.003073041418890199e-04
-1.931815863945529621e-03
-2.321316585496946416e-03
-6.104293083428746769e-04
-4.597702672449299754e-03
-2.815788317688250331e-04
2.129168504554690422e-03
-5.952789976424455176e-04
3.944045358361680798e-05
-4.008023689230810760e-03
-3.798395550703936863e-03
2.540951913819533559e-03
1.854485401757810514e-03
-1.783664299602305547e-03
-1.555970217742563833e-03
-1.267733302800388984e-03
4.152333990401935182e-03
-2.504783346762073926e-03
-2.544804891774110622e-03
-3.026781282735702128e-03
-9.755467491037173033e-04
7.638788855326428262e-04
-3.530680101380134772e-04
1.696221104488970788e-03
-1.513248727681548722e-03
-9.349558881130981547e-04
-2.031798874934986898e-03
3.223083499546142150e-04
1.081261879372297230e-03
-2.977343029769374816e-03
-4.383803897662907900e-04
-2.744918780283156501e-03
-1.039836483990863591e-03
-4.862654484847350744e-04
-7.923130645256515336e-04
9.776394227268836445e-04
-2.082548127138261762e-03
6.271040205647615551e-04
1.147634945770414916e-03
-1.023867632132358096e-03
5.539732625765569907e-04
8.920243837798880193e-04
-3.397827369931105679e-03
1.291273050799457422e-03
2.040896352828225346e-03
1.255415949396265773e-03
1.426544525896522586e-03
-2.528727899176019811e-03
1.243312473985014321e-03
-2.307816720039990166e-03
-1.879174813497197505e-03
1.116078086021321525e-03
1.079265101533888327e-03
1.283762877921645895e-04
1.642287846181589295e-03
-1.528824084340185685e-03
-2.547394109976841570e-03
-5.820390650845830294e-05
-3.687069789227837013e-03
2.218162887509533832e-04
-2.550889544565393408e-03
-4.959197348088917323e-04
7.619049830120960820e-04
-2.049379296856224109e-03
-3.889166920870823496e-03
-2.091335259279292202e-03
-6.150990121857047299e-04
-3.345419167972263352e-03
-4.015367799418689820e-03
-2.461548460880313982e-04
-5.521438483239160533e-04
2.290436896009717671e-03
1.094725007204644385e-04
1.995056137746864522e-04
-3.808578714756261085e-03
-4.197697988204129871e-04
2.294412523206501575e-03
-3.965523593154163251e-03
9.016285526646239390e-04
3.215128714963988443e-04
-5.788355294771951876e-03
-1.795496934748119777e-03
-3.319617825282339396e-03
-1.603857606278014103e-03
-1.489239366268435560e-03
-2.436173255678464322e-03
9.807451969703340211e-04
2.931921412410831707e-03
1.385927144255449939e-03
-1.859183985240098202e-03
-1.520828051461697861e-03
-3.027413144082613528e-03
7.902596373547954300e-04
-7.105511798766173115e-05
1.438400154106456164e-03
-1.448016587047074033e-03
2.924530086252929983e-03
-2.879860827777580567e-03
-4.475800024614784434e-04
-2.727939423625702631e-03
1.517375884292238020e-03
1.197732435572640419e-03
7.772190503296805275e-05
3.340268380119804092e-03
-1.093677919516866659e-03
-4.979097896573358994e-03
-3.636205343862441985e-03
-7.706306013732788784e-04
1.170080325572531166e-03
-2.441461429491531554e-03
1.695304991382040605e-03
-4.173605620831022378e-03
-2.793574739431203824e-03
2.947266017013450146e-03
-4.942129968324326939e-03
-1.708763813981106772e-03
-4.487884781184003913e-03
9.266740351729918501e-04
-3.590906924128889344e-03
-3.235748003447169729e-03
-1.572075587913168704e-03
-1.097844028442596098e-03
3.213314091360386371e-04
-2.832435424032331284e-03
-1.197800917192348713e-03
-1.288334262106172190e-03
1.012560412126273235e-03
4.760422802277952670e-04
-2.003541596564684113e-03
-1.394854772361231454e-03
1.048174751119845816e-03
-3.727098334420531067e-03
-2.385770513618434840e-03
1.203083024618578634e-03
7.718649024534007808e-04
3.472620605144527417e-03
-2.526299220793504219e-03
-1.599079562757399486e-04
-2.744898405027562660e-03
2.222155846773654631e-03
-2.794819322130215333e-03
1.461855678155266069e-03
-3.177770035923566105e-03
5.434180853849390758e-04
-1.386364981415089126e-03
-1.989525219625254415e-03
-2.433702405732374174e-03
-6.159405474621681975e-04
-3.799952887095781051e-05
-1.730716989687963725e-03
2.252535599157723389e-03
-2.808987917132688139e-03
-5.887478254914535469e-04
-9.494197139153781606e-04
1.189589915394084763e-03
-4.155278147645047326e-03
2.973488289986336852e-03
-4.250716127562226276e-03
-4.852212199143446369e-04
-4.147948740967910553e-04
-1.749320743491544761e-04
-2.608803157767902725e-03
-8.032376456869050330e-04
-7.917121850631314572e-04
-1.405977019658610772e-03
1.298124856257132365e-03
-2.927268052274389909e-03
-3.345917753957539098e-03
-1.585715708773971500e-05
-2.655327043649013952e-03
-1.110319425600803100e-03
-3.324226177981670638e-03
-2.919617813360586567e-03
1.935603721211487382e-04
1.914648736320523348e-03
-5.379937954176350345e-04
-1.752670428940561465e-03
-1.188317754414969230e-03
1.976521212201931554e-03
-1.126261182836651997e-04
3.710769997566920608e-04
-2.250419601846020967e-03
