1.250000000000000000e+09 7.326008699327446472e-02
1.252000000000000000e+09 7.334039619024812495e-02
1.254000000000000000e+09 7.373468811816463742e-02
1.256000000000000000e+09 7.289042932861433677e-02
1.258000000000000000e+09 7.293387541937090823e-02
1.260000000000000000e+09 7.286872889792028740e-02
1.262000000000000000e+09 7.650269540323717532e-02
1.264000000000000000e+09 7.527829584386613870e-02
1.266000000000000000e+09 7.434673827554383330e-02
1.268000000000000000e+09 7.073250721399315655e-02
1.270000000000000000e+09 7.455510412111210350e-02
1.272000000000000000e+09 7.433298419696032777e-02
1.274000000000000000e+09 7.619283372520291309e-02
1.276000000000000000e+09 7.410087002706855497e-02
1.278000000000000000e+09 7.376348013896116829e-02
1.280000000000000000e+09 7.455073001393697218e-02
1.282000000000000000e+09 7.262651155393051727e-02
1.284000000000000000e+09 7.584662711077705399e-02
1.286000000000000000e+09 7.245140693948692867e-02
1.288000000000000000e+09 7.551477668586870085e-02
1.290000000000000000e+09 7.319767542515975833e-02
1.292000000000000000e+09 7.237938144264433049e-02
1.294000000000000000e+09 7.488879125237291046e-02
1.296000000000000000e+09 7.275247842792176289e-02
1.298000000000000000e+09 7.456843695497916702e-02
1.300000000000000000e+09 7.486293413854028245e-02
1.302000000000000000e+09 7.529246659528954222e-02
1.304000000000000000e+09 7.359085237366247423e-02
1.306000000000000000e+09 7.353734855846938423e-02
1.308000000000000000e+09 7.263660111588055024e-02
1.310000000000000000e+09 7.192869525226186500e-02
1.312000000000000000e+09 7.001246725924836767e-02
1.314000000000000000e+09 6.899777140057072877e-02
1.316000000000000000e+09 7.000597356334126165e-02
1.318000000000000000e+09 6.911923027035848932e-02
1.320000000000000000e+09 7.050938835355957668e-02
1.322000000000000000e+09 7.363902925169318880e-02
1.324000000000000000e+09 7.264840952064088864e-02
1.326000000000000000e+09 6.781769017693684010e-02
1.328000000000000000e+09 7.180719104110111495e-02
1.330000000000000000e+09 6.720891313017185453e-02
1.332000000000000000e+09 6.195818265669161828e-02
1.334000000000000000e+09 5.816147316963715674e-02
1.336000000000000000e+09 4.603196647194374158e-02
1.338000000000000000e+09 4.173288485341009046e-02
1.340000000000000000e+09 3.031332037596523588e-02
1.342000000000000000e+09 2.393078233178103087e-02
1.344000000000000000e+09 2.357195414920776333e-02
1.346000000000000000e+09 2.196939630981376013e-02
1.348000000000000000e+09 2.434427292496299522e-02
1.350000000000000000e+09 2.852590359807749554e-02
1.352000000000000000e+09 3.707711320081696904e-02
1.354000000000000000e+09 4.607259217054315847e-02
1.356000000000000000e+09 5.022136287201983684e-02
1.358000000000000000e+09 5.560040097593343944e-02
1.360000000000000000e+09 6.182355726854349420e-02
1.362000000000000000e+09 6.405087632042483214e-02
1.364000000000000000e+09 6.429463000186386168e-02
1.366000000000000000e+09 6.665070494632574505e-02
1.368000000000000000e+09 6.422323963388121282e-02
1.370000000000000000e+09 6.390813930950012267e-02
1.372000000000000000e+09 6.245493346559261028e-02
1.374000000000000000e+09 6.381586746270118127e-02
1.376000000000000000e+09 6.471594900038657450e-02
1.378000000000000000e+09 6.305690348703274495e-02
1.380000000000000000e+09 5.889437977042533134e-02
1.382000000000000000e+09 6.124832980647554326e-02
1.384000000000000000e+09 5.899869611012387161e-02
1.386000000000000000e+09 5.984648079351984062e-02
1.388000000000000000e+09 5.940641082702269316e-02
1.390000000000000000e+09 5.900394161074984378e-02
1.392000000000000000e+09 5.823349834098379141e-02
1.394000000000000000e+09 5.891637528592874595e-02
1.396000000000000000e+09 5.918037625992500494e-02
1.398000000000000000e+09 5.999686494597777919e-02
1.400000000000000000e+09 5.795059886792253145e-02
1.402000000000000000e+09 5.169615505023406055e-02
1.404000000000000000e+09 4.775008595661778266e-02
1.406000000000000000e+09 4.451547838912806032e-02
1.408000000000000000e+09 4.378098703102240030e-02
1.410000000000000000e+09 4.267371981568934824e-02
1.412000000000000000e+09 3.943248486777062300e-02
1.414000000000000000e+09 3.976101036985557613e-02
1.416000000000000000e+09 4.513064434818259141e-02
1.418000000000000000e+09 4.413583736360748855e-02
1.420000000000000000e+09 4.761034962321963881e-02
1.422000000000000000e+09 5.237242159132771135e-02
1.424000000000000000e+09 5.353783678647106026e-02
1.426000000000000000e+09 5.748326318464358486e-02
1.428000000000000000e+09 5.834962342645311217e-02
1.430000000000000000e+09 5.866990193798271580e-02
1.432000000000000000e+09 5.746342419478100982e-02
1.434000000000000000e+09 5.365388826815253864e-02
1.436000000000000000e+09 4.956712999110512996e-02
1.438000000000000000e+09 4.543652004183484916e-02
1.440000000000000000e+09 4.101033590238545301e-02
1.442000000000000000e+09 3.895464659820857545e-02
1.444000000000000000e+09 3.819962755800487830e-02
1.446000000000000000e+09 3.962050438219344439e-02
1.448000000000000000e+09 4.098910244477882436e-02
1.450000000000000000e+09 4.330634006588462981e-02
1.452000000000000000e+09 4.499840649886210908e-02
1.454000000000000000e+09 4.983476370822748081e-02
1.456000000000000000e+09 5.324261410810215978e-02
1.458000000000000000e+09 5.164751388702792934e-02
1.460000000000000000e+09 5.157147448757282149e-02
1.462000000000000000e+09 4.991822215829699871e-02
1.464000000000000000e+09 4.744431162275020153e-02
1.466000000000000000e+09 4.462449099781440331e-02
1.468000000000000000e+09 4.168440762089198337e-02
1.470000000000000000e+09 3.908204033096462915e-02
1.472000000000000000e+09 3.785357814687939637e-02
1.474000000000000000e+09 3.801959138975341546e-02
1.476000000000000000e+09 3.933585931471028641e-02
1.478000000000000000e+09 4.033632769725514766e-02
1.480000000000000000e+09 4.174148547190703606e-02
1.482000000000000000e+09 4.213940829804863064e-02
1.484000000000000000e+09 4.254051459416274827e-02
1.486000000000000000e+09 4.228846140919462204e-02
1.488000000000000000e+09 4.242280528832642617e-02
1.490000000000000000e+09 4.065412130854928474e-02
1.492000000000000000e+09 3.641036381518703013e-02
1.494000000000000000e+09 3.547792083440959310e-02
1.496000000000000000e+09 3.390852288803358761e-02
1.498000000000000000e+09 3.571961405606871587e-02
1.500000000000000000e+09 3.788376189330633359e-02
1.502000000000000000e+09 4.035655467188936640e-02
1.504000000000000000e+09 4.384982056844444198e-02
1.506000000000000000e+09 4.583328933805197458e-02
1.508000000000000000e+09 5.012986721278878122e-02
1.510000000000000000e+09 4.997708291893676602e-02
1.512000000000000000e+09 4.696319286678385385e-02
1.514000000000000000e+09 4.391946710596983383e-02
1.516000000000000000e+09 3.824100705302835301e-02
1.518000000000000000e+09 2.947110704652511348e-02
1.520000000000000000e+09 2.654713125078711489e-02
1.522000000000000000e+09 2.240245881622948687e-02
1.524000000000000000e+09 2.033829884496807239e-02
1.526000000000000000e+09 2.140480305618897017e-02
1.528000000000000000e+09 2.029490283651702587e-02
1.530000000000000000e+09 2.139069802835336098e-02
1.532000000000000000e+09 2.316655740156048360e-02
1.534000000000000000e+09 2.876015008122867478e-02
1.536000000000000000e+09 3.329497575850304258e-02
1.538000000000000000e+09 4.036556999492202369e-02
1.540000000000000000e+09 4.527676602010466400e-02
1.542000000000000000e+09 4.872896587939778978e-02
1.544000000000000000e+09 4.992822809397168271e-02
1.546000000000000000e+09 5.007636084515099117e-02
1.548000000000000000e+09 4.975182727977978114e-02
1.550000000000000000e+09 4.783666486809878826e-02
1.552000000000000000e+09 4.602736115857153365e-02
1.554000000000000000e+09 4.720228939772719290e-02
1.556000000000000000e+09 4.441606230798655908e-02
1.558000000000000000e+09 4.312862981329346201e-02
1.560000000000000000e+09 4.528166192706928328e-02
1.562000000000000000e+09 4.374938126065575084e-02
1.564000000000000000e+09 4.532927029861866242e-02
1.566000000000000000e+09 4.445682542020645833e-02
1.568000000000000000e+09 4.531204725333015659e-02
1.570000000000000000e+09 4.789639307784021582e-02
1.572000000000000000e+09 4.821126528327268623e-02
1.574000000000000000e+09 4.787119298612974028e-02
1.576000000000000000e+09 4.766966600707389645e-02
1.578000000000000000e+09 4.632411236883293704e-02
1.580000000000000000e+09 4.587456370759568358e-02
1.582000000000000000e+09 4.655915819674205647e-02
1.584000000000000000e+09 4.691201399700328789e-02
1.586000000000000000e+09 5.078384619235010167e-02
1.588000000000000000e+09 4.940611292147678579e-02
1.590000000000000000e+09 5.469275995310374228e-02
1.592000000000000000e+09 5.286352478309608305e-02
1.594000000000000000e+09 5.482773104358762417e-02
1.596000000000000000e+09 5.493653187348701561e-02
1.598000000000000000e+09 4.901137424274937260e-02
1.600000000000000000e+09 4.440011130323828770e-02
1.602000000000000000e+09 3.802254819981154554e-02
1.604000000000000000e+09 3.207191531640052329e-02
1.606000000000000000e+09 2.715987255047769278e-02
1.608000000000000000e+09 2.254081407681962634e-02
1.610000000000000000e+09 1.997362076262265695e-02
1.612000000000000000e+09 1.993546314859362401e-02
1.614000000000000000e+09 2.037187814132490615e-02
1.616000000000000000e+09 2.225462759413465719e-02
1.618000000000000000e+09 2.413626210415298345e-02
1.620000000000000000e+09 2.759532491205651805e-02
1.622000000000000000e+09 3.215067707117191809e-02
1.624000000000000000e+09 3.798476160221175846e-02
1.626000000000000000e+09 4.179351859949964609e-02
1.628000000000000000e+09 4.608042584968219391e-02
1.630000000000000000e+09 4.660321894377805751e-02
1.632000000000000000e+09 4.670941524468119610e-02
1.634000000000000000e+09 5.154395644086406936e-02
1.636000000000000000e+09 5.247252558282067270e-02
1.638000000000000000e+09 4.936582217824858621e-02
1.640000000000000000e+09 4.990951436718782386e-02
1.642000000000000000e+09 5.062820316936578191e-02
1.644000000000000000e+09 5.433783321295426738e-02
1.646000000000000000e+09 5.534433169889940718e-02
1.648000000000000000e+09 5.835073288419001525e-02
1.650000000000000000e+09 5.755524930040800680e-02
1.652000000000000000e+09 6.061751922181402019e-02
1.654000000000000000e+09 6.090901984736407648e-02
1.656000000000000000e+09 6.249016938947715705e-02
1.658000000000000000e+09 6.311104664803413034e-02
1.660000000000000000e+09 6.225247222058050145e-02
1.662000000000000000e+09 6.476150288377091613e-02
1.664000000000000000e+09 6.571745329381650791e-02
1.666000000000000000e+09 6.318270594622910075e-02
1.668000000000000000e+09 6.386226593892019299e-02
1.670000000000000000e+09 6.592497565400146087e-02
1.672000000000000000e+09 6.719394386344623715e-02
1.674000000000000000e+09 6.355010594401500068e-02
1.676000000000000000e+09 6.797554519666926254e-02
1.678000000000000000e+09 6.980862297637024927e-02
1.680000000000000000e+09 6.827423918002339942e-02
1.682000000000000000e+09 7.046934385848757643e-02
1.684000000000000000e+09 7.276645362582578880e-02
1.686000000000000000e+09 7.240929532282736059e-02
1.688000000000000000e+09 6.950753262172482128e-02
1.690000000000000000e+09 6.911574792003460921e-02
1.692000000000000000e+09 6.819143026802121366e-02
1.694000000000000000e+09 6.930889490968505928e-02
1.696000000000000000e+09 7.177845408558169993e-02
1.698000000000000000e+09 6.837462955526951713e-02
1.700000000000000000e+09 6.935878312324439410e-02
1.702000000000000000e+09 7.354800990068544042e-02
1.704000000000000000e+09 7.331650994595328985e-02
1.706000000000000000e+09 7.442619374406600485e-02
1.708000000000000000e+09 7.508469167949893830e-02
1.710000000000000000e+09 7.241001758504761465e-02
1.712000000000000000e+09 7.087828294452114264e-02
1.714000000000000000e+09 7.622628815192733498e-02
1.716000000000000000e+09 7.425438598642397636e-02
1.718000000000000000e+09 7.326922822545545166e-02
1.720000000000000000e+09 7.662280394590581523e-02
1.722000000000000000e+09 7.331494671708682631e-02
1.724000000000000000e+09 7.486680454743011026e-02
1.726000000000000000e+09 7.621106916481146243e-02
1.728000000000000000e+09 7.325053454412899789e-02
1.730000000000000000e+09 7.467804679568579296e-02
1.732000000000000000e+09 7.484070703804113212e-02
1.734000000000000000e+09 7.552883346722361058e-02
1.736000000000000000e+09 7.503867877269343456e-02
1.738000000000000000e+09 7.505024593505071895e-02
1.740000000000000000e+09 7.414943653176842009e-02
1.742000000000000000e+09 7.463456419955749599e-02
1.744000000000000000e+09 7.907960707378580700e-02
1.746000000000000000e+09 7.765535551803148806e-02
1.748000000000000000e+09 7.343001349207767259e-02
1.750000000000000000e+09 7.436882376992315358e-02
