9.271071653225786413e-01
9.320175003492722210e-01
9.392296273271820706e-01
9.397905895111341446e-01
9.390748364374815749e-01
9.292890363291194111e-01
9.344697821191972897e-01
9.198571395795938077e-01
9.331146685403567398e-01
9.254998000162275584e-01
9.308384386271312261e-01
9.383869548509886638e-01
9.233129675313946905e-01
9.293123849584141727e-01
9.308514612704877900e-01
9.286823576454147355e-01
9.276536903470429252e-01
9.164898538922042759e-01
9.221926561334709005e-01
9.251780047194230194e-01
9.198295107835022799e-01
9.299726107608506931e-01
9.219883940383597487e-01
9.234187032254672634e-01
9.275357979329778013e-01
9.188557043198622987e-01
9.194282805864808505e-01
9.176178681462436870e-01
9.243115036913726046e-01
9.267624042272600837e-01
9.218301605017462652e-01
9.281384427326111464e-01
9.169769135617231726e-01
8.987606653794302236e-01
9.421474412001712428e-01
9.908454140942157817e-01
