8.938024722227866370e-01
8.889886187914876059e-01
8.980977321309350225e-01
8.965111291470861943e-01
9.036157148084567048e-01
8.970691882902248615e-01
9.080278086165717299e-01
8.924648713759573138e-01
8.959501004470222796e-01
8.964397824482009947e-01
8.997197522582631724e-01
8.927640436148728265e-01
8.958065890575461765e-01
9.003700111778916160e-01
9.040645400347651073e-01
8.994728477028544056e-01
9.037655050137346491e-01
9.043450237055647989e-01
9.020938102249909107e-01
8.980350369297923629e-01
9.046173620477147015e-01
8.977976569381876937e-01
8.949617881502093253e-01
8.894503532997346529e-01
8.955479827178194352e-01
8.941602862237414406e-01
8.959840483782831599e-01
8.866703137667807377e-01
8.914464637193126872e-01
8.904972772420679528e-01
8.948173601891781237e-01
8.909559362219613421e-01
8.903823444044770552e-01
8.898195035616425219e-01
8.897131288019123341e-01
8.937975073809918403e-01
8.902564601893420138e-01
8.915463176584844662e-01
8.892178870571830762e-01
8.932237337688380130e-01
