3.999999999997476190e-07 7.367475598152878881e+07 6.283185307179585344e+00 1.743540929547681417e-01 -2.829727085836625765e-03
1.500000000000000197e-07 7.127822035726279020e+07 6.283185307179585344e+00 1.960124758113734045e-01 -9.999999999999998473e-03
2.092602159033926615e-07 7.202594461170533299e+07 6.283185306944825577e+00 2.173421299224643222e-01 -9.105197970046493422e-03
1.608485204248728305e-07 7.531549421018332243e+07 2.511963791193128515e+00 1.526925603067047221e-01 1.017509657054990269e-03
2.522705272508924570e-07 7.481140889546577632e+07 6.283182982434007968e+00 1.448947554343131272e-01 3.807193920914614046e-03
1.500000000000000197e-07 7.529176860490344465e+07 3.573287556754180308e-19 1.448947533238563457e-01 2.311745547962365619e-03
2.927048944301699559e-07 7.364084963493612409e+07 6.277676368054745382e+00 2.173421299857844213e-01 7.862390140103820389e-04
3.576826073338177934e-07 7.390129677396115661e+07 6.283183687865226297e+00 1.465262521190127676e-01 1.971838643718896826e-03
3.999999999999999290e-07 9.298494616089867055e+07 6.174054987114936388e+00 2.173421299857844213e-01 2.689671995886952580e-03
1.909376177558829899e-07 8.266604902552102506e+07 3.448362125731947447e+00 1.525914474037012580e-01 4.171227498073582819e-03
