9.224503158249579560e-01
9.179434512686517333e-01
8.911912626801272719e-01
8.825656248446400731e-01
9.028612548088525980e-01
9.099784937010026997e-01
9.355038090024095920e-01
9.261636670759068046e-01
9.058273606538489453e-01
8.898886204119219601e-01
8.895444545101478528e-01
8.985353390738409773e-01
9.241077535465499482e-01
9.383704188100672194e-01
9.227954276861063398e-01
8.990785740944668980e-01
8.821580316422303891e-01
8.888630459155661967e-01
8.902213582005096271e-01
9.127233926946681786e-01
9.252832654387022071e-01
9.184872757358475415e-01
9.055304461258987248e-01
8.910523199988870102e-01
8.814746929135721665e-01
8.993992493012848977e-01
9.135492326393722662e-01
9.354270513520385188e-01
9.237698753032954624e-01
9.076743812272746181e-01
8.938184479893978018e-01
8.837901710584485926e-01
8.878264156324645606e-01
9.218887765030858716e-01
9.235367054115798391e-01
9.354268219727894795e-01
9.269521484436032965e-01
9.607592693465902833e-01
9.470175011842546509e-01
