8.650585408551667577e-01
8.983239859432009533e-01
8.937398636140770902e-01
8.730298647097477494e-01
8.496825876828894009e-01
8.408136755270596563e-01
8.467682020392125475e-01
8.769982503308177968e-01
9.013377119434129447e-01
8.965112151354200920e-01
8.838158731518475086e-01
8.578594714205129979e-01
8.502621491043106383e-01
8.433783248361335083e-01
8.701467242227841625e-01
8.883846465711016105e-01
9.095739639674376154e-01
8.878439560157350696e-01
8.759550832660690789e-01
8.421545058336209477e-01
8.290502232819522144e-01
8.451427460244902434e-01
8.712447351391210404e-01
8.858562865694115107e-01
8.904366535042381736e-01
8.855444703052265387e-01
8.475143344829969561e-01
8.379115632390373714e-01
8.438060695932821931e-01
8.597552026972508088e-01
8.816593997011720196e-01
9.056828727607837415e-01
8.870301651657418462e-01
8.676803553227274701e-01
8.539623795434095888e-01
8.358271227813001136e-01
8.568971222433017232e-01
8.758095999415814736e-01
8.914420984180921881e-01
8.968383666168837642e-01
