0.000000000000000000e+00
4.847816962435082761e-08
9.695633924870165522e-08
1.454345088730524696e-07
1.939126784974033104e-07
2.423908481217541513e-07
2.908690177461049392e-07
3.393471873704557800e-07
3.878253569948066209e-07
4.363035266191574617e-07
4.847816962435083026e-07
5.332598658678590905e-07
5.817380354922098784e-07
6.302162051165607722e-07
6.786943747409115601e-07
7.271725443652624539e-07
7.756507139896132418e-07
8.241288836139640297e-07
8.726070532383149235e-07
9.210852228626657114e-07
9.695633924870166052e-07
1.018041562111367287e-06
1.066519731735718181e-06
1.114997901360069075e-06
1.163476070984419757e-06
1.211954240608770651e-06
1.260432410233121544e-06
1.308910579857472438e-06
1.357388749481823120e-06
1.405866919106174014e-06
1.454345088730524908e-06
1.502823258354875590e-06
1.551301427979226484e-06
1.599779597603577377e-06
1.648257767227928059e-06
1.696735936852278953e-06
1.745214106476629847e-06
1.793692276100980529e-06
1.842170445725331423e-06
1.890648615349682317e-06
1.939126784974033210e-06
1.987604954598384104e-06
2.036083124222734574e-06
2.084561293847085468e-06
2.133039463471436362e-06
2.181517633095787256e-06
2.229995802720138149e-06
2.278473972344489043e-06
2.326952141968839514e-06
2.375430311593190407e-06
2.423908481217541301e-06
2.472386650841892195e-06
2.520864820466243089e-06
2.569342990090593982e-06
2.617821159714944876e-06
2.666299329339295347e-06
2.714777498963646240e-06
2.763255668587997134e-06
2.811733838212348028e-06
2.860212007836698922e-06
2.908690177461049815e-06
2.957168347085400286e-06
3.005646516709751180e-06
3.054124686334102073e-06
3.102602855958452967e-06
3.151081025582803861e-06
3.199559195207154755e-06
3.248037364831505648e-06
3.296515534455856119e-06
3.344993704080207012e-06
3.393471873704557906e-06
3.441950043328908800e-06
3.490428212953259694e-06
3.538906382577610588e-06
3.587384552201961058e-06
3.635862721826311952e-06
3.684340891450662845e-06
3.732819061075013739e-06
3.781297230699364633e-06
3.829775400323715527e-06
3.878253569948066421e-06
3.926731739572417314e-06
3.975209909196768208e-06
4.023688078821119102e-06
4.072166248445469149e-06
4.120644418069820043e-06
4.169122587694170936e-06
4.217600757318521830e-06
4.266078926942872724e-06
4.314557096567223618e-06
4.363035266191574511e-06
4.411513435815925405e-06
4.459991605440276299e-06
4.508469775064627193e-06
4.556947944688978087e-06
4.605426114313328980e-06
4.653904283937679027e-06
4.702382453562029921e-06
4.750860623186380815e-06
4.799338792810731708e-06
4.847816962435082602e-06
4.896295132059433496e-06
4.944773301683784390e-06
4.993251471308135284e-06
5.041729640932486177e-06
5.090207810556837071e-06
5.138685980181187965e-06
5.187164149805538859e-06
5.235642319429889753e-06
5.284120489054239799e-06
5.332598658678590693e-06
5.381076828302941587e-06
5.429554997927292481e-06
5.478033167551643374e-06
5.526511337175994268e-06
5.574989506800345162e-06
5.623467676424696056e-06
5.671945846049046950e-06
5.720424015673397843e-06
5.768902185297748737e-06
5.817380354922099631e-06
5.865858524546450525e-06
5.914336694170800571e-06
5.962814863795151465e-06
6.011293033419502359e-06
6.059771203043853253e-06
