2.223898442400036729e+05
3.049012103042607196e+05
3.874125763685177080e+05
4.699239424327747547e+05
5.524353084970318014e+05
6.349466745612889063e+05
7.174580406255458947e+05
7.999694066898028832e+05
8.824807727540598717e+05
9.649921388183168601e+05
1.047503504882574081e+06
1.130014870946831070e+06
1.212526237011088058e+06
1.295037603075345047e+06
1.377548969139602268e+06
1.460060335203859257e+06
1.542571701268116245e+06
1.625083067332373234e+06
1.707594433396630222e+06
1.790105799460887443e+06
1.872617165525144432e+06
1.955128531589401420e+06
2.037639897653658409e+06
2.120151263717915397e+06
2.202662629782172386e+06
2.285173995846429374e+06
2.367685361910686363e+06
2.450196727974943817e+06
2.532708094039200805e+06
2.615219460103457794e+06
2.697730826167714782e+06
2.780242192231971771e+06
2.862753558296228759e+06
2.945264924360485747e+06
3.027776290424742736e+06
3.110287656488999724e+06
3.192799022553256713e+06
3.275310388617513701e+06
3.357821754681771155e+06
3.440333120746028144e+06
3.522844486810285132e+06
3.605355852874542121e+06
3.687867218938799109e+06
3.770378585003056098e+06
3.852889951067313086e+06
3.935401317131570075e+06
4.017912683195827063e+06
4.100424049260084052e+06
4.182935415324341040e+06
4.265446781388598494e+06
4.347958147452855483e+06
4.430469513517111540e+06
4.512980879581368528e+06
4.595492245645625517e+06
4.678003611709883437e+06
4.760514977774140425e+06
4.843026343838397413e+06
4.925537709902654402e+06
5.008049075966911390e+06
5.090560442031168379e+06
5.173071808095425367e+06
5.255583174159682356e+06
5.338094540223939344e+06
5.420605906288196333e+06
5.503117272352453321e+06
5.585628638416710310e+06
5.668140004480967298e+06
5.750651370545224287e+06
5.833162736609481275e+06
5.915674102673738264e+06
5.998185468737995252e+06
6.080696834802252240e+06
6.163208200866509229e+06
6.245719566930766217e+06
6.328230932995023206e+06
6.410742299059281126e+06
6.493253665123538114e+06
6.575765031187795103e+06
6.658276397252052091e+06
6.740787763316309080e+06
6.823299129380566068e+06
6.905810495444823056e+06
6.988321861509080045e+06
7.070833227573337033e+06
7.153344593637594022e+06
7.235855959701851010e+06
7.318367325766107999e+06
7.400878691830364987e+06
7.483390057894621976e+06
7.565901423958878964e+06
7.648412790023135953e+06
7.730924156087392941e+06
7.813435522151649930e+06
7.895946888215906918e+06
7.978458254280163907e+06
8.060969620344420895e+06
8.143480986408677883e+06
8.225992352472935803e+06
8.308503718537192792e+06
8.391015084601450711e+06
8.473526450665706769e+06
8.556037816729964688e+06
8.638549182794220746e+06
8.721060548858478665e+06
8.803571914922734722e+06
8.886083280986992642e+06
8.968594647051248699e+06
9.051106013115506619e+06
9.133617379179764539e+06
9.216128745244020596e+06
9.298640111308278516e+06
9.381151477372534573e+06
9.463662843436792493e+06
9.546174209501048550e+06
9.628685575565306470e+06
9.711196941629562527e+06
9.793708307693820447e+06
9.876219673758076504e+06
9.958731039822334424e+06
1.004124240588659048e+07
1.012375377195084840e+07
1.020626513801510446e+07
1.028877650407936238e+07
1.037128787014361843e+07
1.045379923620787635e+07
1.053631060227213241e+07
1.061882196833639033e+07
1.070133333440064639e+07
1.078384470046490431e+07
1.086635606652916223e+07
1.094886743259341829e+07
1.103137879865767621e+07
1.111389016472193226e+07
1.119640153078619018e+07
1.127891289685044624e+07
1.136142426291470416e+07
1.144393562897896022e+07
1.152644699504321814e+07
1.160895836110747419e+07
1.169146972717173211e+07
1.177398109323598817e+07
1.185649245930024609e+07
1.193900382536450215e+07
1.202151519142876007e+07
1.210402655749301612e+07
1.218653792355727404e+07
1.226904928962153010e+07
1.235156065568578802e+07
1.243407202175004408e+07
1.251658338781430200e+07
1.259909475387855992e+07
1.268160611994281597e+07
1.276411748600707389e+07
1.284662885207132995e+07
1.292914021813558787e+07
1.301165158419984393e+07
1.309416295026410185e+07
1.317667431632835791e+07
1.325918568239261582e+07
1.334169704845687188e+07
1.342420841452112980e+07
1.350671978058538586e+07
1.358923114664964378e+07
1.367174251271389984e+07
1.375425387877815776e+07
1.383676524484241381e+07
1.391927661090667173e+07
1.400178797697092779e+07
1.408429934303518571e+07
1.416681070909944177e+07
1.424932207516369969e+07
1.433183344122795761e+07
1.441434480729221366e+07
1.449685617335647158e+07
1.457936753942072764e+07
1.466187890548498556e+07
1.474439027154924162e+07
1.482690163761349954e+07
1.490941300367775559e+07
1.499192436974201351e+07
1.507443573580626957e+07
1.515694710187052749e+07
1.523945846793478355e+07
1.532196983399904147e+07
1.540448120006329753e+07
1.548699256612755544e+07
1.556950393219181150e+07
1.565201529825606942e+07
1.573452666432032548e+07
1.581703803038458340e+07
1.589954939644883946e+07
1.598206076251309738e+07
1.606457212857735343e+07
1.614708349464161135e+07
1.622959486070586927e+07
1.631210622677012533e+07
1.639461759283438325e+07
1.647712895889863931e+07
1.655964032496289723e+07
1.664215169102715328e+07
1.672466305709141120e+07
1.680717442315566540e+07
1.688968578921992332e+07
1.697219715528418124e+07
1.705470852134843543e+07
1.713721988741269335e+07
1.721973125347695127e+07
1.730224261954120919e+07
1.738475398560546339e+07
1.746726535166972131e+07
1.754977671773397923e+07
1.763228808379823714e+07
1.771479944986249134e+07
1.779731081592674926e+07
1.787982218199100718e+07
1.796233354805526510e+07
1.804484491411952302e+07
1.812735628018377721e+07
1.820986764624803513e+07
1.829237901231229305e+07
1.837489037837655097e+07
1.845740174444080517e+07
1.853991311050506309e+07
1.862242447656932101e+07
1.870493584263357893e+07
1.878744720869783312e+07
1.886995857476209104e+07
1.895246994082634896e+07
1.903498130689060688e+07
1.911749267295486107e+07
1.920000403901911899e+07
1.928251540508337691e+07
1.936502677114763483e+07
1.944753813721188903e+07
1.953004950327614695e+07
1.961256086934040487e+07
1.969507223540466279e+07
1.977758360146892071e+07
1.986009496753317490e+07
1.994260633359743282e+07
2.002511769966169074e+07
2.010762906572594866e+07
2.019014043179020286e+07
2.027265179785446078e+07
2.035516316391871870e+07
2.043767452998297662e+07
2.052018589604723081e+07
2.060269726211148873e+07
2.068520862817574665e+07
2.076771999424000457e+07
