2.223898442400036729e+05
3.269439367400037590e+05
4.288770102400036412e+05
4.970071657400036347e+05
5.498841797400036594e+05
6.135439982400037115e+05
6.794671132400035858e+05
7.369473367400034331e+05
8.075782577400035225e+05
8.682109012400037609e+05
9.095635767400036566e+05
9.731656567400037311e+05
1.045601312740003690e+06
1.103355345240003662e+06
1.173135541240003658e+06
1.234063313240003539e+06
1.290548241240003612e+06
1.353165379740003496e+06
1.418749629240003414e+06
1.484342317740003578e+06
1.559648149240003899e+06
1.644403898240003735e+06
1.718256279740003869e+06
1.798770432740003336e+06
1.873388663240003632e+06
1.933269418240003521e+06
2.001973342240003869e+06
2.073317914240003563e+06
2.138746279740002938e+06
2.217729919740003999e+06
2.296042472740002908e+06
2.363865818240003660e+06
2.441429896240003873e+06
2.517181734740003943e+06
2.581834906240003649e+06
2.656747157240003347e+06
2.733763811740004458e+06
2.800111967240003869e+06
2.878287617240003776e+06
2.956760444240003824e+06
3.023312503240004182e+06
3.101210572740003467e+06
3.178652662240004167e+06
3.245676996240003034e+06
3.323911552240003366e+06
3.401882733240003698e+06
3.468954261740003712e+06
3.547422962740004063e+06
3.626275000740003772e+06
3.693816217240003869e+06
3.772571214240003377e+06
3.851391437240004074e+06
3.918914608740003780e+06
3.998104181240003556e+06
4.077274099740004167e+06
4.145255172740004025e+06
4.225066623740004376e+06
4.305092294240003452e+06
4.373605180240003392e+06
4.454018039240004495e+06
4.534012629740003496e+06
4.602381456740003079e+06
4.681990457240004092e+06
4.762135185240004212e+06
4.831547169240003452e+06
4.912150113740004599e+06
4.993208410240003839e+06
5.062755500240003690e+06
5.144055070240003988e+06
5.225357891240003519e+06
5.294372826740004122e+06
5.375319737240003422e+06
5.456576054240004160e+06
5.526493848240003921e+06
5.608586628740003332e+06
5.690329978740003891e+06
5.760801766740003601e+06
5.843193645740004256e+06
5.924858921740002930e+06
5.995478457240004092e+06
6.077328846240003593e+06
6.159516379240003414e+06
6.230660931240003556e+06
6.313547156740004197e+06
6.396968416740003973e+06
6.467720456240003929e+06
6.550690359240002930e+06
6.634087855240004137e+06
6.705199081240003929e+06
6.788416917740003206e+06
6.870991029740003869e+06
6.943229943240003660e+06
7.026986889740003273e+06
7.111389981240004301e+06
7.183506904740003869e+06
7.267016114240003750e+06
7.351563896740003489e+06
7.423118363740002736e+06
7.507444251740003936e+06
7.591818586740003899e+06
7.664147480740003288e+06
7.749064112240003422e+06
7.833860369240003638e+06
7.906933621240003034e+06
7.992264983240003698e+06
8.076985158740002662e+06
8.149813930740004405e+06
8.235371358740002848e+06
8.320910510240003467e+06
8.394147504240004346e+06
8.479636501740003005e+06
8.565690380740003660e+06
8.639573041740003973e+06
8.725441041240004823e+06
8.811353581240003929e+06
8.885094255240002647e+06
8.971693216240003705e+06
9.057655496740004048e+06
9.131894227240003645e+06
9.218829634740006179e+06
9.305678711240004748e+06
9.380253651240004227e+06
9.466727249240003526e+06
9.553605334240004420e+06
9.628753476740004495e+06
9.699636458240002394e+06
9.809884068740002811e+06
9.884971642740003765e+06
9.972733993240004405e+06
1.006058719974000379e+07
1.013588470774000511e+07
1.022365219874000363e+07
1.031215041624000482e+07
1.038747689124000445e+07
1.047625835824000463e+07
1.056463664274000376e+07
1.064005176724000275e+07
1.072885145774000138e+07
1.081767547174000368e+07
1.089418501024000347e+07
1.098270539924000390e+07
1.107130667124000378e+07
1.114804584374000318e+07
1.123714749724000320e+07
1.132713707724000327e+07
1.140343954374000430e+07
1.149247845124000311e+07
1.158268177824000269e+07
1.165907043624000251e+07
1.174921277624000236e+07
1.183862830674000457e+07
1.191541177374000475e+07
1.200535825574000366e+07
1.209540986924000457e+07
1.217339729674000293e+07
1.226379563924000412e+07
1.235377064774000272e+07
1.243153048974000290e+07
1.252222647124000266e+07
1.261355364824000373e+07
1.269112277124000341e+07
1.278167722574000247e+07
1.287273792174000293e+07
1.295124786674000323e+07
1.304285769974000379e+07
1.313373213674000278e+07
1.321233548474000394e+07
1.330370479674000479e+07
1.339560376024000347e+07
1.347427922474000230e+07
1.356595439424000308e+07
1.365815683624000475e+07
1.373625842074000277e+07
1.382862967424000427e+07
1.392124492024000362e+07
1.400070525224000216e+07
1.409305212874000333e+07
1.418476835224000365e+07
1.426454131024000421e+07
1.435739787474000454e+07
1.445041431174000353e+07
1.452987335424000397e+07
1.462266551524000242e+07
1.471610064074000344e+07
1.479613968224000372e+07
1.488944702674000338e+07
1.498272393224000372e+07
1.506228727474000305e+07
1.515591935624000430e+07
1.524976477674000338e+07
1.533018343074000627e+07
1.542439517874000221e+07
1.551778296774000488e+07
1.559856714124000445e+07
1.569342228024000302e+07
1.578783040724000335e+07
1.586876642824000306e+07
1.596266139674000442e+07
1.605708722324000299e+07
1.613896427324000373e+07
1.623343251474000514e+07
1.632783022824000381e+07
1.640942036174000427e+07
1.650430449024000578e+07
1.659993383974000439e+07
1.668128172324000299e+07
1.677622353974000365e+07
1.687207855924000591e+07
1.695351859574000537e+07
1.704937309474000335e+07
1.714494089624000341e+07
1.722717628074000776e+07
1.732274107674000412e+07
1.741838908174000308e+07
1.750156560824000463e+07
1.759762054274000227e+07
1.769415729874000698e+07
1.777624100174000114e+07
1.787250119724000618e+07
1.797023830374000221e+07
1.805237552224000543e+07
1.814927510474000126e+07
1.824559422474000603e+07
1.832868309574000537e+07
1.842622172624000162e+07
1.852274792074000090e+07
1.860594574374000728e+07
1.870279862374000251e+07
1.880024119674000144e+07
1.888407117074000463e+07
1.898180934224000573e+07
1.907968263874000311e+07
1.916333933324000239e+07
1.926120838424000144e+07
1.935949327724000439e+07
1.944328946024000272e+07
1.954124606024000421e+07
1.963876478724000230e+07
1.972320778424000368e+07
1.982207614474000409e+07
1.992050532774000242e+07
2.000491385724000260e+07
2.010308261524000391e+07
2.020192262774000317e+07
2.028657164374000579e+07
2.038501239324000478e+07
2.048380716424000263e+07
2.056827136724000424e+07
2.066806801074000448e+07
2.076771999424000457e+07
