2.098345157312509694e-04 1.662957230394218185e-05 3.930881413545889510e-05 1.821132998367468170e-04 8.171379000821387111e-05 9.040461336332985024e-05 8.552089585278996190e-05 3.306593671486478893e-05 4.976966099779702200e-05 2.012086735087169527e-04
6.969384691973550417e-04 6.701133478430012147e-04 6.008675729888303656e-04 1.154300636004398266e-03 6.337312311859420884e-05 1.615118578008574836e-03 1.559634667696555444e-03 1.387636105403175805e-03 3.411825485316540051e-04 1.532125505727278698e-03
1.311537130439531561e-03 1.041189713776185166e-03 1.047676093439298822e-03 2.592318712594251107e-03 1.930895446848418040e-03 8.639284315424527322e-04 4.385482252966943625e-04 2.206103603838598104e-03 2.033272912693420004e-03 2.188714747825114357e-03
1.418599819911234641e-02 1.328696477985732115e-02 1.909113192652149224e-02 1.621735301178028540e-02 1.545461815968479473e-02 9.302479618332809216e-03 8.676479395818380638e-03 1.813890602619966375e-02 9.315434068215035224e-03 9.652555570514396305e-03
2.150757183496326830e-02 2.289651628111870341e-02 2.567092470009351909e-02 1.709061250515966565e-02 1.516109836004676456e-02 3.151399000443304288e-02 2.407474705511634949e-02 3.093047189393298424e-02 2.355213319223443610e-02 1.858361557943549736e-02
5.124279829816911396e-04 1.866566896472295978e-03 3.125825430652541884e-03 2.698482335034606272e-03 3.618782163183097752e-03 4.680875129574449183e-04 4.900537905427437401e-04 1.177216001365496718e-03 1.071967886100623274e-03 1.465732060647400540e-04
7.138280954679436735e-04 1.089979119300344703e-04 6.870759113329019284e-04 4.986108330262525092e-05 5.679502214120078774e-04 1.440689580939765249e-03 1.867679339142913695e-04 7.741015203865973327e-04 2.113750491884814416e-04 1.306948706905475613e-03
1.660352827851987187e-04 2.198750825733379426e-04 1.790554604285707601e-03 6.641368449070726493e-04 1.639281949006739215e-04 6.245157717298262766e-04 5.155566829885497443e-04 7.600953332550888005e-04 1.041798589149984470e-03 4.006203897729637654e-05
3.649411865182275948e-04 1.767087941762018281e-04 1.312616632441258825e-04 5.403522413334672952e-05 2.110884013381282402e-04 1.175944777547400247e-04 1.264939632937708619e-03 6.107640877862860484e-05 1.779013485591868064e-04 5.669909853395819176e-04
3.558107482281714208e-05 1.152512563474575010e-04 1.431010001488099712e-03 1.076970906976185355e-03 1.052483241131622183e-04 1.394433439523544557e-03 1.940404576011256715e-04 3.542692586454719485e-04 2.446336559160111894e-04 8.164783016786135526e-04
3.332586896546780512e-04 1.614705505625394985e-03 4.298646366467686318e-04 1.258010588474946234e-04 3.535084428319731757e-04 1.108701291312409656e-03 2.134441098763418827e-04 2.600991173145131567e-04 2.308981226182418378e-04 4.052253093298808367e-03
3.849024737959446524e-04 5.634096552316134997e-04 1.074727914610528520e-03 9.602798995215610506e-04 4.256319712745121981e-04 6.918617070071261246e-04 1.793391046387473589e-04 9.134630320108887234e-04 1.665314779832664143e-03 5.945602254739446903e-04
4.041420011025862103e-05 6.518177591179856857e-05 2.435489768057340430e-04 1.085643006793158904e-04 1.340494275156214183e-04 6.626852058223857075e-04 3.216854326415956658e-04 3.799256816327912454e-05 3.425776978150983990e-04 5.040342801648365267e-04
