1.053287625582385312e+00
9.682464369886086830e-01
9.768638669121471052e-01
1.038169729274049935e+00
1.073236371868404371e+00
1.056071852576342840e+00
9.933275462029096392e-01
9.545186042307696184e-01
9.658223544759952928e-01
1.035253380788640154e+00
1.103269696135158240e+00
1.054314867263386413e+00
9.774699690233600302e-01
9.524214446532363043e-01
9.805708634204490792e-01
1.064908460250078015e+00
1.093080096290901082e+00
1.039472920763064634e+00
9.790405067012787343e-01
9.543108323910513002e-01
1.003561374412079266e+00
1.067344935620066382e+00
1.066420504967957816e+00
1.023185924344632847e+00
9.708581061571324167e-01
9.667004671970877983e-01
1.019967494270178632e+00
1.083910986148469036e+00
1.050795742114418951e+00
9.940061656326112383e-01
9.461065933521716209e-01
9.840949826804800127e-01
1.058798063071491491e+00
1.062455285987557341e+00
1.044662292035197115e+00
9.825375822145032689e-01
9.656557964242068470e-01
1.025844874504310722e+00
1.079030508406113364e+00
1.064308397516362525e+00
1.014410790870952983e+00
9.546779866736727627e-01
9.923604516085035021e-01
1.054181195845366847e+00
1.087494279152354082e+00
1.043787571485013776e+00
9.611367555274999974e-01
9.682719793109463291e-01
1.013075601642736689e+00
1.044222531387167141e+00
1.067930907858616107e+00
1.013615199807377465e+00
9.771731017230727012e-01
9.753175577750945457e-01
1.039490801625255756e+00
1.063224425053791444e+00
1.028601226210410946e+00
9.798921248990548616e-01
9.529241140409256960e-01
9.868156283244849947e-01
1.080771664299006840e+00
1.055340328590951726e+00
9.990753881310420192e-01
9.459017089556338576e-01
9.777459439696839505e-01
1.038665782008275640e+00
1.074460659938713869e+00
1.035633398223312129e+00
9.892437660694304302e-01
9.721980602259956417e-01
1.028747390599692668e+00
1.069259693943592771e+00
1.051975843646900000e+00
9.926832798755492737e-01
9.637749934172872290e-01
9.781578208991590362e-01
1.035443158886568460e+00
1.065326116220763231e+00
1.023596597283813248e+00
9.477166924871419651e-01
9.792815181111399481e-01
1.042340393038620139e+00
1.082237113278462948e+00
1.051548812906382580e+00
9.849343596992764516e-01
9.532701776360383850e-01
1.001567196687685568e+00
1.074193031238556584e+00
1.071628660742034667e+00
1.008978203606473611e+00
9.646675227819450082e-01
9.972766552009442176e-01
1.052384824230114369e+00
1.060774258871866049e+00
1.026340174191902932e+00
9.792354966770177027e-01
9.764521200765120534e-01
1.056908412467002956e+00
1.091700830357958951e+00
1.047502141445261437e+00
9.632009294650144549e-01
9.797509549953046237e-01
1.032627298189399800e+00
1.075608257064507356e+00
1.057324267302901077e+00
9.890969436094441125e-01
9.712726337206958327e-01
1.020346951004001967e+00
1.071902343487664444e+00
1.047271507658259271e+00
1.000638747413199248e+00
9.605314795171053799e-01
1.012223414598128812e+00
1.063595691476456384e+00
1.078196928221766493e+00
1.019402881596536137e+00
9.740988703209921828e-01
9.836126085539541597e-01
1.043451969162636273e+00
1.076251349089674569e+00
1.032830057521700651e+00
9.551905583370701169e-01
9.823637766471217114e-01
1.027849461764150707e+00
1.090881491087804411e+00
1.044920301838297094e+00
9.630434590243807103e-01
9.758781277291165290e-01
1.029822419483325424e+00
1.056793870979361616e+00
1.032087403224162703e+00
9.876755971481920859e-01
9.656075757523890912e-01
1.043529883516403967e+00
1.064113058476369167e+00
1.046220390134714684e+00
9.796950600544354071e-01
9.685245560771595930e-01
1.020272657949760520e+00
1.082735349783442880e+00
1.044098178999752324e+00
9.860865249315834413e-01
9.666170732516281561e-01
1.021894730395586537e+00
1.065902946412182972e+00
1.055454163816649249e+00
9.811905229193857991e-01
9.590466207024476164e-01
1.004402905295953996e+00
1.070990030964547479e+00
1.075403677732950314e+00
9.939166136241760485e-01
9.643723902444443219e-01
9.989955483766858046e-01
1.065667478902992737e+00
1.051970376497143977e+00
9.913828361559906543e-01
9.542131115586570678e-01
1.019344555465640845e+00
1.063645356314241841e+00
1.036311935822617825e+00
1.008463509223039622e+00
9.569272018065022589e-01
9.956227130302112149e-01
1.071839138885337883e+00
1.060460930628316589e+00
9.840098521538929166e-01
9.582397753611255897e-01
1.016186159487531437e+00
1.065313054019731753e+00
1.053559340388065202e+00
1.000436980590311942e+00
9.540862620119050508e-01
1.035326932026548574e+00
1.062763957817083105e+00
1.053964807354454969e+00
9.903869161102375474e-01
9.759786985765139811e-01
1.014532031709356685e+00
1.077036513729738409e+00
1.047702804105918872e+00
9.836456943753102422e-01
9.581788228152157139e-01
1.034141994535193509e+00
1.058092080660416157e+00
1.032590427433516700e+00
9.680828592238363006e-01
9.539495308448925348e-01
1.048906109425769451e+00
1.028868815764803601e+00
1.033801564273056917e+00
9.752576194741067184e-01
9.697814835679821055e-01
1.045657305014965788e+00
1.054410852793616238e+00
1.011168348210577106e+00
9.690883949144242226e-01
9.860001792317527602e-01
1.036116189939269239e+00
1.071013702609301621e+00
1.021045587650142084e+00
9.736801734698347088e-01
9.964248479471201625e-01
1.040223575458575134e+00
1.059559399632708176e+00
1.008327474681749880e+00
9.640488447131735361e-01
9.988729452228900518e-01
1.051824969787336972e+00
1.067435387204606734e+00
1.007517558691052528e+00
9.622516118409890629e-01
1.003898055302630876e+00
1.060262053173959051e+00
1.047994442188610709e+00
9.872728885408625921e-01
9.677083857362962505e-01
1.008155233629850489e+00
1.062625733122511962e+00
1.050492355236757103e+00
9.983360597892931843e-01
9.635784324026170911e-01
1.020401155845794605e+00
1.059719942809230764e+00
1.031516902244383971e+00
9.560922823399203851e-01
9.900172908298154884e-01
1.055718101109621054e+00
1.048466710232740962e+00
1.021576847948467703e+00
9.613089418231693939e-01
1.012079004495690437e+00
1.053314828108366186e+00
1.041865132783839965e+00
9.973064214992981569e-01
1.005777803493625555e+00
1.006390367868932767e+00
1.068311127704482333e+00
1.051028105252163947e+00
9.910131364922462049e-01
9.793840515606558883e-01
1.037837460943185519e+00
1.057168413291157405e+00
1.027115824445013592e+00
9.714272001263487555e-01
9.817607689907557056e-01
1.053505395140360790e+00
1.080568408737897945e+00
1.015962762618376258e+00
9.763032858239849565e-01
1.006650080153309368e+00
1.051241629366050034e+00
1.058040519111339117e+00
9.771672755189929616e-01
9.830587974115674310e-01
1.032868789585202007e+00
1.058491265895153521e+00
1.023241568986168692e+00
9.829470248351313000e-01
9.929302127052475058e-01
1.037391873671286602e+00
1.083593322743047205e+00
1.024188652267860045e+00
9.764008964073503938e-01
1.011434539293788015e+00
1.053616107129609292e+00
1.063644410231695092e+00
1.003920063614523572e+00
9.824170913735261745e-01
1.015445352498057119e+00
1.079599879692464848e+00
1.021615995251463849e+00
9.676815892606001057e-01
9.823998633247966739e-01
1.042399733282069141e+00
1.075626440952315743e+00
1.005504479851474731e+00
9.690130485256122084e-01
9.982688688779969288e-01
1.046776220508720545e+00
1.030344925309891746e+00
9.927756554434354896e-01
9.744921304059925848e-01
1.021170504297954196e+00
1.065736061803637558e+00
1.031947205351232855e+00
9.696294834481763436e-01
9.958755585670462374e-01
1.057557402472535157e+00
1.054914037598384091e+00
1.027163647119207157e+00
9.706486868200903118e-01
1.006186141374926679e+00
1.058160613562363350e+00
1.049129918146681106e+00
9.829193123860182624e-01
9.904294663000881016e-01
1.050531015610264296e+00
1.084387006546837284e+00
1.018569850675037580e+00
9.916223161524262419e-01
1.011559283889688077e+00
1.043872536469413914e+00
1.059074069407058394e+00
9.835314494724675116e-01
9.851604440656412942e-01
1.026206171284362423e+00
1.060953303733699560e+00
1.032003963344030106e+00
9.589805224705708619e-01
9.967786611081573822e-01
1.042107410397363543e+00
1.035167185969022796e+00
1.003654359912903749e+00
9.716565975904966068e-01
1.042995739856702908e+00
1.058707904835710645e+00
1.028986375191619507e+00
9.707903080042465938e-01
9.876853483551994994e-01
1.061085857852999137e+00
1.047704838230843372e+00
1.016442306130648232e+00
9.796618155449198229e-01
1.027498070026423793e+00
1.057995312262943299e+00
1.028839375298998160e+00
9.769412643771022697e-01
9.883621729910554432e-01
1.050054385522291911e+00
1.059478852756455147e+00
1.022743480554482387e+00
9.819859481640840215e-01
1.005934479891008371e+00
1.046672747605518206e+00
1.040303108620696859e+00
9.911679906694044195e-01
9.828072636697893216e-01
1.050826955501776405e+00
1.050706019149236781e+00
1.016195589660520593e+00
9.737066500422203452e-01
1.000311652994194667e+00
1.039971260077611426e+00
1.035383639858495908e+00
9.916519482912703465e-01
9.956409119947956521e-01
1.038802455424454374e+00
1.034855762177260718e+00
1.011966371562546430e+00
9.759775743247305346e-01
1.025325934937183270e+00
1.061670835874325647e+00
1.031847383641282700e+00
9.917505128098355049e-01
9.897414046700993007e-01
1.044439032655443356e+00
1.055084935925489242e+00
1.000447864086180028e+00
9.723183187715217501e-01
1.006640978634617545e+00
1.050803843507249535e+00
1.024768473018528914e+00
9.952927586081966593e-01
1.006761574711724672e+00
1.050504744152158665e+00
1.039240791583523782e+00
9.985389539194339248e-01
1.016958098487373841e+00
1.031563256413373431e+00
1.040588013177786042e+00
1.008613150041559159e+00
9.821666234066717127e-01
1.000389783170121838e+00
1.050841639406128625e+00
1.044036699304513593e+00
1.005387257636261245e+00
9.788430604776924282e-01
1.034940565881569130e+00
1.057731506536271571e+00
1.019716765598019714e+00
9.897729888988240354e-01
1.021135158983054847e+00
1.041549678423799641e+00
1.043337513130508709e+00
9.889404107324001325e-01
1.000573348704697496e+00
1.059440667397782754e+00
1.054055119365350679e+00
1.006061857378719671e+00
9.980796132559923706e-01
1.013873798784337144e+00
1.055795647289214045e+00
1.025532970803446853e+00
9.885470628823694872e-01
1.008285461742936207e+00
1.044863232750260496e+00
1.049157235928871001e+00
9.827718918864382092e-01
9.915756440588288090e-01
1.018103989534885567e+00
1.048695114024938091e+00
1.021710828475463240e+00
9.875493951296008266e-01
1.035609086544719393e+00
1.038910975395792358e+00
1.031421626785078871e+00
1.004514619790610297e+00
9.869541974753601732e-01
1.049336661802394044e+00
1.039011409486608528e+00
1.003859583825841062e+00
9.848721145213144013e-01
1.035813889986425540e+00
1.053851784273838188e+00
1.017318306413990570e+00
9.883396318635931932e-01
1.025667561954707763e+00
1.041580870233476341e+00
1.035343676275454872e+00
9.734973367108411546e-01
9.910586930760268976e-01
1.028098959958566594e+00
1.052433213357757635e+00
1.007791070722602988e+00
9.821804969110052852e-01
1.020378571149731295e+00
1.052231638076677189e+00
1.022758983436954816e+00
9.983545804108582278e-01
1.019946566601528826e+00
1.052234842067651943e+00
1.036858283192969798e+00
9.933819626361846122e-01
9.970007005619059282e-01
1.034837923749399868e+00
1.052783488726580119e+00
9.868467118848311959e-01
9.905451327725220967e-01
1.036594732502471583e+00
1.049001398769699112e+00
1.013276351312087487e+00
9.916639135437491648e-01
1.039856170506589184e+00
1.036593260753950529e+00
1.028003053497703378e+00
9.851236846355204690e-01
1.010486442590222467e+00
1.046501119347761133e+00
1.034772869330581990e+00
1.001928319812413815e+00
1.009455982641575433e+00
1.037249579134880140e+00
1.045135365691921780e+00
1.017615078854787747e+00
9.961454083749955446e-01
1.032778049669574871e+00
1.039281487731400722e+00
1.018665957913228226e+00
1.005664525950872301e+00
1.000504691174338268e+00
1.044448087584702867e+00
1.040146389828821905e+00
9.918701010374461058e-01
9.930216198535620764e-01
1.047204631203848990e+00
1.038324839150585266e+00
9.992529267161601725e-01
9.877328058776233544e-01
1.023825238754708655e+00
1.041345297034406814e+00
1.002073640090877182e+00
9.899382227252536692e-01
1.020046062102867523e+00
1.043861480466934166e+00
1.017720840583553832e+00
9.998684566555966491e-01
1.018989133559172755e+00
1.056873945662016423e+00
1.035551041005883688e+00
1.007396340649119537e+00
1.013054320828745913e+00
1.038663914921039266e+00
1.045811552336708861e+00
9.961517984493185596e-01
1.000315057107699301e+00
1.033223798790237291e+00
1.031727031224273450e+00
1.014628232727873280e+00
9.809999349573196303e-01
1.019577035635730322e+00
1.052311891430764534e+00
1.001042436088940280e+00
9.915305124060517228e-01
1.032013425446056676e+00
1.027873919477869435e+00
1.020867028578086533e+00
1.014626305282544827e+00
1.013008242256864921e+00
1.043082401999925635e+00
