8.897920129119003168e-04 2.283948874646740776e-04 1.869469095854675827e-04 1.670131136877769473e-04 3.851648394623078813e-05 3.851662695733719713e-05 1.326783108864237339e-04 1.556972612752208836e-04 2.920398153901899925e-05 1.487340255600791753e-04 2.236833890822033789e-04 8.902857586194360870e-05 2.644685245461320241e-04 1.595732853388333295e-04 2.633748840071499010e-04 3.460233621196499843e-05 9.525207553799754426e-05 6.997362147493335334e-05 1.386203646578197154e-05 3.967850708107879549e-05 2.512755644049758288e-05
2.296291221063791730e-04 2.965877533307152030e-04 8.488687757210473112e-04 7.000271269497067804e-05 2.520181553684490211e-04 3.928612234824715066e-04 2.465173069190238582e-04 7.092398625025738822e-04 3.491285206702869235e-04 1.297719133647305971e-04 5.322868018065461719e-05 3.410093926327730559e-04 4.709150866048176912e-04 2.763205371619338407e-04 7.538659200928865035e-05 8.886012466143954346e-06 1.720686587655818997e-04 1.133661368948795587e-04 2.726877708930879442e-04 1.129634645268141321e-04 1.246258741621098659e-04
4.425477929991887381e-05 5.007535535046008174e-04 2.024134536335606214e-05 7.044343347346924229e-04 1.395459910678666527e-03 7.582456140166305650e-04 7.768992071349408758e-04 4.429337326245313088e-04 1.955418067735049123e-04 1.914354375974928343e-05 3.843427644325378596e-04 1.136213754301814924e-04 5.443679928828952866e-04 2.149511284712076397e-05 1.129780435638626628e-05 4.357447865062715766e-04 1.959809412691915817e-04 1.941569256937366935e-05 1.775502514863580572e-04 3.095450948375967517e-04 5.712412910404574961e-05
2.149126582091303878e-03 6.499527275565608695e-04 2.336956549305773886e-03 3.769360891368656215e-03 7.491419930417352567e-04 5.712929473468712424e-04 1.052212913691007905e-03 2.497502249038215040e-04 5.172433149797177852e-04 2.583832156836698133e-04 2.014236455139536226e-04 4.689148239198599131e-05 3.782554087949046412e-04 2.609497858322181569e-04 3.517945749010301017e-04 1.623546431431158421e-05 1.887844050997303995e-05 6.677782220865047334e-04 3.478161613275073207e-04 1.259828514595002617e-05 1.293311137377089744e-04
2.833712421780803722e-02 1.852163003989790169e-02 1.212850041463147018e-02 6.507998367146113072e-03 5.733580180262431124e-03 1.065942588953918899e-03 2.405855360932803106e-04 1.381269254290787448e-04 3.644170927179540191e-05 6.768178743397983924e-04 1.512624466747881464e-05 1.320246683723539120e-03 4.929322122537404790e-04 1.415581094184470727e-03 9.751432680911012235e-04 2.741229431680925383e-05 4.866346584717407865e-04 2.729872429132210393e-04 4.807768449841889077e-05 3.933745993183466777e-04 1.427340694044989860e-04
1.616721709683189082e-02 1.851516999297649069e-02 2.445327840465173069e-02 3.389141081843047298e-02 3.051638846319167098e-02 3.384343809115775842e-02 3.760729927702013281e-02 3.091842758589548670e-02 2.597785473920074736e-02 2.166043183021494622e-02 1.888187656575452539e-02 1.870085061997869488e-02 1.500569233311672447e-02 9.819580284319418331e-03 1.018823497580626826e-02 6.297881616595735373e-03 4.870960533977615296e-03 2.778657881582744221e-03 3.301121122529105528e-03 8.086406045752650776e-04 8.768546826141359425e-04
2.138424562012943876e-03 1.814049329836522981e-03 2.157560400084855643e-03 6.694709675930615809e-04 4.655545878810703436e-04 3.840178925063370035e-05 4.826514199723447806e-04 2.406453446637364050e-03 1.231651184806402009e-03 6.612533929247596705e-03 7.666093308987887919e-03 9.053569028172147801e-03 9.444209339863656599e-03 1.219949079747220319e-02 8.449318803786780990e-03 9.567003846405384287e-03 7.656544422631209046e-03 8.650636065718060944e-03 9.945532941490257267e-03 9.822111447839575876e-03 8.289299051637128574e-03
2.688305980646902324e-04 3.552252004797115822e-04 5.083463677986803072e-04 5.705565669365604727e-04 1.552883527904535426e-04 3.567297957003655339e-04 9.472520166205542066e-04 1.525684531118679226e-03 8.815837799726407471e-04 5.744435935929615702e-04 9.671659657582413637e-04 9.855711781383343518e-04 1.488118952195616055e-03 6.093143674375430799e-04 8.557821935134304588e-04 2.968548080531293329e-04 3.587154292447123759e-04 8.508494865905395473e-05 2.279157359617985047e-04 2.998389915064163832e-04 3.567614230844207233e-04
1.746837119280863289e-04 1.261951168773032530e-04 3.621729856116303166e-05 2.060458895748470498e-04 4.009408201457917952e-04 4.060908081278975096e-04 1.393401742499468434e-03 6.960513925825085419e-04 9.549706245796199837e-04 7.598432623572426567e-04 7.343768327136038449e-05 1.484005463114487384e-05 2.643755435798438589e-04 1.027592777718654691e-04 1.064948904172715726e-04 4.590477692100692207e-06 3.391835323385967689e-04 5.061666914407481684e-05 9.399321072126097607e-05 3.071663456894599062e-04 5.340922968976507466e-05
3.791079424918718742e-04 2.734248032260043617e-05 3.031711339188917923e-04 6.555211032027354480e-05 7.600627786687300146e-05 8.305666826772797537e-04 1.606729133607201140e-04 3.122804011339835721e-04 5.038404587408612436e-04 2.709510100437103990e-04 5.582482885175788726e-04 6.646280853215141837e-04 3.412371302735341875e-04 2.205326751722684988e-05 8.460628819704773824e-05 3.540713981034028827e-05 2.547462653353688329e-04 2.471685389924592013e-04 8.546715146017361318e-05 5.726899868007581911e-06 3.432825448026807086e-04
2.783718976687160748e-05 4.890802678072094867e-04 3.764776925372376334e-04 1.833768106981355900e-04 5.260673884355438921e-05 2.153717824872052614e-05 7.000257664200915152e-05 8.679567956512940045e-04 1.019849723203098698e-04 1.494619766546309862e-04 2.121948764546662707e-04 4.672134867385155957e-05 5.231654916911817845e-05 1.026136037421946376e-03 2.838888514429439022e-06 1.913586255251970220e-04 8.386663495175186158e-05 5.727342711193969885e-04 5.361480440666283341e-05 8.210507251686238880e-05 1.110095434908563308e-04
2.963733325735638520e-04 7.197591297269073489e-05 2.328234555942999199e-04 1.008197934724328981e-04 4.083308661253595050e-05 8.414300575818297657e-05 3.243956028142118506e-04 8.900809795034734910e-05 4.485580102140442884e-05 4.335209357902696653e-04 3.710556325948556580e-06 4.153936397337781709e-04 1.177410318950956918e-05 3.325628666669765252e-04 3.810579641824954214e-04 2.094696183132192520e-04 1.159906463721287868e-04 5.414981147651302994e-04 1.033585089115779133e-04 3.541816816584072536e-04 1.456317640219667749e-04
1.116270191040860909e-04 1.391617563935656522e-04 2.652572286585304492e-04 7.750270541547802879e-05 2.211566952234597693e-04 3.931375349622884979e-04 3.743546633038848548e-05 8.153841343706397758e-04 2.353759529326972445e-05 6.103727369333959013e-05 3.080554444992700236e-04 4.910606884843375658e-05 4.021030876796067481e-04 1.430383973542329946e-04 2.479674627814106450e-05 5.912002601325790291e-05 2.848596755809057164e-04 1.655488033180492957e-04 2.711721938172612567e-04 1.897802472156804514e-04 1.054194547845497595e-05
