1.908215636363412890e-06 9.517645708413280273e-05 6.390258292384297010e-05 9.774504468376878288e-08 5.528430721090766094e-05 1.462810562606111102e-04 6.525715314928851409e-05 1.112373956343857455e-04 7.550276236111412077e-05 7.013551759253028317e-05
1.809909974888682782e-05 2.599160442096180184e-04 2.749018443678823381e-04 2.080858035344454134e-04 1.441109417935604027e-04 6.033213283205376466e-05 6.996419225526375602e-04 1.889447128052856815e-05 2.513205944602226168e-05 1.315416971474872468e-04
3.947085018977556856e-04 2.244856298978034756e-04 5.102617231406530161e-05 1.006290968992378920e-03 2.963577743437128707e-04 2.185524511644556999e-05 2.939641171166746140e-04 2.325360547556141165e-04 5.364580218813498873e-04 2.833188802949188957e-04
1.297223163127770315e-03 1.786532641730026992e-04 2.902411153100537163e-04 6.419177490448396974e-06 1.078783452129977136e-04 2.447410606738388171e-04 6.487444704669324553e-05 4.494014855540984362e-04 1.986419504339571472e-04 1.933163538418546242e-04
3.517114328505594801e-04 6.051497427737974680e-04 4.423829643560364937e-04 1.570866927622226888e-04 3.928506443517850035e-05 2.778988503391789005e-04 3.550009497736613664e-04 1.013311946353059287e-04 4.568882903630477541e-05 4.825200476421197227e-05
7.236937756295331193e-05 1.822619144030235912e-04 2.374992689965058873e-05 3.212920846806796636e-05 2.665146255481124719e-04 4.351041413196491932e-04 1.696461673879345086e-04 1.079181569792611551e-03 8.947531497459360050e-04 5.320994547524705593e-04
2.153052474349468476e-02 1.497283386538871171e-02 1.052465973498797197e-02 2.059725016804416289e-02 1.436258406631068206e-02 2.077003460936383342e-02 6.292439677414220570e-03 1.236149036605130487e-02 6.353350609740448900e-03 4.169536720948063130e-03
1.297725392876358406e-03 1.466961012732396650e-03 2.016630437477599444e-03 2.569267340489511664e-03 1.356758786936355715e-03 1.782927791835787167e-03 2.571499188277429223e-04 1.931672897792345188e-03 2.997280003267242116e-03 1.178760013963889124e-03
1.203561968769649698e-03 3.960568407738711966e-04 3.254166014733772972e-03 1.728933084652066162e-03 1.038346259872445119e-04 3.072997373126834958e-05 2.144690246714218377e-03 4.683095707350575540e-04 2.785362958473574266e-04 2.142491342270782249e-04
5.221366413824236018e-04 8.452407711517663904e-04 1.000753592474287789e-03 2.321701662708755619e-04 3.681988925503286501e-04 1.319077135984621663e-03 7.877279848277296765e-04 5.041351398099059048e-04 1.523911139728191012e-03 6.858151080720293995e-04
3.495708724391052282e-04 2.509413301637093826e-04 1.773328598948516286e-04 1.196118006603707709e-04 2.582875749294400499e-04 1.307723435242592545e-06 2.275209716890029044e-04 5.354229839499073348e-05 4.179723435875112142e-04 1.203605484724831217e-04
1.094038860279558104e-05 3.911706501280441564e-04 2.511721078375420713e-05 1.100206415833964433e-04 5.534643386410871758e-05 2.090323044106725051e-04 4.242481903913289447e-05 1.130233861120527985e-03 3.229926568986317089e-04 7.559330178478085999e-04
2.687290539680662303e-04 1.737869589684047590e-04 9.746977833811001240e-05 1.505608999193506494e-04 1.173490464759328747e-04 9.756266378893431262e-05 2.051876986386758138e-04 2.113264109019244810e-04 1.649223189481684312e-04 6.196789450887577131e-04
