9.579288025889967084e-01
9.658767772511848149e-01
8.965287049399198738e-01
9.823085846867749549e-01
9.187612684271927455e-01
8.957474985285461822e-01
9.493446920052425186e-01
9.740303770002711747e-01
9.418268892175505336e-01
9.218853728701039696e-01
9.160305343511450094e-01
9.773759023591575001e-01
9.570932722841739571e-01
9.006895517913355853e-01
9.557137504683401730e-01
9.984218832193582083e-01
9.440376948169626470e-01
9.044535002183088368e-01
9.273883466430050682e-01
9.804198927933294172e-01
9.474709629074560269e-01
8.902527600232422733e-01
9.336734693877550839e-01
9.965127738609658170e-01
9.478162650602409700e-01
9.181079861633327788e-01
9.268488160291439293e-01
9.758682904826342375e-01
9.503059244888822921e-01
9.130243795299802789e-01
9.240337627721012526e-01
9.980297059715065311e-01
9.762722209506370374e-01
8.943053725662420961e-01
9.138735062663946307e-01
9.683431952662722164e-01
9.467115097159940484e-01
9.266853294998864676e-01
9.482033498118497272e-01
9.704368289454331498e-01
9.537966152463681624e-01
8.909211106214190989e-01
9.375323810228702870e-01
9.894546550165712606e-01
9.560678882547311019e-01
9.256260876144359884e-01
9.184675115376162990e-01
9.670558488882278203e-01
9.752426819173752870e-01
9.012519445884880076e-01
9.233073696824445342e-01
9.880952380952381375e-01
9.695600651755295063e-01
9.195730607336140006e-01
9.422178695193611508e-01
9.687500000000000000e-01
9.875776397515527716e-01
9.197212965767949111e-01
9.117295925981196980e-01
9.632503660322108141e-01
9.735194266314598499e-01
9.391675560298825554e-01
9.316141792180130388e-01
9.773066587040907249e-01
9.760240511086057946e-01
9.041157508059074477e-01
9.108962055219252951e-01
9.932726855744973271e-01
9.519457547169811740e-01
9.255824306276895230e-01
9.325432999088423269e-01
9.519287396937573531e-01
9.673095539504058538e-01
9.394773039889958710e-01
9.075327018493459796e-01
9.576296517710357614e-01
9.703389830508474256e-01
9.064699715441066896e-01
9.262295081967213406e-01
9.892620516335389746e-01
9.678600792286419230e-01
9.057907754983267612e-01
9.060612838291209892e-01
9.772968064174361036e-01
9.724832214765101179e-01
9.098434677904876366e-01
9.231179112430539790e-01
9.903025601241272069e-01
9.745801180208806258e-01
9.287310098302055117e-01
9.193474962063732381e-01
9.740151515151515005e-01
9.895227898439890035e-01
9.111642862484109484e-01
9.027994356575331780e-01
9.661209640745793692e-01
9.909819639278557579e-01
9.253492099839707441e-01
9.280000000000000471e-01
9.798854904324242332e-01
9.846533508136037227e-01
9.185056865255705194e-01
9.366063998789621037e-01
9.667598398428647322e-01
9.851806584676495726e-01
9.283465171645802760e-01
9.296969696969696884e-01
9.670560047918538293e-01
9.751730364128798900e-01
9.208764455264759619e-01
9.133087293816374297e-01
9.686735941320293586e-01
9.730884557721138917e-01
9.265222035708835513e-01
9.008239922797119936e-01
9.698503853710140898e-01
9.839790495263036618e-01
9.311313591495823383e-01
9.206190329534955641e-01
9.549746921507894504e-01
9.815151515151515627e-01
9.541162699960983318e-01
9.115512549138191645e-01
9.490022172949001966e-01
9.840872925664924109e-01
9.292413896600885126e-01
9.047836337364058013e-01
9.670033150875029238e-01
9.890985000773155900e-01
9.298782764543349622e-01
9.098784194528874991e-01
9.506536688581576078e-01
9.790073474284000099e-01
9.333032897701667441e-01
8.871357390910463714e-01
9.593814908839141120e-01
1.012055787565991682e+00
9.307495869010065093e-01
9.105889533109551293e-01
9.381560931081698307e-01
9.842157689065972326e-01
9.588055968107558336e-01
9.173516326068923421e-01
9.318027850959729186e-01
9.777382700780706815e-01
9.576925962043357776e-01
8.871064467766116568e-01
9.252864897466827054e-01
9.848970967994365999e-01
9.365470506699522524e-01
9.201831362075543197e-01
9.741259818265824988e-01
9.722715687031744380e-01
9.427799227799227300e-01
9.328026223366893133e-01
9.440660006055101583e-01
9.577961019490255357e-01
9.578117756142791039e-01
9.222213580150890877e-01
9.303247446257051356e-01
9.582608695652173880e-01
9.501557632398753839e-01
9.191535539880629768e-01
9.458795503610510913e-01
9.550612459607725757e-01
9.468313641245972301e-01
9.037811251152781944e-01
9.379797826252185278e-01
9.583898688376299990e-01
9.268459955802789141e-01
9.228855721393034450e-01
9.269200930954227813e-01
9.942736115469092972e-01
9.457534661716796576e-01
9.059203941796905024e-01
9.516688506898943745e-01
9.892547394274311401e-01
9.523478529502625856e-01
8.994490358126722152e-01
9.195269016697588116e-01
9.721056721056721139e-01
9.779930259589306729e-01
9.144802264208674591e-01
9.238899026763990330e-01
9.811217295942347150e-01
9.352847015778641415e-01
9.358219230475024464e-01
9.299847792998477969e-01
9.714486858573216921e-01
9.549225230865550085e-01
9.223740786240786083e-01
9.238088103086604663e-01
9.607327819432635030e-01
9.539301645900630788e-01
9.309439209022092321e-01
9.267824216349108690e-01
9.584170660071108516e-01
9.730955732832785587e-01
9.432807719463403018e-01
9.158400961827471987e-01
9.950869531310925220e-01
9.325988830234871463e-01
8.976311336717428535e-01
9.473107335786424832e-01
9.588154689403166619e-01
9.504297114794352241e-01
9.157359624123854180e-01
9.353076923076922844e-01
9.771092722913927719e-01
9.653815892997639203e-01
9.217532216992051497e-01
9.257330985376310828e-01
9.688984219396353792e-01
9.631329236991522658e-01
9.214818266542404990e-01
9.290186257630301814e-01
9.566985465773024666e-01
9.533709981167608483e-01
9.415931989924433143e-01
9.023383768913342262e-01
9.626818964168362136e-01
9.415975024746821020e-01
9.287028518859246073e-01
9.246575342465753744e-01
9.665086642318750920e-01
9.525990382413556112e-01
9.486675575819510930e-01
9.327914973429196621e-01
9.601769911504425270e-01
9.607222779535458113e-01
9.053497942386831143e-01
9.413399197283112141e-01
9.574116350468393488e-01
9.624114039977701429e-01
9.159319412219644185e-01
9.302973977695166985e-01
9.788052437396970173e-01
9.665011429021833633e-01
9.242364764073173200e-01
9.217633042096902152e-01
9.776190476190476097e-01
9.796797529057953424e-01
9.162812948493063159e-01
9.281523748292211939e-01
9.571796522858982970e-01
9.846810647915620329e-01
9.057404891304348116e-01
9.164675767918089022e-01
1.004205063970654122e+00
9.699484189280107582e-01
