8.628193850032923496e-06 3.841748530357551902e-05 9.888310769946579565e-05 7.184285625677844711e-06 1.875453499482356872e-05 7.673321399353759680e-05 5.848557750909060798e-06 2.056684085353068311e-05 1.501953198871059069e-06 6.087794204535323082e-05
6.030375607697798478e-05 1.716323766202040575e-04 1.051251353615582869e-04 2.838511890294986005e-04 3.603627602139782785e-04 6.564280019782733639e-04 1.433488180881797836e-04 8.410012200378165471e-05 3.736411583975547527e-04 1.000530167548145893e-04
4.296680691158913075e-04 3.923453160950693885e-04 7.869767782311071561e-04 4.598926066737413481e-04 5.177656924056357775e-06 9.227442187071829794e-04 4.506323873570322104e-04 5.040247788601405509e-05 3.157876957007951942e-04 3.336119172297207392e-05
4.865309729479583029e-04 3.055542051651041258e-04 1.170979117554318897e-04 1.326502118738474313e-04 8.653640445224215338e-04 4.415924576034281146e-04 1.670463616860782494e-05 5.669820171091262634e-06 4.690321034724260937e-05 4.941963304068824328e-04
1.580082544935864513e-04 6.053943714632704194e-05 9.047685124528920188e-05 3.685453728073419526e-05 1.341043345622422651e-04 4.862821960676361297e-04 1.533263701331109982e-04 5.659662788054786991e-04 3.564183999476770834e-04 3.486108686604688439e-05
1.544364329975332325e-03 4.789708293634988337e-04 2.944814392448254908e-04 5.507601223718128431e-04 4.973275234958760872e-04 7.075110044854677929e-05 7.415351981195293144e-06 6.872145939071341218e-05 4.027317068239153462e-04 2.112581052901033529e-05
7.418278624973019021e-03 3.541326156777592233e-03 6.820629301530959851e-03 7.125759518062093831e-03 2.117380973192148699e-03 4.195533351782639898e-03 1.079388618518866685e-03 3.195006030203818848e-03 3.038859351376533430e-03 2.021007216061509407e-03
7.044241034971525373e-03 8.083907301578830903e-03 4.526522856412817236e-03 3.922831620350335224e-03 5.629398992791165117e-03 7.154448780454462226e-04 4.200806996872338654e-03 3.640469884019268722e-03 3.663244315115160056e-03 4.105009816273950951e-03
3.910328403968696951e-04 8.632264218778191967e-05 1.518876158218741227e-03 5.463706910954483536e-04 1.321562188552894410e-04 5.901598722906290905e-04 4.483643171501935367e-05 1.298398432444004954e-04 4.415526600690804248e-05 4.691043260723813659e-06
2.560438400326083756e-04 1.734834770409335894e-05 6.520820537838795297e-06 1.875233326324764541e-04 3.469634298137530940e-06 5.532164660456428702e-04 1.623397253015036021e-05 9.214645776153002817e-06 1.947835964385031279e-04 3.056631177659517389e-04
3.461705343118221369e-04 2.746910343908249078e-04 3.942292626287294830e-04 3.786367024849759087e-04 8.651266739593300732e-05 7.129942179673235769e-05 3.113131260789059611e-04 1.040176152834335543e-04 4.368030507829621847e-05 6.773752264656095288e-04
3.812949886453055538e-04 1.071034586741591814e-04 7.027942149876186028e-04 2.314251398558054383e-05 1.430351526596550498e-03 1.267031469007891774e-04 3.876088334137587472e-04 2.650432315024491177e-04 6.438180214600061570e-05 3.248728299958552777e-04
8.316037177138458877e-05 1.095677907717843361e-03 9.250203331590886721e-04 1.871547236646775028e-04 1.984082270915274015e-04 2.231558028706051773e-04 5.667426105638688483e-04 8.865511238859917053e-05 4.127663607547827987e-06 4.948120697617005176e-05
