3.396763885252557268e-06 2.782826328166663856e-07 6.565618094669983991e-05 8.942207954354655623e-07 2.524428350413971062e-05 4.910574902272078688e-06 2.645904555028018041e-05 1.167234108823579195e-05 5.127969632528919375e-06 8.077923140142826553e-06
7.095735860989781790e-05 1.053854004197490022e-04 4.149407609827686290e-05 1.714892543118486090e-04 5.518965044726950250e-04 6.698128166831826861e-05 1.053015376792171276e-03 4.039120245476831997e-04 1.666072971976415636e-04 3.045467924633481378e-04
6.492192271462861883e-04 1.688293424817655011e-04 3.959842076757650892e-04 1.426024426144596735e-03 2.452959638036622883e-04 7.780511949052685552e-04 2.663920128374630161e-06 7.331376032604399449e-05 1.130529877829075181e-03 2.562875885626474657e-04
2.984172538222566555e-04 1.418486977636366879e-03 2.227914218209148831e-04 2.989552813415890229e-04 7.675620983950581138e-04 1.542464137158342961e-03 2.464698415517272041e-04 5.893930539530861526e-04 3.428492818948986694e-05 2.758124395197852127e-04
5.728512851506980651e-04 1.136876140315624777e-03 1.298993930050250968e-05 4.731435482598280601e-05 2.915004050844913794e-04 3.065161647234141123e-04 3.483747847294775611e-04 6.191347723597656876e-05 5.875874135259696353e-04 1.078699145181394054e-04
1.672498562286966247e-04 8.817319600412005815e-04 2.921102843711001694e-06 1.137146143067056803e-03 1.956142240310758233e-04 5.476063433854872148e-04 2.968484850093939761e-04 3.873364674685191955e-04 4.949979093070086544e-04 2.287922032778562321e-04
2.984506173266850138e-03 1.224022069167039024e-03 1.967387451635655218e-04 2.575287228363580755e-04 2.770080426165886719e-04 4.726999261706230050e-05 2.112597865591588336e-04 2.168700985746709433e-04 8.431822678295190256e-04 2.122815301501486710e-04
9.035353773417388167e-04 1.204486266858669738e-04 2.802462482373576985e-04 1.301261788265126087e-03 7.293279363174181218e-05 4.136067849509651858e-04 1.888774583329850642e-04 6.512399354376868346e-06 2.048237953877458744e-04 2.209791928766829678e-04
3.703813343361838907e-05 7.269481780020533570e-04 7.440391035600237794e-04 1.231286811996084847e-04 3.451726629551325580e-04 2.981352867551206160e-04 7.663960413892705091e-04 6.575552006199189407e-05 1.304237368891778318e-05 2.671823277525201424e-04
6.580511686233009696e-04 1.631757204388465689e-04 2.647849043043388811e-04 1.101583134807617394e-05 2.052930326862705749e-04 2.078413317801809429e-04 1.745105989472512466e-05 6.768040806601406017e-05 4.264672157247478878e-04 8.428327520461460982e-05
2.924228047483026370e-04 2.275432877701901910e-04 1.141226527966057009e-04 4.302402511556758201e-04 2.339907226526255122e-04 9.200132392521575978e-04 9.559136403573642419e-05 7.932708910534467389e-04 5.323842550345380883e-04 3.630913517428721966e-06
5.091985435542615906e-04 4.054216736583621597e-05 4.624514600722698398e-04 2.498056519330338408e-04 6.319301814781711976e-04 2.542580321132977429e-04 1.047915231515861859e-04 5.525641683653733640e-04 1.985681074232760175e-04 8.959183750725850746e-05
7.734240744149209078e-05 1.006030787523577155e-04 1.183818627212270078e-04 9.308088056542939391e-05 1.454769487772722024e-04 2.458125300395764561e-05 3.596581830184228498e-04 1.226608499908444139e-04 2.313037878210209082e-04 2.159810658549602021e-04
