9.870631976180452849e-01
1.002796666220377553e+00
1.002929082033699570e+00
1.023313879778198654e+00
1.005960460229930797e+00
1.003211518922496603e+00
9.964648026634228550e-01
9.884604363783978664e-01
9.889174895644075036e-01
9.986665994917992561e-01
9.752582961846137932e-01
9.722981975694536816e-01
9.932434661547532295e-01
9.982135386846289204e-01
1.003867605906445748e+00
1.002035605253692507e+00
9.859300639689415613e-01
9.895640998096814078e-01
9.769133217280633330e-01
9.839687843793478716e-01
9.993847030071014714e-01
1.011498039481867117e+00
9.920530046667462853e-01
9.877749639988283592e-01
9.895102986026381719e-01
9.821214131666593516e-01
9.965737559481591124e-01
9.807503932833528948e-01
9.839141345429385233e-01
9.860533660891478425e-01
9.999627066893147509e-01
9.983891145617234120e-01
9.977746186653349003e-01
1.003394440865172710e+00
9.685496910744979537e-01
9.775718074276090741e-01
1.000133075150526185e+00
1.005598711864522432e+00
9.762641303705352769e-01
9.932300420266535479e-01
1.008476830461807916e+00
9.798016772748207037e-01
1.003077105199584373e+00
1.003735000399904154e+00
9.775223054887135499e-01
9.887946772685949348e-01
9.933563911502627519e-01
9.866153892678266590e-01
9.714282788408530322e-01
9.926007882396747917e-01
1.001723106526493767e+00
9.803820982230804226e-01
9.913615835752154215e-01
1.003375313234168509e+00
1.002753297956554102e+00
9.706077264421791861e-01
1.004097044543352357e+00
1.001338350843037128e+00
9.955125820080196197e-01
9.834531127485061086e-01
9.956535127917847117e-01
9.737949881139571495e-01
1.005212505864059969e+00
9.910264425203743066e-01
9.950129055348501117e-01
9.974678242958973096e-01
1.010808559191940015e+00
1.002459242405705941e+00
9.873344002161038580e-01
9.863603694171042546e-01
9.966621236110470017e-01
9.912082507943013043e-01
9.948357056216404759e-01
9.914187593069109239e-01
9.887712053467295759e-01
9.970016626614374156e-01
9.837234316978855642e-01
1.004790373148209071e+00
9.812770044190811669e-01
9.860287851440212581e-01
9.744734264612056052e-01
9.839779031842266210e-01
9.849827449219327180e-01
9.875359681254288757e-01
9.990912609548716627e-01
9.884024072138786199e-01
1.012786841097540247e+00
9.656269080364308088e-01
9.879896327771574560e-01
9.965552511948336800e-01
9.927722362931570288e-01
9.921920074671348733e-01
9.795957136619036776e-01
9.839162228558887557e-01
9.934351680449418076e-01
1.005384915342985019e+00
1.001668958410006693e+00
9.902037969381999316e-01
1.002632270064536479e+00
9.919063510021425278e-01
1.008701878032393529e+00
1.011632265651206231e+00
9.823174081926018264e-01
9.848392265233094633e-01
9.635449750604034858e-01
9.870231769267172606e-01
9.815728312001960054e-01
9.845423298078552765e-01
9.511879976226389477e-01
9.662137586347875340e-01
9.964237485214068046e-01
9.729342917245619171e-01
9.876711242668838597e-01
1.007413513758120827e+00
9.986697487932382211e-01
9.738909118180263391e-01
9.944044906496823932e-01
9.878641885254006993e-01
1.004830585685128952e+00
9.726411554023138839e-01
9.982753755222174563e-01
9.883980949931906457e-01
9.779393616751735907e-01
1.002129030319478087e+00
9.944202100365963082e-01
9.760139447863422912e-01
9.866868490135285441e-01
1.006563633193567453e+00
9.731743495621250073e-01
1.000485198280763433e+00
9.839907110547818636e-01
1.007246961700664523e+00
1.007252128158762972e+00
1.008355558627332282e+00
9.939517843995173685e-01
1.012267087553889722e+00
9.957383152606449350e-01
9.709484957960432538e-01
9.909146139214517479e-01
9.790243702218115462e-01
9.860289683110901038e-01
9.823923714143181218e-01
9.791571124413093186e-01
9.593783951469474491e-01
1.005589646706926299e+00
1.013089375974857154e+00
1.004744123480289408e+00
9.935411354586874966e-01
1.004337185610741701e+00
9.834546052290795703e-01
1.006609497352815685e+00
9.734832815229403913e-01
9.975284206798968878e-01
9.891383360420443749e-01
9.865641006788010703e-01
1.019253638722995126e+00
1.010644301306224735e+00
9.843742801815911214e-01
9.705940335255582863e-01
9.992597417005452121e-01
1.000191310343717666e+00
9.867623542837029582e-01
1.012963339287376696e+00
9.715509173454576208e-01
9.988968073892409150e-01
1.003965869439598313e+00
1.012565239257052330e+00
1.001936804917576973e+00
9.744194282556667419e-01
9.847724792093799362e-01
1.024601562585954806e+00
1.000895337035897059e+00
9.954057806769377459e-01
9.974908089324960869e-01
9.953091141157947019e-01
1.007149132669988623e+00
9.845597750012957672e-01
9.897888939270722553e-01
1.000288147618838330e+00
1.009382748908500771e+00
9.996280786661992934e-01
9.971767049711838249e-01
9.834144651297398454e-01
9.892389639701016923e-01
1.011400210167921809e+00
9.897423898677499832e-01
9.945210121309765450e-01
9.981482377156716268e-01
9.981421909487704358e-01
9.953082110153967932e-01
9.790503707877084016e-01
9.912952768411786852e-01
9.845521876970553254e-01
1.005426336793341813e+00
1.002299428605260001e+00
9.972531489923335268e-01
9.865728497947091613e-01
9.687221114728373772e-01
1.011583403468306219e+00
9.759850756945569472e-01
9.863219511633408709e-01
9.982687366005832397e-01
9.946370401577934173e-01
9.982008554655160681e-01
1.014693386361316785e+00
9.893871496138270105e-01
9.866992776478633598e-01
1.003394461855330988e+00
9.673367746705170411e-01
9.836748574880952445e-01
9.967219952072894351e-01
9.876575727812666461e-01
1.000871651018200748e+00
1.009519043502726365e+00
1.011851825760532675e+00
9.920005478173183899e-01
9.989227705523771039e-01
9.937334946407136993e-01
9.745201873420308303e-01
9.750732595891271615e-01
9.870735082860110365e-01
9.913392191097195605e-01
9.964952995893200383e-01
9.906272162493360289e-01
9.966826910372234005e-01
9.734887435812785705e-01
9.799833161088075117e-01
9.845848367099208076e-01
9.872013448001230040e-01
9.881815567004580414e-01
9.854765901244683102e-01
9.895688208847530642e-01
9.888413768909217749e-01
9.834569069956337062e-01
1.009937896208483732e+00
1.012230311342561473e+00
9.856418567140268205e-01
9.836545591942140732e-01
9.971339405391089761e-01
1.006262693458485735e+00
9.898661583735879343e-01
1.004610092704384172e+00
9.942344332616213087e-01
9.892895135657983063e-01
9.941471200276076337e-01
9.899877586979267674e-01
9.718271153417782360e-01
9.877357033690007393e-01
9.958901815934921853e-01
9.940648454312351889e-01
