3.355313357688427664e-05 2.040055849539493152e-05 2.648755043058061806e-07 2.969354635671582965e-06 2.765355370113878328e-05 1.612407832814599849e-05 4.239776538504468452e-05 8.336352757149541518e-07 9.505980281069371375e-08 6.712309335712502483e-07
8.028640649684461801e-05 1.294701504202289447e-04 4.482201701209421693e-04 2.925929663479073133e-05 1.028680041615679731e-04 8.571817528299410099e-05 1.274691700205452319e-04 2.379831404825193364e-05 1.223799487820054774e-04 2.446958264981516709e-04
3.959420248595173697e-04 2.535380732469408858e-04 3.654151435819196934e-04 3.344687973174786792e-04 1.063091246393932333e-03 5.630305490058728352e-04 2.463491466430746727e-04 1.979034534904569977e-04 3.937693455129185997e-04 1.632524305353787663e-04
5.144574235627482001e-04 3.405276442576844471e-04 4.789683034321491839e-05 2.786087499032756929e-05 3.406419703595170564e-04 2.004808717624223188e-04 7.916035734619851432e-06 7.157652754676702015e-05 2.194909042444780561e-05 3.019544209734028396e-06
1.663010611604043699e-04 8.402492887509686902e-05 5.308798900953446765e-05 4.110592930533336301e-05 6.471376147557198486e-05 1.280050890704278370e-04 1.917259469980735849e-04 6.816638951807706516e-04 5.876681948190528698e-05 6.323467033338266109e-04
2.240808428512440758e-04 4.589007151420644234e-04 5.552765622138770710e-04 1.374053182771925821e-04 1.626797238653399211e-04 8.101882563910247194e-05 2.113055829530139697e-05 1.253941474221126568e-04 2.265372090369983124e-04 2.717391521339040613e-04
7.513119414684981626e-04 1.302687009544910724e-04 2.921633406069630589e-04 4.488862732598529825e-06 1.114254187350131056e-04 1.312932167416879295e-04 3.306135291043655732e-04 3.459574730738557998e-05 5.137912511045249236e-05 7.996410807977334364e-04
8.135893214425272851e-06 5.576095544603404137e-04 9.658010443810126095e-05 3.031177302247427523e-04 1.012679223518003963e-04 3.453510003419495394e-04 1.386926822025764592e-04 1.256285500415437763e-04 3.323253411591650327e-05 1.665778600702527300e-04
9.102051961212056239e-05 2.136296768601349543e-04 9.537130410961203706e-05 4.216454599445587908e-04 6.366194228188344672e-04 3.126972685576652196e-04 1.995741629761727020e-04 8.516031244979013932e-05 7.437407870354726324e-05 2.378864265260974601e-04
9.240276568852983340e-05 2.288819203700162357e-04 9.072088857019103107e-05 2.027430747017716986e-04 1.290015835293881197e-04 1.872226319480678404e-04 2.796918991197195776e-05 1.540911679176894093e-04 2.152063606573250353e-04 1.481145493532960060e-04
1.975133581161668929e-04 2.538419992026041321e-05 1.377040606216933696e-04 1.424606862323758163e-04 4.929705892587969403e-04 2.640690878632112495e-04 3.283005052065811704e-04 6.191125847476657115e-05 2.437965159532172520e-04 8.975766300356322535e-05
1.333192122646540572e-04 1.251209406765524889e-04 3.438168426135752029e-04 1.170589394437742000e-04 1.172055186760551630e-04 2.405476354496760051e-04 1.753875429511402852e-04 1.079068726695654962e-04 2.000364786799750866e-04 1.795125694993238098e-04
2.497218224071423901e-04 1.166849101623637397e-04 6.104584278664008674e-04 9.905278636534164407e-05 3.501316700813422462e-04 1.758920219533784081e-04 2.596219662730201547e-05 1.250452539087573342e-04 2.698440157502537354e-04 2.964255598319110894e-04
