2.766216176950227079e-06 1.115486196728849722e-05 1.411655924159882554e-05 5.980204730674462969e-05 3.098337121321288624e-07 1.383788852130878445e-05 1.241903627554079623e-05 3.741519956000193290e-07 4.599877672777717805e-07 7.158307844615938438e-07
3.355898601512260311e-04 5.339909479179686487e-04 1.434456627338424070e-04 2.944101806522587790e-05 5.123690625790539179e-05 5.513854744537036948e-04 1.522355546044982806e-04 2.978317069362236189e-04 1.780157611101326103e-04 9.712732498699362205e-05
1.912707268696998769e-04 1.084535135012347314e-05 2.045476404051509113e-04 7.232925062346739174e-05 5.422572322775366915e-05 4.248198577677294576e-04 2.238338147199121905e-04 6.564585049416633063e-05 3.705565967505930534e-05 3.702979937657112234e-04
8.182579269113163061e-05 5.135193370451398859e-04 8.543186232811515323e-05 2.948136322715101568e-04 3.868159220957320611e-04 8.749159416326839707e-05 6.803320714373978445e-04 2.611049083193643975e-04 4.859228226652461606e-04 1.595632629341748839e-04
2.426273501937128068e-05 4.984727130608874839e-04 1.716112974864598441e-03 1.215395006976087298e-04 3.341535400166141051e-05 4.698668036326796526e-04 1.300481776212020270e-05 9.491504904052967524e-05 1.336047486661963966e-04 6.709834729197057253e-05
7.702234806953322816e-04 1.455159263215265967e-04 9.637649333040583695e-05 5.283323864104534081e-05 1.208122832082465219e-07 2.112642540582291751e-05 1.174066496543080393e-03 3.504556867739873073e-05 1.952702629688041138e-04 1.071230929352632422e-04
1.226544583157540634e-04 2.228833164492303185e-05 1.661783841092657500e-04 3.482581499505586417e-04 3.135966102429425199e-04 4.446624500747866499e-04 2.742408092029707204e-04 9.778127710307020352e-05 5.486989847395625950e-04 6.188110709430834203e-05
4.939289744657959563e-04 4.737456413004094354e-05 5.116114556391502074e-05 7.722312497743282411e-04 1.615906011542208340e-04 3.564943970092218357e-04 6.112547943533275133e-05 4.870953225010710933e-04 3.126826232256948865e-05 3.131343911508239304e-04
3.055642215882015946e-05 7.864323295475156815e-04 4.322486178402872720e-04 4.547434278283031322e-04 2.670749028651324408e-04 1.059580428800831556e-04 3.987355550803370514e-04 2.429768951574942442e-04 5.540543494220147921e-05 2.449334535686301041e-04
2.412075918101427377e-05 5.398393459832438648e-04 1.902779319412207625e-04 1.196552631136291563e-04 4.355434869037992218e-04 4.035199479426738843e-05 1.288252117004424688e-04 9.413108624089009096e-04 1.077956113343226085e-04 1.084141704746331578e-04
3.402967000641954928e-04 1.625176797077073276e-03 2.648352010086083732e-05 2.876936873563348796e-04 5.021412690187684186e-04 1.405642161940513269e-04 1.051625507884128025e-03 4.155553342264623308e-04 6.294154024017241692e-04 6.104934686705599731e-04
1.853120189481000915e-04 2.048379597889184850e-04 7.346379184518509299e-04 1.405626584275248506e-04 3.273633902459557247e-04 3.010683349087308323e-04 3.765830631378191875e-04 8.857715927543834871e-04 3.353191851834433200e-05 1.475918605424293110e-04
1.218554137045538277e-04 5.276102151506685333e-05 9.388293455778221562e-05 3.549280473139111583e-04 1.034479279111449488e-03 1.834227969339939819e-04 8.811612913164549054e-07 3.263171633592403735e-04 2.242903622165608451e-04 2.402239773307024687e-06
