0.000000000000000000e+00
1.212910728508449864e-07
2.425821457016899727e-07
3.638732185525349591e-07
4.851642914033799455e-07
6.064553642542249848e-07
7.277464371050699182e-07
8.490375099559148517e-07
9.703285828067598910e-07
1.091619655657604930e-06
1.212910728508449970e-06
1.334201801359294797e-06
1.455492874210139836e-06
1.576783947060984876e-06
1.698075019911829703e-06
1.819366092762674743e-06
1.940657165613519782e-06
2.061948238464364610e-06
2.183239311315209861e-06
2.304530384166054688e-06
2.425821457016899939e-06
2.547112529867744767e-06
2.668403602718589594e-06
2.789694675569434845e-06
2.910985748420279673e-06
3.032276821271124501e-06
3.153567894121969752e-06
3.274858966972814579e-06
3.396150039823659407e-06
3.517441112674504658e-06
3.638732185525349485e-06
3.760023258376194736e-06
3.881314331227039564e-06
4.002605404077884815e-06
4.123896476928729219e-06
4.245187549779574470e-06
4.366478622630419721e-06
4.487769695481264125e-06
4.609060768332109376e-06
4.730351841182954627e-06
4.851642914033799878e-06
4.972933986884644283e-06
5.094225059735489534e-06
5.215516132586334785e-06
5.336807205437179189e-06
5.458098278288024440e-06
5.579389351138869691e-06
5.700680423989714095e-06
5.821971496840559346e-06
5.943262569691404597e-06
6.064553642542249001e-06
6.185844715393094252e-06
6.307135788243939503e-06
6.428426861094783907e-06
6.549717933945629158e-06
6.671009006796474409e-06
6.792300079647318813e-06
6.913591152498164065e-06
7.034882225349009316e-06
7.156173298199854567e-06
7.277464371050698971e-06
7.398755443901544222e-06
7.520046516752389473e-06
7.641337589603234724e-06
7.762628662454079128e-06
7.883919735304923532e-06
8.005210808155769630e-06
8.126501881006614034e-06
8.247792953857458438e-06
8.369084026708304536e-06
8.490375099559148940e-06
8.611666172409993344e-06
8.732957245260839442e-06
8.854248318111683846e-06
8.975539390962528251e-06
9.096830463813374349e-06
9.218121536664218753e-06
9.339412609515063157e-06
9.460703682365909255e-06
9.581994755216753659e-06
9.703285828067599757e-06
9.824576900918444161e-06
9.945867973769288565e-06
1.006715904662013466e-05
1.018845011947097907e-05
1.030974119232182347e-05
1.043103226517266957e-05
1.055232333802351397e-05
1.067361441087435838e-05
1.079490548372520448e-05
1.091619655657604888e-05
1.103748762942689328e-05
1.115877870227773938e-05
1.128006977512858379e-05
1.140136084797942819e-05
1.152265192083027429e-05
1.164394299368111869e-05
1.176523406653196310e-05
1.188652513938280919e-05
1.200781621223365360e-05
1.212910728508449800e-05
1.225039835793534410e-05
1.237168943078618850e-05
1.249298050363703291e-05
1.261427157648787901e-05
1.273556264933872341e-05
1.285685372218956781e-05
1.297814479504041391e-05
1.309943586789125832e-05
1.322072694074210272e-05
1.334201801359294882e-05
1.346330908644379322e-05
1.358460015929463763e-05
1.370589123214548372e-05
1.382718230499632813e-05
1.394847337784717423e-05
1.406976445069801863e-05
1.419105552354886304e-05
1.431234659639970913e-05
1.443363766925055354e-05
1.455492874210139794e-05
1.467621981495224404e-05
1.479751088780308844e-05
1.491880196065393285e-05
1.504009303350477895e-05
1.516138410635562335e-05
1.528267517920646945e-05
1.540396625205731385e-05
1.552525732490815826e-05
1.564654839775900266e-05
1.576783947060984706e-05
1.588913054346069486e-05
1.601042161631153926e-05
1.613171268916238366e-05
1.625300376201322807e-05
1.637429483486407247e-05
1.649558590771491688e-05
1.661687698056576467e-05
1.673816805341660907e-05
1.685945912626745348e-05
1.698075019911829788e-05
1.710204127196914228e-05
1.722333234481998669e-05
1.734462341767083448e-05
1.746591449052167888e-05
1.758720556337252329e-05
1.770849663622336769e-05
1.782978770907421210e-05
1.795107878192505650e-05
1.807236985477590429e-05
1.819366092762674870e-05
1.831495200047759310e-05
1.843624307332843751e-05
1.855753414617928191e-05
1.867882521903012631e-05
1.880011629188097411e-05
1.892140736473181851e-05
1.904269843758266291e-05
1.916398951043350732e-05
1.928528058328435172e-05
1.940657165613519951e-05
1.952786272898604392e-05
1.964915380183688832e-05
1.977044487468773273e-05
1.989173594753857713e-05
2.001302702038942153e-05
2.013431809324026933e-05
2.025560916609111373e-05
2.037690023894195813e-05
2.049819131179280254e-05
2.061948238464364694e-05
2.074077345749449135e-05
2.086206453034533914e-05
2.098335560319618354e-05
2.110464667604702795e-05
2.122593774889787235e-05
2.134722882174871675e-05
2.146851989459956116e-05
2.158981096745040895e-05
2.171110204030125336e-05
2.183239311315209776e-05
2.195368418600294216e-05
2.207497525885378657e-05
2.219626633170463097e-05
2.231755740455547876e-05
2.243884847740632317e-05
2.256013955025716757e-05
2.268143062310801198e-05
2.280272169595885638e-05
2.292401276880970078e-05
2.304530384166054858e-05
2.316659491451139298e-05
2.328788598736223738e-05
2.340917706021308179e-05
2.353046813306392619e-05
2.365175920591477398e-05
2.377305027876561839e-05
2.389434135161646279e-05
2.401563242446730720e-05
2.413692349731815160e-05
2.425821457016899600e-05
2.437950564301984380e-05
2.450079671587068820e-05
2.462208778872153260e-05
2.474337886157237701e-05
2.486466993442322141e-05
2.498596100727406582e-05
2.510725208012491361e-05
2.522854315297575801e-05
2.534983422582660242e-05
2.547112529867744682e-05
2.559241637152829122e-05
2.571370744437913563e-05
2.583499851722998342e-05
2.595628959008082783e-05
2.607758066293167223e-05
2.619887173578251663e-05
2.632016280863336104e-05
2.644145388148420544e-05
2.656274495433505323e-05
2.668403602718589764e-05
2.680532710003674204e-05
2.692661817288758645e-05
2.704790924573843085e-05
2.716920031858927525e-05
2.729049139144012305e-05
2.741178246429096745e-05
2.753307353714181185e-05
2.765436460999265626e-05
2.777565568284350066e-05
2.789694675569434845e-05
2.801823782854519286e-05
2.813952890139603726e-05
2.826081997424688167e-05
2.838211104709772607e-05
2.850340211994857047e-05
2.862469319279941827e-05
2.874598426565026267e-05
2.886727533850110707e-05
2.898856641135195148e-05
2.910985748420279588e-05
2.923114855705364029e-05
2.935243962990448808e-05
2.947373070275533248e-05
2.959502177560617689e-05
2.971631284845702129e-05
2.983760392130786570e-05
2.995889499415871010e-05
3.008018606700955789e-05
3.020147713986040230e-05
3.032276821271124670e-05
3.044405928556209110e-05
3.056535035841293890e-05
3.068664143126377991e-05
3.080793250411462770e-05
3.092922357696546872e-05
3.105051464981631651e-05
3.117180572266716430e-05
3.129309679551800532e-05
3.141438786836885311e-05
3.153567894121969413e-05
3.165697001407054192e-05
3.177826108692138971e-05
3.189955215977223073e-05
3.202084323262307852e-05
3.214213430547391954e-05
3.226342537832476733e-05
3.238471645117560834e-05
3.250600752402645614e-05
3.262729859687730393e-05
3.274858966972814494e-05
3.286988074257899274e-05
3.299117181542983375e-05
3.311246288828068154e-05
3.323375396113152934e-05
3.335504503398237035e-05
3.347633610683321815e-05
3.359762717968405916e-05
3.371891825253490695e-05
3.384020932538574797e-05
3.396150039823659576e-05
3.408279147108744355e-05
3.420408254393828457e-05
3.432537361678913236e-05
3.444666468963997338e-05
3.456795576249082117e-05
3.468924683534166896e-05
3.481053790819250998e-05
3.493182898104335777e-05
3.505312005389419879e-05
3.517441112674504658e-05
3.529570219959589437e-05
3.541699327244673539e-05
3.553828434529758318e-05
3.565957541814842419e-05
3.578086649099927199e-05
3.590215756385011300e-05
3.602344863670096079e-05
3.614473970955180859e-05
3.626603078240264960e-05
3.638732185525349739e-05
3.650861292810433841e-05
3.662990400095518620e-05
3.675119507380603399e-05
3.687248614665687501e-05
3.699377721950772280e-05
3.711506829235856382e-05
3.723635936520941161e-05
3.735765043806025263e-05
3.747894151091110042e-05
3.760023258376194821e-05
3.772152365661278923e-05
3.784281472946363702e-05
3.796410580231447804e-05
3.808539687516532583e-05
3.820668794801617362e-05
3.832797902086701464e-05
3.844927009371786243e-05
3.857056116656870344e-05
3.869185223941955124e-05
3.881314331227039903e-05
3.893443438512124004e-05
3.905572545797208784e-05
3.917701653082292885e-05
3.929830760367377664e-05
3.941959867652461766e-05
3.954088974937546545e-05
3.966218082222631324e-05
3.978347189507715426e-05
3.990476296792800205e-05
4.002605404077884307e-05
4.014734511362969086e-05
4.026863618648053865e-05
4.038992725933137967e-05
4.051121833218222746e-05
4.063250940503306848e-05
4.075380047788391627e-05
4.087509155073475728e-05
4.099638262358560508e-05
4.111767369643645287e-05
4.123896476928729388e-05
4.136025584213814168e-05
4.148154691498898269e-05
4.160283798783983049e-05
4.172412906069067828e-05
4.184542013354151929e-05
4.196671120639236709e-05
4.208800227924320810e-05
4.220929335209405589e-05
4.233058442494489691e-05
4.245187549779574470e-05
4.257316657064659249e-05
4.269445764349743351e-05
4.281574871634828130e-05
4.293703978919912232e-05
4.305833086204997011e-05
4.317962193490081790e-05
4.330091300775165892e-05
4.342220408060250671e-05
4.354349515345334773e-05
4.366478622630419552e-05
4.378607729915504331e-05
4.390736837200588433e-05
4.402865944485673212e-05
4.414995051770757313e-05
4.427124159055842093e-05
4.439253266340926194e-05
4.451382373626010973e-05
4.463511480911095753e-05
4.475640588196179854e-05
4.487769695481264633e-05
4.499898802766348735e-05
4.512027910051433514e-05
4.524157017336518294e-05
4.536286124621602395e-05
4.548415231906687174e-05
4.560544339191771276e-05
4.572673446476856055e-05
4.584802553761940157e-05
4.596931661047024936e-05
4.609060768332109715e-05
4.621189875617193817e-05
4.633318982902278596e-05
4.645448090187362698e-05
4.657577197472447477e-05
4.669706304757532256e-05
4.681835412042616358e-05
4.693964519327701137e-05
4.706093626612785238e-05
4.718222733897870018e-05
4.730351841182954797e-05
4.742480948468038898e-05
4.754610055753123678e-05
4.766739163038207779e-05
4.778868270323292558e-05
4.790997377608376660e-05
4.803126484893461439e-05
4.815255592178546218e-05
4.827384699463630320e-05
4.839513806748715099e-05
4.851642914033799201e-05
4.863772021318883980e-05
4.875901128603968759e-05
4.888030235889052861e-05
4.900159343174137640e-05
4.912288450459221742e-05
4.924417557744306521e-05
4.936546665029390622e-05
4.948675772314475402e-05
4.960804879599560181e-05
4.972933986884644283e-05
4.985063094169729062e-05
4.997192201454813163e-05
5.009321308739897943e-05
5.021450416024982722e-05
5.033579523310066823e-05
5.045708630595151603e-05
5.057837737880235704e-05
5.069966845165320483e-05
5.082095952450405263e-05
5.094225059735489364e-05
5.106354167020574143e-05
5.118483274305658245e-05
5.130612381590743024e-05
5.142741488875827126e-05
5.154870596160911905e-05
5.166999703445996684e-05
5.179128810731080786e-05
5.191257918016165565e-05
5.203387025301249667e-05
5.215516132586334446e-05
5.227645239871419225e-05
5.239774347156503327e-05
5.251903454441588106e-05
5.264032561726672207e-05
5.276161669011756987e-05
5.288290776296841088e-05
5.300419883581925867e-05
5.312548990867010647e-05
5.324678098152094748e-05
5.336807205437179528e-05
5.348936312722263629e-05
5.361065420007348408e-05
5.373194527292433188e-05
5.385323634577517289e-05
5.397452741862602068e-05
5.409581849147686170e-05
5.421710956432770949e-05
5.433840063717855051e-05
5.445969171002939830e-05
5.458098278288024609e-05
5.470227385573108711e-05
5.482356492858193490e-05
5.494485600143277592e-05
5.506614707428362371e-05
5.518743814713447150e-05
5.530872921998531252e-05
5.543002029283616031e-05
5.555131136568700132e-05
5.567260243853784912e-05
5.579389351138869691e-05
5.591518458423953792e-05
5.603647565709038572e-05
5.615776672994122673e-05
5.627905780279207452e-05
5.640034887564291554e-05
5.652163994849376333e-05
5.664293102134461112e-05
5.676422209419545214e-05
5.688551316704629993e-05
5.700680423989714095e-05
5.712809531274798874e-05
5.724938638559883653e-05
5.737067745844967755e-05
5.749196853130052534e-05
5.761325960415136636e-05
5.773455067700221415e-05
5.785584174985305517e-05
5.797713282270390296e-05
5.809842389555475075e-05
5.821971496840559177e-05
5.834100604125643956e-05
5.846229711410728057e-05
5.858358818695812837e-05
5.870487925980897616e-05
5.882617033265981717e-05
5.894746140551066497e-05
5.906875247836150598e-05
5.919004355121235377e-05
5.931133462406320157e-05
5.943262569691404258e-05
5.955391676976489037e-05
5.967520784261573139e-05
5.979649891546657918e-05
5.991778998831742020e-05
6.003908106116826799e-05
6.016037213401911578e-05
6.028166320686995680e-05
6.040295427972080459e-05
6.052424535257164561e-05
6.064553642542249340e-05
6.076682749827334119e-05
6.088811857112418221e-05
6.100940964397503000e-05
6.113070071682587779e-05
6.125199178967671203e-05
6.137328286252755982e-05
6.149457393537840762e-05
6.161586500822925541e-05
6.173715608108010320e-05
6.185844715393093744e-05
6.197973822678178523e-05
6.210102929963263302e-05
6.222232037248348082e-05
6.234361144533432861e-05
6.246490251818516285e-05
6.258619359103601064e-05
6.270748466388685843e-05
6.282877573673770622e-05
6.295006680958855402e-05
6.307135788243938826e-05
6.319264895529023605e-05
6.331394002814108384e-05
6.343523110099193163e-05
6.355652217384277942e-05
6.367781324669361366e-05
6.379910431954446146e-05
6.392039539239530925e-05
6.404168646524615704e-05
6.416297753809699128e-05
6.428426861094783907e-05
6.440555968379868686e-05
6.452685075664953466e-05
6.464814182950038245e-05
6.476943290235121669e-05
6.489072397520206448e-05
6.501201504805291227e-05
6.513330612090376007e-05
6.525459719375460786e-05
6.537588826660544210e-05
6.549717933945628989e-05
6.561847041230713768e-05
6.573976148515798547e-05
6.586105255800883327e-05
6.598234363085966751e-05
6.610363470371051530e-05
6.622492577656136309e-05
6.634621684941221088e-05
6.646750792226305867e-05
6.658879899511389291e-05
6.671009006796474071e-05
6.683138114081558850e-05
6.695267221366643629e-05
6.707396328651728408e-05
6.719525435936811832e-05
6.731654543221896611e-05
6.743783650506981391e-05
6.755912757792066170e-05
6.768041865077149594e-05
6.780170972362234373e-05
6.792300079647319152e-05
6.804429186932403931e-05
6.816558294217488711e-05
6.828687401502572135e-05
6.840816508787656914e-05
6.852945616072741693e-05
6.865074723357826472e-05
6.877203830642911252e-05
6.889332937927994675e-05
6.901462045213079455e-05
6.913591152498164234e-05
6.925720259783249013e-05
6.937849367068333792e-05
6.949978474353417216e-05
6.962107581638501996e-05
6.974236688923586775e-05
6.986365796208671554e-05
6.998494903493756333e-05
7.010624010778839757e-05
7.022753118063924536e-05
7.034882225349009316e-05
7.047011332634094095e-05
7.059140439919178874e-05
7.071269547204262298e-05
7.083398654489347077e-05
7.095527761774431856e-05
7.107656869059516636e-05
7.119785976344600060e-05
7.131915083629684839e-05
7.144044190914769618e-05
7.156173298199854397e-05
7.168302405484939176e-05
7.180431512770022600e-05
7.192560620055107380e-05
7.204689727340192159e-05
7.216818834625276938e-05
7.228947941910361717e-05
7.241077049195445141e-05
7.253206156480529920e-05
7.265335263765614700e-05
7.277464371050699479e-05
7.289593478335784258e-05
7.301722585620867682e-05
7.313851692905952461e-05
7.325980800191037241e-05
7.338109907476122020e-05
7.350239014761206799e-05
7.362368122046290223e-05
7.374497229331375002e-05
7.386626336616459781e-05
7.398755443901544561e-05
7.410884551186629340e-05
7.423013658471712764e-05
7.435142765756797543e-05
7.447271873041882322e-05
7.459400980326967101e-05
7.471530087612050525e-05
7.483659194897135305e-05
7.495788302182220084e-05
7.507917409467304863e-05
7.520046516752389642e-05
7.532175624037473066e-05
7.544304731322557845e-05
7.556433838607642625e-05
7.568562945892727404e-05
7.580692053177812183e-05
7.592821160462895607e-05
7.604950267747980386e-05
7.617079375033065165e-05
7.629208482318149945e-05
7.641337589603234724e-05
7.653466696888318148e-05
7.665595804173402927e-05
7.677724911458487706e-05
7.689854018743572486e-05
7.701983126028657265e-05
7.714112233313740689e-05
7.726241340598825468e-05
7.738370447883910247e-05
7.750499555168995026e-05
7.762628662454079806e-05
7.774757769739163230e-05
7.786886877024248009e-05
7.799015984309332788e-05
7.811145091594417567e-05
7.823274198879500991e-05
7.835403306164585770e-05
7.847532413449670550e-05
7.859661520734755329e-05
7.871790628019840108e-05
7.883919735304923532e-05
7.896048842590008311e-05
7.908177949875093090e-05
7.920307057160177870e-05
7.932436164445262649e-05
7.944565271730346073e-05
7.956694379015430852e-05
7.968823486300515631e-05
7.980952593585600410e-05
7.993081700870685190e-05
8.005210808155768614e-05
8.017339915440853393e-05
8.029469022725938172e-05
8.041598130011022951e-05
8.053727237296107731e-05
8.065856344581191154e-05
8.077985451866275934e-05
8.090114559151360713e-05
8.102243666436445492e-05
8.114372773721528916e-05
8.126501881006613695e-05
8.138630988291698475e-05
8.150760095576783254e-05
8.162889202861868033e-05
8.175018310146951457e-05
8.187147417432036236e-05
8.199276524717121015e-05
8.211405632002205795e-05
8.223534739287290574e-05
8.235663846572373998e-05
8.247792953857458777e-05
8.259922061142543556e-05
8.272051168427628335e-05
8.284180275712713115e-05
8.296309382997796539e-05
8.308438490282881318e-05
8.320567597567966097e-05
8.332696704853050876e-05
8.344825812138135655e-05
8.356954919423219079e-05
8.369084026708303859e-05
8.381213133993388638e-05
8.393342241278473417e-05
8.405471348563558196e-05
8.417600455848641620e-05
8.429729563133726399e-05
8.441858670418811179e-05
8.453987777703895958e-05
8.466116884988979382e-05
8.478245992274064161e-05
8.490375099559148940e-05
8.502504206844233720e-05
8.514633314129318499e-05
8.526762421414401923e-05
8.538891528699486702e-05
8.551020635984571481e-05
8.563149743269656260e-05
8.575278850554741040e-05
8.587407957839824464e-05
8.599537065124909243e-05
8.611666172409994022e-05
8.623795279695078801e-05
8.635924386980163580e-05
8.648053494265247004e-05
8.660182601550331784e-05
8.672311708835416563e-05
8.684440816120501342e-05
8.696569923405586121e-05
8.708699030690669545e-05
8.720828137975754324e-05
8.732957245260839104e-05
8.745086352545923883e-05
8.757215459831008662e-05
8.769344567116092086e-05
8.781473674401176865e-05
8.793602781686261644e-05
8.805731888971346424e-05
8.817860996256429848e-05
8.829990103541514627e-05
8.842119210826599406e-05
8.854248318111684185e-05
8.866377425396768965e-05
8.878506532681852388e-05
8.890635639966937168e-05
8.902764747252021947e-05
8.914893854537106726e-05
8.927022961822191505e-05
8.939152069107274929e-05
8.951281176392359709e-05
8.963410283677444488e-05
8.975539390962529267e-05
8.987668498247614046e-05
8.999797605532697470e-05
9.011926712817782249e-05
9.024055820102867029e-05
9.036184927387951808e-05
9.048314034673036587e-05
9.060443141958120011e-05
9.072572249243204790e-05
9.084701356528289569e-05
9.096830463813374349e-05
9.108959571098459128e-05
9.121088678383542552e-05
9.133217785668627331e-05
9.145346892953712110e-05
9.157476000238796889e-05
9.169605107523880313e-05
9.181734214808965093e-05
9.193863322094049872e-05
9.205992429379134651e-05
9.218121536664219430e-05
9.230250643949302854e-05
9.242379751234387633e-05
9.254508858519472413e-05
9.266637965804557192e-05
9.278767073089641971e-05
9.290896180374725395e-05
9.303025287659810174e-05
9.315154394944894954e-05
9.327283502229979733e-05
9.339412609515064512e-05
9.351541716800147936e-05
9.363670824085232715e-05
9.375799931370317494e-05
9.387929038655402274e-05
9.400058145940487053e-05
9.412187253225570477e-05
9.424316360510655256e-05
9.436445467795740035e-05
9.448574575080824814e-05
9.460703682365909594e-05
9.472832789650993018e-05
9.484961896936077797e-05
9.497091004221162576e-05
9.509220111506247355e-05
9.521349218791330779e-05
9.533478326076415558e-05
9.545607433361500338e-05
9.557736540646585117e-05
9.569865647931669896e-05
9.581994755216753320e-05
9.594123862501838099e-05
9.606252969786922878e-05
9.618382077072007658e-05
9.630511184357092437e-05
9.642640291642175861e-05
9.654769398927260640e-05
9.666898506212345419e-05
9.679027613497430199e-05
9.691156720782514978e-05
9.703285828067598402e-05
9.715414935352683181e-05
9.727544042637767960e-05
9.739673149922852739e-05
9.751802257207937519e-05
9.763931364493020943e-05
9.776060471778105722e-05
9.788189579063190501e-05
9.800318686348275280e-05
9.812447793633360059e-05
9.824576900918443483e-05
9.836706008203528263e-05
9.848835115488613042e-05
9.860964222773697821e-05
9.873093330058781245e-05
9.885222437343866024e-05
9.897351544628950803e-05
9.909480651914035583e-05
9.921609759199120362e-05
9.933738866484203786e-05
9.945867973769288565e-05
9.957997081054373344e-05
9.970126188339458123e-05
9.982255295624542903e-05
9.994384402909626327e-05
1.000651351019471111e-04
1.001864261747979589e-04
1.003077172476488066e-04
1.004290083204996544e-04
1.005502993933504887e-04
1.006715904662013365e-04
1.007928815390521843e-04
1.009141726119030321e-04
1.010354636847538798e-04
1.011567547576047141e-04
1.012780458304555619e-04
1.013993369033064097e-04
1.015206279761572575e-04
1.016419190490081053e-04
1.017632101218589395e-04
1.018845011947097873e-04
1.020057922675606351e-04
1.021270833404114829e-04
1.022483744132623171e-04
1.023696654861131649e-04
1.024909565589640127e-04
1.026122476318148605e-04
1.027335387046657083e-04
1.028548297775165425e-04
1.029761208503673903e-04
1.030974119232182381e-04
1.032187029960690859e-04
1.033399940689199337e-04
1.034612851417707679e-04
1.035825762146216157e-04
1.037038672874724635e-04
1.038251583603233113e-04
1.039464494331741591e-04
1.040677405060249933e-04
1.041890315788758411e-04
1.043103226517266889e-04
1.044316137245775367e-04
1.045529047974283845e-04
1.046741958702792187e-04
1.047954869431300665e-04
1.049167780159809143e-04
1.050380690888317621e-04
1.051593601616826099e-04
1.052806512345334441e-04
1.054019423073842919e-04
1.055232333802351397e-04
1.056445244530859875e-04
1.057658155259368218e-04
1.058871065987876696e-04
1.060083976716385173e-04
1.061296887444893651e-04
1.062509798173402129e-04
1.063722708901910472e-04
1.064935619630418950e-04
1.066148530358927428e-04
1.067361441087435906e-04
1.068574351815944383e-04
1.069787262544452726e-04
1.071000173272961204e-04
1.072213084001469682e-04
1.073425994729978160e-04
1.074638905458486638e-04
1.075851816186994980e-04
1.077064726915503458e-04
1.078277637644011936e-04
1.079490548372520414e-04
1.080703459101028892e-04
1.081916369829537234e-04
1.083129280558045712e-04
1.084342191286554190e-04
1.085555102015062668e-04
1.086768012743571010e-04
1.087980923472079488e-04
1.089193834200587966e-04
1.090406744929096444e-04
1.091619655657604922e-04
1.092832566386113264e-04
1.094045477114621742e-04
1.095258387843130220e-04
1.096471298571638698e-04
1.097684209300147176e-04
1.098897120028655518e-04
1.100110030757163996e-04
1.101322941485672474e-04
1.102535852214180952e-04
1.103748762942689430e-04
1.104961673671197772e-04
1.106174584399706250e-04
1.107387495128214728e-04
1.108600405856723206e-04
1.109813316585231684e-04
1.111026227313740026e-04
1.112239138042248504e-04
1.113452048770756982e-04
1.114664959499265460e-04
1.115877870227773938e-04
1.117090780956282281e-04
1.118303691684790758e-04
1.119516602413299236e-04
1.120729513141807714e-04
1.121942423870316057e-04
1.123155334598824535e-04
1.124368245327333013e-04
1.125581156055841490e-04
1.126794066784349968e-04
1.128006977512858311e-04
1.129219888241366789e-04
1.130432798969875267e-04
1.131645709698383745e-04
1.132858620426892222e-04
1.134071531155400565e-04
1.135284441883909043e-04
1.136497352612417521e-04
1.137710263340925999e-04
1.138923174069434477e-04
1.140136084797942819e-04
1.141348995526451297e-04
1.142561906254959775e-04
1.143774816983468253e-04
1.144987727711976731e-04
1.146200638440485073e-04
1.147413549168993551e-04
1.148626459897502029e-04
1.149839370626010507e-04
1.151052281354518985e-04
1.152265192083027327e-04
1.153478102811535805e-04
1.154691013540044283e-04
1.155903924268552761e-04
1.157116834997061103e-04
1.158329745725569581e-04
1.159542656454078059e-04
1.160755567182586537e-04
1.161968477911095015e-04
1.163181388639603357e-04
1.164394299368111835e-04
1.165607210096620313e-04
1.166820120825128791e-04
1.168033031553637269e-04
1.169245942282145611e-04
1.170458853010654089e-04
1.171671763739162567e-04
1.172884674467671045e-04
1.174097585196179523e-04
1.175310495924687866e-04
1.176523406653196343e-04
1.177736317381704821e-04
1.178949228110213299e-04
1.180162138838721777e-04
1.181375049567230120e-04
1.182587960295738598e-04
1.183800871024247075e-04
1.185013781752755553e-04
1.186226692481264031e-04
1.187439603209772374e-04
1.188652513938280852e-04
1.189865424666789330e-04
1.191078335395297807e-04
1.192291246123806150e-04
1.193504156852314628e-04
1.194717067580823106e-04
1.195929978309331584e-04
1.197142889037840062e-04
1.198355799766348404e-04
1.199568710494856882e-04
1.200781621223365360e-04
1.201994531951873838e-04
1.203207442680382316e-04
1.204420353408890658e-04
1.205633264137399136e-04
1.206846174865907614e-04
1.208059085594416092e-04
1.209271996322924570e-04
1.210484907051432912e-04
1.211697817779941390e-04
1.212910728508449868e-04
1.214123639236958346e-04
1.215336549965466824e-04
1.216549460693975166e-04
1.217762371422483644e-04
1.218975282150992122e-04
1.220188192879500600e-04
1.221401103608008942e-04
1.222614014336517556e-04
1.223826925065025898e-04
1.225039835793534241e-04
1.226252746522042854e-04
1.227465657250551196e-04
1.228678567979059810e-04
1.229891478707568152e-04
1.231104389436076495e-04
1.232317300164585108e-04
1.233530210893093451e-04
1.234743121621602064e-04
1.235956032350110406e-04
1.237168943078618749e-04
1.238381853807127362e-04
1.239594764535635705e-04
1.240807675264144318e-04
1.242020585992652660e-04
1.243233496721161003e-04
1.244446407449669616e-04
1.245659318178177959e-04
1.246872228906686572e-04
1.248085139635194915e-04
1.249298050363703257e-04
1.250510961092211870e-04
1.251723871820720213e-04
1.252936782549228826e-04
1.254149693277737169e-04
1.255362604006245511e-04
1.256575514734754124e-04
1.257788425463262467e-04
1.259001336191771080e-04
1.260214246920279423e-04
1.261427157648787765e-04
1.262640068377296379e-04
1.263852979105804721e-04
1.265065889834313334e-04
1.266278800562821677e-04
1.267491711291330019e-04
1.268704622019838633e-04
1.269917532748346975e-04
1.271130443476855588e-04
1.272343354205363931e-04
1.273556264933872273e-04
1.274769175662380887e-04
1.275982086390889229e-04
1.277194997119397572e-04
1.278407907847906185e-04
1.279620818576414527e-04
1.280833729304923141e-04
1.282046640033431483e-04
1.283259550761939826e-04
1.284472461490448439e-04
1.285685372218956781e-04
1.286898282947465395e-04
1.288111193675973737e-04
1.289324104404482080e-04
1.290537015132990693e-04
1.291749925861499036e-04
1.292962836590007649e-04
1.294175747318515991e-04
1.295388658047024334e-04
1.296601568775532947e-04
1.297814479504041290e-04
1.299027390232549903e-04
1.300240300961058245e-04
1.301453211689566588e-04
1.302666122418075201e-04
1.303879033146583544e-04
1.305091943875092157e-04
1.306304854603600500e-04
1.307517765332108842e-04
1.308730676060617455e-04
1.309943586789125798e-04
1.311156497517634411e-04
1.312369408246142754e-04
1.313582318974651096e-04
1.314795229703159709e-04
1.316008140431668052e-04
1.317221051160176665e-04
1.318433961888685008e-04
1.319646872617193350e-04
1.320859783345701964e-04
1.322072694074210306e-04
1.323285604802718919e-04
1.324498515531227262e-04
1.325711426259735604e-04
1.326924336988244218e-04
1.328137247716752560e-04
1.329350158445261173e-04
1.330563069173769516e-04
1.331775979902277858e-04
1.332988890630786472e-04
1.334201801359294814e-04
1.335414712087803428e-04
1.336627622816311770e-04
1.337840533544820112e-04
1.339053444273328726e-04
1.340266355001837068e-04
1.341479265730345682e-04
1.342692176458854024e-04
1.343905087187362366e-04
1.345117997915870980e-04
1.346330908644379322e-04
1.347543819372887665e-04
1.348756730101396278e-04
1.349969640829904621e-04
1.351182551558413234e-04
1.352395462286921576e-04
1.353608373015429919e-04
1.354821283743938532e-04
1.356034194472446875e-04
1.357247105200955488e-04
1.358460015929463830e-04
1.359672926657972173e-04
1.360885837386480786e-04
1.362098748114989129e-04
1.363311658843497742e-04
1.364524569572006085e-04
1.365737480300514427e-04
1.366950391029023040e-04
1.368163301757531383e-04
1.369376212486039996e-04
1.370589123214548339e-04
1.371802033943056681e-04
1.373014944671565294e-04
1.374227855400073637e-04
1.375440766128582250e-04
1.376653676857090593e-04
1.377866587585598935e-04
1.379079498314107549e-04
1.380292409042615891e-04
1.381505319771124504e-04
1.382718230499632847e-04
1.383931141228141189e-04
1.385144051956649803e-04
1.386356962685158145e-04
1.387569873413666758e-04
1.388782784142175101e-04
1.389995694870683443e-04
1.391208605599192057e-04
1.392421516327700399e-04
1.393634427056209013e-04
1.394847337784717355e-04
1.396060248513225697e-04
1.397273159241734311e-04
1.398486069970242653e-04
1.399698980698751267e-04
1.400911891427259609e-04
1.402124802155767951e-04
1.403337712884276565e-04
1.404550623612784907e-04
1.405763534341293521e-04
1.406976445069801863e-04
1.408189355798310206e-04
1.409402266526818819e-04
1.410615177255327161e-04
1.411828087983835775e-04
1.413040998712344117e-04
1.414253909440852460e-04
1.415466820169361073e-04
1.416679730897869415e-04
1.417892641626377758e-04
1.419105552354886371e-04
1.420318463083394714e-04
1.421531373811903327e-04
1.422744284540411670e-04
1.423957195268920012e-04
1.425170105997428625e-04
1.426383016725936968e-04
1.427595927454445581e-04
1.428808838182953924e-04
1.430021748911462266e-04
1.431234659639970879e-04
1.432447570368479222e-04
1.433660481096987835e-04
1.434873391825496178e-04
1.436086302554004520e-04
1.437299213282513134e-04
1.438512124011021476e-04
1.439725034739530089e-04
1.440937945468038432e-04
1.442150856196546774e-04
1.443363766925055388e-04
1.444576677653563730e-04
1.445789588382072343e-04
1.447002499110580686e-04
1.448215409839089028e-04
1.449428320567597642e-04
1.450641231296105984e-04
1.451854142024614598e-04
1.453067052753122940e-04
1.454279963481631282e-04
1.455492874210139896e-04
1.456705784938648238e-04
1.457918695667156852e-04
1.459131606395665194e-04
1.460344517124173536e-04
1.461557427852682150e-04
1.462770338581190492e-04
1.463983249309699106e-04
1.465196160038207448e-04
1.466409070766715791e-04
1.467621981495224404e-04
1.468834892223732746e-04
1.470047802952241360e-04
1.471260713680749702e-04
1.472473624409258045e-04
1.473686535137766658e-04
1.474899445866275000e-04
1.476112356594783614e-04
1.477325267323291956e-04
1.478538178051800299e-04
1.479751088780308912e-04
1.480963999508817255e-04
1.482176910237325868e-04
1.483389820965834210e-04
1.484602731694342553e-04
1.485815642422851166e-04
1.487028553151359509e-04
1.488241463879867851e-04
1.489454374608376464e-04
1.490667285336884807e-04
1.491880196065393420e-04
1.493093106793901763e-04
1.494306017522410105e-04
1.495518928250918719e-04
1.496731838979427061e-04
1.497944749707935674e-04
1.499157660436444017e-04
1.500370571164952359e-04
1.501583481893460973e-04
1.502796392621969315e-04
1.504009303350477928e-04
1.505222214078986271e-04
1.506435124807494613e-04
1.507648035536003227e-04
1.508860946264511569e-04
1.510073856993020183e-04
1.511286767721528525e-04
1.512499678450036867e-04
1.513712589178545481e-04
1.514925499907053823e-04
1.516138410635562437e-04
