2.685000000000000000e+02
2.027050000000000000e+04
2.251150000000000000e+04
2.718250000000000000e+04
3.255700000000000000e+04
3.713500000000000000e+04
4.286300000000000000e+04
5.044550000000000000e+04
5.644100000000000000e+04
6.438450000000000000e+04
6.801950000000000000e+04
7.253350000000000000e+04
7.771900000000000000e+04
8.026200000000000000e+04
8.169850000000000000e+04
8.386550000000000000e+04
8.461800000000000000e+04
9.035150000000000000e+04
9.137750000000000000e+04
9.071300000000000000e+04
9.313250000000000000e+04
9.773200000000000000e+04
1.000645000000000000e+05
1.038930000000000000e+05
1.060285000000000000e+05
1.101095000000000000e+05
1.098145000000000000e+05
1.113195000000000000e+05
1.129445000000000000e+05
1.161075000000000000e+05
1.170400000000000000e+05
1.172695000000000000e+05
1.180225000000000000e+05
1.194890000000000000e+05
1.220730000000000000e+05
1.266360000000000000e+05
1.315105000000000000e+05
1.339750000000000000e+05
1.360670000000000000e+05
1.351435000000000000e+05
1.381585000000000000e+05
1.409060000000000000e+05
1.435955000000000000e+05
1.437435000000000000e+05
1.443290000000000000e+05
1.461645000000000000e+05
1.445755000000000000e+05
1.426860000000000000e+05
1.413770000000000000e+05
1.437285000000000000e+05
1.437415000000000000e+05
1.454980000000000000e+05
1.462100000000000000e+05
1.483405000000000000e+05
1.528000000000000000e+05
1.558920000000000000e+05
1.629200000000000000e+05
1.689725000000000000e+05
1.720830000000000000e+05
1.793230000000000000e+05
1.849800000000000000e+05
1.893670000000000000e+05
1.946885000000000000e+05
2.024395000000000000e+05
2.060165000000000000e+05
2.106825000000000000e+05
2.117925000000000000e+05
2.157410000000000000e+05
2.182290000000000000e+05
2.227765000000000000e+05
2.217880000000000000e+05
2.252240000000000000e+05
2.268535000000000000e+05
2.294965000000000000e+05
2.328700000000000000e+05
2.379915000000000000e+05
2.419565000000000000e+05
2.442190000000000000e+05
2.499610000000000000e+05
2.538170000000000000e+05
2.570045000000000000e+05
2.598295000000000000e+05
2.628720000000000000e+05
2.676690000000000000e+05
2.707625000000000000e+05
2.723090000000000000e+05
2.755710000000000000e+05
2.758750000000000000e+05
2.765835000000000000e+05
2.812665000000000000e+05
2.821915000000000000e+05
2.853810000000000000e+05
2.890525000000000000e+05
2.911120000000000000e+05
2.935640000000000000e+05
2.957485000000000000e+05
2.966975000000000000e+05
2.975030000000000000e+05
2.987665000000000000e+05
3.011555000000000000e+05
3.014035000000000000e+05
3.047815000000000000e+05
3.085830000000000000e+05
3.125910000000000000e+05
3.169685000000000000e+05
3.194955000000000000e+05
3.215645000000000000e+05
3.281115000000000000e+05
3.345230000000000000e+05
3.382465000000000000e+05
3.412625000000000000e+05
3.483685000000000000e+05
3.493555000000000000e+05
3.533725000000000000e+05
3.614085000000000000e+05
3.677370000000000000e+05
3.702355000000000000e+05
3.737705000000000000e+05
3.772705000000000000e+05
3.793530000000000000e+05
3.821885000000000000e+05
3.839365000000000000e+05
3.863880000000000000e+05
3.896760000000000000e+05
3.917255000000000000e+05
3.940940000000000000e+05
3.981780000000000000e+05
4.006050000000000000e+05
4.047715000000000000e+05
4.106090000000000000e+05
4.124160000000000000e+05
4.175455000000000000e+05
4.238730000000000000e+05
4.295245000000000000e+05
4.322120000000000000e+05
4.355535000000000000e+05
4.377520000000000000e+05
4.405275000000000000e+05
4.441150000000000000e+05
4.463235000000000000e+05
4.496310000000000000e+05
4.527060000000000000e+05
4.526920000000000000e+05
4.554615000000000000e+05
4.599880000000000000e+05
4.589585000000000000e+05
4.637030000000000000e+05
4.636395000000000000e+05
4.694375000000000000e+05
4.728450000000000000e+05
4.750715000000000000e+05
4.765180000000000000e+05
4.795730000000000000e+05
4.843090000000000000e+05
4.882800000000000000e+05
4.894520000000000000e+05
4.927910000000000000e+05
4.939860000000000000e+05
4.997480000000000000e+05
5.026595000000000000e+05
5.042930000000000000e+05
5.071655000000000000e+05
5.124755000000000000e+05
5.154545000000000000e+05
5.198530000000000000e+05
5.240315000000000000e+05
5.271185000000000000e+05
5.319400000000000000e+05
5.361780000000000000e+05
5.378235000000000000e+05
5.419730000000000000e+05
5.467300000000000000e+05
5.486585000000000000e+05
5.497085000000000000e+05
5.511580000000000000e+05
5.526405000000000000e+05
5.575215000000000000e+05
5.631550000000000000e+05
5.640310000000000000e+05
5.685500000000000000e+05
5.735515000000000000e+05
5.757255000000000000e+05
5.813940000000000000e+05
5.857460000000000000e+05
5.868735000000000000e+05
5.919970000000000000e+05
5.982590000000000000e+05
6.014320000000000000e+05
6.057970000000000000e+05
6.100130000000000000e+05
6.106260000000000000e+05
6.126625000000000000e+05
6.153585000000000000e+05
6.198710000000000000e+05
6.224735000000000000e+05
6.256970000000000000e+05
6.275915000000000000e+05
6.285000000000000000e+05
6.298495000000000000e+05
6.344040000000000000e+05
6.369710000000000000e+05
6.412605000000000000e+05
6.431345000000000000e+05
6.459755000000000000e+05
6.494285000000000000e+05
6.503400000000000000e+05
6.522720000000000000e+05
6.562880000000000000e+05
6.599450000000000000e+05
6.610835000000000000e+05
6.650130000000000000e+05
6.710105000000000000e+05
6.733185000000000000e+05
6.779825000000000000e+05
6.794540000000000000e+05
6.804760000000000000e+05
6.862500000000000000e+05
6.883025000000000000e+05
6.916175000000000000e+05
6.938975000000000000e+05
6.982990000000000000e+05
6.997835000000000000e+05
7.005660000000000000e+05
7.075640000000000000e+05
7.087390000000000000e+05
7.121350000000000000e+05
7.156165000000000000e+05
7.184810000000000000e+05
7.222720000000000000e+05
7.286275000000000000e+05
7.286720000000000000e+05
7.331250000000000000e+05
7.363675000000000000e+05
7.399000000000000000e+05
7.450350000000000000e+05
7.478050000000000000e+05
7.522005000000000000e+05
7.563015000000000000e+05
7.611310000000000000e+05
7.622825000000000000e+05
7.685375000000000000e+05
7.707835000000000000e+05
7.740655000000000000e+05
7.783235000000000000e+05
7.813920000000000000e+05
7.817335000000000000e+05
7.867400000000000000e+05
7.887080000000000000e+05
7.918475000000000000e+05
7.970845000000000000e+05
7.997685000000000000e+05
8.011635000000000000e+05
8.052450000000000000e+05
8.089695000000000000e+05
8.118120000000000000e+05
8.182060000000000000e+05
8.219655000000000000e+05
8.245365000000000000e+05
8.274130000000000000e+05
8.315860000000000000e+05
8.331640000000000000e+05
8.379900000000000000e+05
8.412245000000000000e+05
8.436065000000000000e+05
8.473125000000000000e+05
8.498650000000000000e+05
8.534365000000000000e+05
8.584365000000000000e+05
8.629535000000000000e+05
8.641925000000000000e+05
8.635270000000000000e+05
8.692180000000000000e+05
8.724535000000000000e+05
8.737490000000000000e+05
8.769300000000000000e+05
8.803145000000000000e+05
8.852965000000000000e+05
8.873990000000000000e+05
8.906855000000000000e+05
8.962025000000000000e+05
9.000885000000000000e+05
9.015145000000000000e+05
9.047400000000000000e+05
9.100535000000000000e+05
9.134395000000000000e+05
9.161740000000000000e+05
9.211400000000000000e+05
9.246470000000000000e+05
9.275180000000000000e+05
9.321285000000000000e+05
9.360265000000000000e+05
9.381020000000000000e+05
9.414585000000000000e+05
9.448485000000000000e+05
9.462285000000000000e+05
9.508720000000000000e+05
9.521065000000000000e+05
9.563770000000000000e+05
9.594480000000000000e+05
9.632930000000000000e+05
9.686320000000000000e+05
9.694555000000000000e+05
9.721495000000000000e+05
9.752240000000000000e+05
9.807940000000000000e+05
9.826945000000000000e+05
9.843035000000000000e+05
9.873785000000000000e+05
9.906930000000000000e+05
9.952560000000000000e+05
9.996790000000000000e+05
1.000888500000000000e+06
1.006118000000000000e+06
1.007670000000000000e+06
1.011759500000000000e+06
1.014925500000000000e+06
1.020162000000000000e+06
1.022273000000000000e+06
1.025127500000000000e+06
1.028711000000000000e+06
1.031785500000000000e+06
1.032115000000000000e+06
1.036997000000000000e+06
1.040012500000000000e+06
1.043759000000000000e+06
1.046328000000000000e+06
1.051211000000000000e+06
1.053975500000000000e+06
1.056956500000000000e+06
1.060146000000000000e+06
1.063257000000000000e+06
1.067580500000000000e+06
1.070576500000000000e+06
1.072068000000000000e+06
1.078085500000000000e+06
1.080392000000000000e+06
1.082733500000000000e+06
1.088474500000000000e+06
1.091880500000000000e+06
1.093565000000000000e+06
1.096678500000000000e+06
1.097652000000000000e+06
1.102566500000000000e+06
1.103997500000000000e+06
1.109566500000000000e+06
1.113030000000000000e+06
1.117327500000000000e+06
1.118180500000000000e+06
1.123746000000000000e+06
1.126786000000000000e+06
1.128488500000000000e+06
1.134864000000000000e+06
1.139307500000000000e+06
1.139557500000000000e+06
1.140083500000000000e+06
1.145533500000000000e+06
1.147969500000000000e+06
1.151276500000000000e+06
1.155990500000000000e+06
1.157632500000000000e+06
1.162497500000000000e+06
1.165593000000000000e+06
1.169642500000000000e+06
1.172023000000000000e+06
1.177633000000000000e+06
1.180424000000000000e+06
1.183173500000000000e+06
1.186845500000000000e+06
1.189784500000000000e+06
1.193853000000000000e+06
1.198035500000000000e+06
1.198749000000000000e+06
1.202589000000000000e+06
1.206951000000000000e+06
1.210489000000000000e+06
1.209817500000000000e+06
1.212472000000000000e+06
1.214741000000000000e+06
1.221986000000000000e+06
1.228942000000000000e+06
1.229943000000000000e+06
1.232578000000000000e+06
1.235867000000000000e+06
1.239987500000000000e+06
1.241082500000000000e+06
1.244848000000000000e+06
1.249911000000000000e+06
1.252624500000000000e+06
1.257477000000000000e+06
1.258955500000000000e+06
1.265079000000000000e+06
1.267231000000000000e+06
1.272005500000000000e+06
1.273900000000000000e+06
1.277875000000000000e+06
1.278577000000000000e+06
1.281257000000000000e+06
1.286080000000000000e+06
1.290837000000000000e+06
1.292039000000000000e+06
1.298295500000000000e+06
1.298206000000000000e+06
1.301796500000000000e+06
1.306223000000000000e+06
1.307210500000000000e+06
1.311340000000000000e+06
1.314623500000000000e+06
1.315091000000000000e+06
1.318100500000000000e+06
1.321260000000000000e+06
1.327072000000000000e+06
1.329933500000000000e+06
1.336919500000000000e+06
1.338827000000000000e+06
1.340565000000000000e+06
1.344232000000000000e+06
1.347912500000000000e+06
1.352203500000000000e+06
1.353997000000000000e+06
1.356587500000000000e+06
1.360174000000000000e+06
1.364413500000000000e+06
1.367805500000000000e+06
1.371130500000000000e+06
1.375776500000000000e+06
1.377277500000000000e+06
1.378488500000000000e+06
1.384376500000000000e+06
1.387184500000000000e+06
1.390552000000000000e+06
1.395106500000000000e+06
1.395146500000000000e+06
1.397178000000000000e+06
1.402975000000000000e+06
1.406076500000000000e+06
1.408594500000000000e+06
1.412556000000000000e+06
1.415315500000000000e+06
1.420901000000000000e+06
1.423101000000000000e+06
1.426278500000000000e+06
1.427515500000000000e+06
1.431930500000000000e+06
1.432324000000000000e+06
1.436570000000000000e+06
1.442788500000000000e+06
1.447327500000000000e+06
1.448907500000000000e+06
1.454326500000000000e+06
1.455104000000000000e+06
1.459118500000000000e+06
1.464156500000000000e+06
1.466644000000000000e+06
1.469462000000000000e+06
1.472814500000000000e+06
1.474450500000000000e+06
1.479930500000000000e+06
1.483474500000000000e+06
1.486831500000000000e+06
1.489213000000000000e+06
1.492716500000000000e+06
1.497046500000000000e+06
1.498677500000000000e+06
1.503606500000000000e+06
1.505867500000000000e+06
1.508997000000000000e+06
1.511193000000000000e+06
1.514207500000000000e+06
1.517403500000000000e+06
1.522263000000000000e+06
1.524770000000000000e+06
1.530317500000000000e+06
1.534105000000000000e+06
1.534569000000000000e+06
1.536831500000000000e+06
1.540848500000000000e+06
1.540427000000000000e+06
1.543506000000000000e+06
1.545992000000000000e+06
1.550305000000000000e+06
1.552366000000000000e+06
1.556983500000000000e+06
1.558453500000000000e+06
1.561100500000000000e+06
1.563393000000000000e+06
1.565416500000000000e+06
1.567740000000000000e+06
1.573581500000000000e+06
1.573872000000000000e+06
1.579355000000000000e+06
1.583309000000000000e+06
1.588450000000000000e+06
1.591924000000000000e+06
1.597229000000000000e+06
1.597742500000000000e+06
1.601346500000000000e+06
1.605960500000000000e+06
1.607236500000000000e+06
1.611380500000000000e+06
1.617059000000000000e+06
1.618940000000000000e+06
1.625817500000000000e+06
1.628080000000000000e+06
1.632387500000000000e+06
1.636569500000000000e+06
1.639332500000000000e+06
1.640335000000000000e+06
1.645934500000000000e+06
1.648326000000000000e+06
1.648432000000000000e+06
1.652441000000000000e+06
1.656615500000000000e+06
1.660138000000000000e+06
1.666711500000000000e+06
1.669589000000000000e+06
1.671567000000000000e+06
1.676634000000000000e+06
1.678382000000000000e+06
1.681172000000000000e+06
1.687351500000000000e+06
1.690193000000000000e+06
1.691925500000000000e+06
1.694286000000000000e+06
1.698905500000000000e+06
1.702762000000000000e+06
1.705677500000000000e+06
1.709749500000000000e+06
1.710969000000000000e+06
1.713518000000000000e+06
1.717683000000000000e+06
1.721250500000000000e+06
1.725326000000000000e+06
1.727420000000000000e+06
1.727836000000000000e+06
1.732355000000000000e+06
1.737371500000000000e+06
1.738294000000000000e+06
1.744244500000000000e+06
1.748291500000000000e+06
1.750336500000000000e+06
1.753338000000000000e+06
1.757485000000000000e+06
1.759477500000000000e+06
1.762430500000000000e+06
1.763620500000000000e+06
1.765894500000000000e+06
1.773315500000000000e+06
1.777103500000000000e+06
1.783330000000000000e+06
1.784598000000000000e+06
1.788955500000000000e+06
1.789343000000000000e+06
1.793968500000000000e+06
1.796840500000000000e+06
1.802741000000000000e+06
1.804593000000000000e+06
1.808198500000000000e+06
1.810983500000000000e+06
1.812716000000000000e+06
1.813919000000000000e+06
1.818778000000000000e+06
1.824016000000000000e+06
1.827247500000000000e+06
1.829519500000000000e+06
1.830351000000000000e+06
1.837110000000000000e+06
1.837749000000000000e+06
1.843199500000000000e+06
1.847584500000000000e+06
1.850262500000000000e+06
1.851957000000000000e+06
1.855830000000000000e+06
1.858552000000000000e+06
1.864068000000000000e+06
1.866818000000000000e+06
1.870378000000000000e+06
1.871531500000000000e+06
1.875555500000000000e+06
1.878381500000000000e+06
1.882131500000000000e+06
1.884182500000000000e+06
1.887628000000000000e+06
1.893524500000000000e+06
1.895103000000000000e+06
1.898560000000000000e+06
1.902608000000000000e+06
1.906894000000000000e+06
1.908529500000000000e+06
1.912220500000000000e+06
1.916813500000000000e+06
1.920976000000000000e+06
1.923557500000000000e+06
1.927466500000000000e+06
1.928323500000000000e+06
1.930728000000000000e+06
1.935330500000000000e+06
1.938124000000000000e+06
1.941566000000000000e+06
1.944234500000000000e+06
1.946368000000000000e+06
1.951782500000000000e+06
1.954113500000000000e+06
1.957472000000000000e+06
1.960405000000000000e+06
1.963922500000000000e+06
1.966745500000000000e+06
1.969995500000000000e+06
1.972255000000000000e+06
1.977021000000000000e+06
1.979448500000000000e+06
1.980432500000000000e+06
1.979570500000000000e+06
1.986305500000000000e+06
1.989452500000000000e+06
1.991604500000000000e+06
1.997131500000000000e+06
2.000971500000000000e+06
2.000644500000000000e+06
2.007871000000000000e+06
2.010624000000000000e+06
2.014720500000000000e+06
2.018022000000000000e+06
2.022239000000000000e+06
2.023851500000000000e+06
2.027961000000000000e+06
2.033615500000000000e+06
2.038479000000000000e+06
2.040242000000000000e+06
2.043813000000000000e+06
2.046119000000000000e+06
2.049824000000000000e+06
2.054418000000000000e+06
2.057790000000000000e+06
2.059429000000000000e+06
2.063533500000000000e+06
2.065401500000000000e+06
2.070189500000000000e+06
2.074278000000000000e+06
2.077615500000000000e+06
2.080665000000000000e+06
2.082260000000000000e+06
2.087039000000000000e+06
2.089241500000000000e+06
2.090660500000000000e+06
2.093679000000000000e+06
2.096874500000000000e+06
2.099037500000000000e+06
2.102174000000000000e+06
2.106921500000000000e+06
2.113050000000000000e+06
2.116055500000000000e+06
2.118145000000000000e+06
2.121493000000000000e+06
2.124640500000000000e+06
2.127306000000000000e+06
2.132024000000000000e+06
2.134406000000000000e+06
2.138040000000000000e+06
2.141353500000000000e+06
2.144646000000000000e+06
2.147211500000000000e+06
2.154347500000000000e+06
2.155791500000000000e+06
2.159931000000000000e+06
2.165433000000000000e+06
2.167062500000000000e+06
2.169286500000000000e+06
2.172529000000000000e+06
2.177287500000000000e+06
2.179491500000000000e+06
2.182436500000000000e+06
2.185868500000000000e+06
2.189646000000000000e+06
2.192845000000000000e+06
2.197383500000000000e+06
2.199750500000000000e+06
2.203143500000000000e+06
2.204573000000000000e+06
2.206303500000000000e+06
2.209602000000000000e+06
2.215902500000000000e+06
2.220251500000000000e+06
2.223723500000000000e+06
2.229698500000000000e+06
2.228290000000000000e+06
2.234484000000000000e+06
2.235216500000000000e+06
2.238941000000000000e+06
2.242703000000000000e+06
2.247615000000000000e+06
2.248280000000000000e+06
2.252235000000000000e+06
2.256618000000000000e+06
2.257563500000000000e+06
2.263974500000000000e+06
2.266614500000000000e+06
2.268770000000000000e+06
2.272293500000000000e+06
2.275987500000000000e+06
2.276781500000000000e+06
2.280680500000000000e+06
2.282770000000000000e+06
2.283597000000000000e+06
2.288020500000000000e+06
2.292181500000000000e+06
2.291506500000000000e+06
2.298352500000000000e+06
2.300849500000000000e+06
2.304501000000000000e+06
2.309316000000000000e+06
2.311856000000000000e+06
2.313664000000000000e+06
2.314806000000000000e+06
2.319372000000000000e+06
2.324081500000000000e+06
2.329417000000000000e+06
2.333588000000000000e+06
2.337758500000000000e+06
2.340220500000000000e+06
2.344181000000000000e+06
2.348855500000000000e+06
2.350989000000000000e+06
2.354978500000000000e+06
2.357795000000000000e+06
2.360997500000000000e+06
2.363070500000000000e+06
2.364398500000000000e+06
2.368089000000000000e+06
2.372840000000000000e+06
2.377954000000000000e+06
2.379767500000000000e+06
2.382496000000000000e+06
2.384829000000000000e+06
2.390015000000000000e+06
2.394475500000000000e+06
2.395334000000000000e+06
2.399721500000000000e+06
2.404561000000000000e+06
2.405217500000000000e+06
2.409444500000000000e+06
2.414392500000000000e+06
2.416811500000000000e+06
2.420089500000000000e+06
2.422844000000000000e+06
2.423005000000000000e+06
2.425829000000000000e+06
2.427574000000000000e+06
2.429496000000000000e+06
2.433849500000000000e+06
2.436469000000000000e+06
2.439224000000000000e+06
2.442226000000000000e+06
2.444948500000000000e+06
2.447678000000000000e+06
2.450033000000000000e+06
2.454342000000000000e+06
2.454532500000000000e+06
2.463348500000000000e+06
2.466738000000000000e+06
2.467690500000000000e+06
2.472422000000000000e+06
2.475106500000000000e+06
2.478985000000000000e+06
2.482321000000000000e+06
2.486152000000000000e+06
2.488915500000000000e+06
2.493367000000000000e+06
2.495032500000000000e+06
2.498865000000000000e+06
2.504598000000000000e+06
2.507509000000000000e+06
2.510483500000000000e+06
2.510949000000000000e+06
2.516218500000000000e+06
2.517609500000000000e+06
2.524212000000000000e+06
2.526411000000000000e+06
2.529680000000000000e+06
2.533171500000000000e+06
2.536406000000000000e+06
2.538450000000000000e+06
2.543022000000000000e+06
2.547173000000000000e+06
2.551463500000000000e+06
2.558428000000000000e+06
2.559699000000000000e+06
2.560565000000000000e+06
2.562399000000000000e+06
2.569562000000000000e+06
2.571018000000000000e+06
2.572809500000000000e+06
2.578138500000000000e+06
2.580790500000000000e+06
2.586108500000000000e+06
2.589581000000000000e+06
2.591658000000000000e+06
2.592086500000000000e+06
2.597259000000000000e+06
2.598489000000000000e+06
2.603199000000000000e+06
2.608473000000000000e+06
2.609077000000000000e+06
2.613577500000000000e+06
2.614710500000000000e+06
2.620109500000000000e+06
2.622991000000000000e+06
2.628691000000000000e+06
2.631016500000000000e+06
2.633607000000000000e+06
2.637061500000000000e+06
2.640126500000000000e+06
2.645021500000000000e+06
2.646780000000000000e+06
2.647864000000000000e+06
2.651462500000000000e+06
2.654032500000000000e+06
2.659851500000000000e+06
2.666025500000000000e+06
2.670328500000000000e+06
2.671400000000000000e+06
2.673711000000000000e+06
2.676383500000000000e+06
2.679283500000000000e+06
2.682903000000000000e+06
2.686690500000000000e+06
2.691780500000000000e+06
2.691784000000000000e+06
2.694922000000000000e+06
2.698843000000000000e+06
2.700051500000000000e+06
2.703899000000000000e+06
2.704261000000000000e+06
2.709494000000000000e+06
2.711332000000000000e+06
2.714161500000000000e+06
2.719116500000000000e+06
2.723538000000000000e+06
2.726052000000000000e+06
2.730401500000000000e+06
2.731957000000000000e+06
2.737705500000000000e+06
2.741670500000000000e+06
2.745804000000000000e+06
2.748685500000000000e+06
2.753474000000000000e+06
2.755881000000000000e+06
2.757500500000000000e+06
2.762789000000000000e+06
2.766252500000000000e+06
2.770392500000000000e+06
2.772807500000000000e+06
2.777636000000000000e+06
2.780719000000000000e+06
2.787482000000000000e+06
2.790526000000000000e+06
2.793518500000000000e+06
2.796783000000000000e+06
2.799478500000000000e+06
2.802156500000000000e+06
2.805263500000000000e+06
2.809059500000000000e+06
2.811172500000000000e+06
2.814839500000000000e+06
2.817128500000000000e+06
2.822389500000000000e+06
2.827950000000000000e+06
2.830712000000000000e+06
2.831795000000000000e+06
2.835251000000000000e+06
2.838315000000000000e+06
2.843224000000000000e+06
2.846730000000000000e+06
2.850357000000000000e+06
2.852228000000000000e+06
2.853142500000000000e+06
2.858249500000000000e+06
2.864764500000000000e+06
2.865066500000000000e+06
2.871394000000000000e+06
2.871381000000000000e+06
2.872771500000000000e+06
2.872641500000000000e+06
2.877866000000000000e+06
2.879696000000000000e+06
2.884677000000000000e+06
2.889335500000000000e+06
2.889868500000000000e+06
2.894144500000000000e+06
2.895922500000000000e+06
2.900101000000000000e+06
2.905382500000000000e+06
2.909101000000000000e+06
2.912981500000000000e+06
2.917091500000000000e+06
2.919241500000000000e+06
2.925278500000000000e+06
2.928764000000000000e+06
2.930943500000000000e+06
2.934932500000000000e+06
2.937241500000000000e+06
2.941699500000000000e+06
2.945502000000000000e+06
2.949938500000000000e+06
2.952006500000000000e+06
2.956847000000000000e+06
2.957729000000000000e+06
2.961281000000000000e+06
2.963532000000000000e+06
2.970775000000000000e+06
2.971963000000000000e+06
2.972650500000000000e+06
2.978893500000000000e+06
2.980855000000000000e+06
2.985225500000000000e+06
2.987599500000000000e+06
2.987993500000000000e+06
2.993513000000000000e+06
2.997754500000000000e+06
3.001145000000000000e+06
3.006745500000000000e+06
3.007478500000000000e+06
3.010913500000000000e+06
3.012629500000000000e+06
3.017676500000000000e+06
3.020113000000000000e+06
3.024516000000000000e+06
3.028279500000000000e+06
3.030840500000000000e+06
3.034531500000000000e+06
3.035882000000000000e+06
3.039003500000000000e+06
3.043997500000000000e+06
3.047780500000000000e+06
3.049935500000000000e+06
3.054891000000000000e+06
3.057626500000000000e+06
3.061269000000000000e+06
3.064750000000000000e+06
3.069602500000000000e+06
3.070587500000000000e+06
3.073715000000000000e+06
3.076621000000000000e+06
3.081206000000000000e+06
3.087084000000000000e+06
3.088840500000000000e+06
3.089901000000000000e+06
3.092679000000000000e+06
3.093533500000000000e+06
3.097105500000000000e+06
3.100408000000000000e+06
3.104076000000000000e+06
3.106318000000000000e+06
3.108298500000000000e+06
3.111625500000000000e+06
3.114651500000000000e+06
3.118730000000000000e+06
3.121619500000000000e+06
3.124875000000000000e+06
3.128512500000000000e+06
3.132955000000000000e+06
3.135244500000000000e+06
3.142573500000000000e+06
3.147237500000000000e+06
3.149183500000000000e+06
3.151231000000000000e+06
3.153400000000000000e+06
3.158996000000000000e+06
3.161509000000000000e+06
3.165144000000000000e+06
3.167435500000000000e+06
3.171229500000000000e+06
3.175326500000000000e+06
3.177479000000000000e+06
3.181738000000000000e+06
3.185311000000000000e+06
3.188316500000000000e+06
3.190833000000000000e+06
3.194480000000000000e+06
3.199230500000000000e+06
3.205131500000000000e+06
3.205739000000000000e+06
3.207932500000000000e+06
3.208625500000000000e+06
3.212623500000000000e+06
3.217868000000000000e+06
3.222084500000000000e+06
3.227520500000000000e+06
3.228275500000000000e+06
3.230901500000000000e+06
3.233793500000000000e+06
3.236539500000000000e+06
3.241532000000000000e+06
3.244939000000000000e+06
3.248594000000000000e+06
3.250919000000000000e+06
3.254245500000000000e+06
3.259723000000000000e+06
3.262793500000000000e+06
3.264351500000000000e+06
3.268567000000000000e+06
3.271456000000000000e+06
3.275607000000000000e+06
3.277409000000000000e+06
3.282064500000000000e+06
3.284683500000000000e+06
3.286506000000000000e+06
3.288588500000000000e+06
3.293306000000000000e+06
3.297430500000000000e+06
3.300076500000000000e+06
3.305490500000000000e+06
3.306257500000000000e+06
3.310482000000000000e+06
3.313359500000000000e+06
3.315816000000000000e+06
3.317433500000000000e+06
3.320404500000000000e+06
3.321464000000000000e+06
3.327574500000000000e+06
3.329044500000000000e+06
3.334358000000000000e+06
3.338409500000000000e+06
3.341299500000000000e+06
3.343453500000000000e+06
3.345624000000000000e+06
3.352195500000000000e+06
3.354268500000000000e+06
3.359705500000000000e+06
3.362811000000000000e+06
3.367024500000000000e+06
3.367122000000000000e+06
3.372148000000000000e+06
3.375045000000000000e+06
3.378786000000000000e+06
3.384840500000000000e+06
3.386119000000000000e+06
3.387878000000000000e+06
3.391983000000000000e+06
3.395930500000000000e+06
3.398952500000000000e+06
3.403223000000000000e+06
3.404869500000000000e+06
3.408935000000000000e+06
3.411063500000000000e+06
3.416006000000000000e+06
3.417519500000000000e+06
3.420228000000000000e+06
3.424473500000000000e+06
3.423692000000000000e+06
3.429672000000000000e+06
3.434154000000000000e+06
3.440374500000000000e+06
3.445467500000000000e+06
3.448302000000000000e+06
3.450301000000000000e+06
3.451282000000000000e+06
3.457235500000000000e+06
3.459835500000000000e+06
3.463125000000000000e+06
3.467484000000000000e+06
3.469072000000000000e+06
3.470483500000000000e+06
3.475059000000000000e+06
3.477908500000000000e+06
3.482174000000000000e+06
3.484855500000000000e+06
3.487612500000000000e+06
3.489783000000000000e+06
3.492874000000000000e+06
3.496879000000000000e+06
3.498748500000000000e+06
3.504796500000000000e+06
3.507480500000000000e+06
3.508786500000000000e+06
3.513115000000000000e+06
3.514880000000000000e+06
3.519156500000000000e+06
3.521682500000000000e+06
3.524289500000000000e+06
3.526196000000000000e+06
3.531515500000000000e+06
3.533831500000000000e+06
3.539165500000000000e+06
3.541891000000000000e+06
3.542896000000000000e+06
3.545734500000000000e+06
3.551529000000000000e+06
3.553834000000000000e+06
3.559360000000000000e+06
3.561124000000000000e+06
3.563470000000000000e+06
3.567206000000000000e+06
3.569468000000000000e+06
3.571354500000000000e+06
3.578187000000000000e+06
3.581165000000000000e+06
3.584391500000000000e+06
3.583587000000000000e+06
3.588951000000000000e+06
3.591827500000000000e+06
3.596087500000000000e+06
3.599065000000000000e+06
3.602776000000000000e+06
3.604529500000000000e+06
3.610031000000000000e+06
3.613362000000000000e+06
3.616860000000000000e+06
3.617359500000000000e+06
3.620602500000000000e+06
3.624905000000000000e+06
3.628154000000000000e+06
3.631726000000000000e+06
3.635111500000000000e+06
3.639134500000000000e+06
3.640701000000000000e+06
3.643172000000000000e+06
3.646372500000000000e+06
3.651705000000000000e+06
3.656834500000000000e+06
3.660511000000000000e+06
3.660173500000000000e+06
3.662555000000000000e+06
3.668098000000000000e+06
3.671048500000000000e+06
3.674226000000000000e+06
3.680176000000000000e+06
3.683164500000000000e+06
3.684026500000000000e+06
3.690932000000000000e+06
3.691322000000000000e+06
3.697164500000000000e+06
3.699611000000000000e+06
3.701580000000000000e+06
3.702136500000000000e+06
3.710494000000000000e+06
3.712403000000000000e+06
3.715999000000000000e+06
3.722716000000000000e+06
3.723212500000000000e+06
3.724992500000000000e+06
3.729069000000000000e+06
3.734530000000000000e+06
3.741078000000000000e+06
3.743970500000000000e+06
3.745146000000000000e+06
3.747390500000000000e+06
3.751977000000000000e+06
3.756147500000000000e+06
3.759045500000000000e+06
3.761047500000000000e+06
3.761363000000000000e+06
3.760771500000000000e+06
3.764071500000000000e+06
3.766945500000000000e+06
3.770481000000000000e+06
3.773253500000000000e+06
3.776694500000000000e+06
3.777347500000000000e+06
3.782000000000000000e+06
3.786819000000000000e+06
3.792233000000000000e+06
3.797740000000000000e+06
3.797490500000000000e+06
3.802675000000000000e+06
3.805599000000000000e+06
3.807087000000000000e+06
3.811555000000000000e+06
3.816363000000000000e+06
3.820081500000000000e+06
3.823268000000000000e+06
3.827805000000000000e+06
3.831660000000000000e+06
3.833396000000000000e+06
3.840669000000000000e+06
3.844600000000000000e+06
3.845232500000000000e+06
3.849944500000000000e+06
3.853124500000000000e+06
3.855909500000000000e+06
3.862674500000000000e+06
3.864085500000000000e+06
3.865727000000000000e+06
3.870604500000000000e+06
3.873489500000000000e+06
3.876319500000000000e+06
3.881633500000000000e+06
3.884553000000000000e+06
3.886941500000000000e+06
3.891685500000000000e+06
3.895065500000000000e+06
3.901065000000000000e+06
3.904216000000000000e+06
3.906284000000000000e+06
3.906166500000000000e+06
3.913567000000000000e+06
3.917544000000000000e+06
3.918993000000000000e+06
3.922708500000000000e+06
3.924650000000000000e+06
3.925694500000000000e+06
3.932259500000000000e+06
3.934445500000000000e+06
3.938635500000000000e+06
3.943768500000000000e+06
3.945752500000000000e+06
3.946946000000000000e+06
3.952201500000000000e+06
3.955003000000000000e+06
3.960429000000000000e+06
3.963856500000000000e+06
3.967106500000000000e+06
3.969328000000000000e+06
3.975074000000000000e+06
3.976437500000000000e+06
3.982316000000000000e+06
3.985950000000000000e+06
3.984233500000000000e+06
3.984835000000000000e+06
3.989164000000000000e+06
3.990452500000000000e+06
3.996608000000000000e+06
4.001393000000000000e+06
4.004982500000000000e+06
4.007248000000000000e+06
4.012103500000000000e+06
4.014737000000000000e+06
4.018475000000000000e+06
4.024746000000000000e+06
4.025957000000000000e+06
4.027015000000000000e+06
4.034229000000000000e+06
4.036687500000000000e+06
4.038861000000000000e+06
4.045147000000000000e+06
4.047292000000000000e+06
4.049240000000000000e+06
4.052063500000000000e+06
4.056585000000000000e+06
4.061670500000000000e+06
4.065174000000000000e+06
4.065746000000000000e+06
4.067874500000000000e+06
4.072324500000000000e+06
4.076550500000000000e+06
4.081219000000000000e+06
4.084672000000000000e+06
4.086484000000000000e+06
4.087499500000000000e+06
4.092505000000000000e+06
4.094132000000000000e+06
4.098798000000000000e+06
4.104070500000000000e+06
4.105021500000000000e+06
4.106523000000000000e+06
4.111933000000000000e+06
4.118555000000000000e+06
4.120855000000000000e+06
4.127669500000000000e+06
4.129475000000000000e+06
4.130260000000000000e+06
4.133153500000000000e+06
4.136010500000000000e+06
4.136551000000000000e+06
4.140641500000000000e+06
4.140912500000000000e+06
4.142965000000000000e+06
4.146084500000000000e+06
4.150980500000000000e+06
4.154644000000000000e+06
4.158894000000000000e+06
4.161601500000000000e+06
4.163270500000000000e+06
4.167571500000000000e+06
4.170138500000000000e+06
4.175638500000000000e+06
4.181056500000000000e+06
4.183664500000000000e+06
4.185825000000000000e+06
4.192567500000000000e+06
4.195882500000000000e+06
4.197837000000000000e+06
4.202399500000000000e+06
4.204664000000000000e+06
4.204085500000000000e+06
4.207112500000000000e+06
4.209160500000000000e+06
4.212391500000000000e+06
4.219116500000000000e+06
4.220200500000000000e+06
4.223029000000000000e+06
4.228424500000000000e+06
4.230714500000000000e+06
4.235322500000000000e+06
4.240573500000000000e+06
4.242492000000000000e+06
4.244243000000000000e+06
4.248252500000000000e+06
4.254361500000000000e+06
4.258169000000000000e+06
4.264097500000000000e+06
4.261225000000000000e+06
4.264283000000000000e+06
4.270702000000000000e+06
4.274460000000000000e+06
4.278441500000000000e+06
4.283400500000000000e+06
4.283971000000000000e+06
4.287465500000000000e+06
4.290877500000000000e+06
4.294430000000000000e+06
4.298564500000000000e+06
4.301306500000000000e+06
4.303720500000000000e+06
4.305524500000000000e+06
4.310347000000000000e+06
4.313924500000000000e+06
4.316444000000000000e+06
4.319498000000000000e+06
4.321950500000000000e+06
4.322033000000000000e+06
4.331233000000000000e+06
4.335951500000000000e+06
4.337838000000000000e+06
4.341890500000000000e+06
4.343153000000000000e+06
4.345763000000000000e+06
4.350033000000000000e+06
4.353308500000000000e+06
4.359198000000000000e+06
4.361958500000000000e+06
4.363457500000000000e+06
4.365218000000000000e+06
4.369437000000000000e+06
4.374515000000000000e+06
4.376705500000000000e+06
4.381727000000000000e+06
4.383052500000000000e+06
4.383173500000000000e+06
4.387401500000000000e+06
4.391515500000000000e+06
4.397321500000000000e+06
4.401778500000000000e+06
4.402207000000000000e+06
4.404761000000000000e+06
4.409609000000000000e+06
4.413590000000000000e+06
4.418159000000000000e+06
4.421316500000000000e+06
4.425131500000000000e+06
4.425959500000000000e+06
4.430264500000000000e+06
4.433175500000000000e+06
4.435698000000000000e+06
4.438926500000000000e+06
4.445484000000000000e+06
4.448362000000000000e+06
4.452439000000000000e+06
4.457792000000000000e+06
4.459476500000000000e+06
4.462979500000000000e+06
4.465216000000000000e+06
4.466167500000000000e+06
4.472584500000000000e+06
4.474409000000000000e+06
4.476479000000000000e+06
4.479174500000000000e+06
4.479406500000000000e+06
4.479630500000000000e+06
4.486903000000000000e+06
4.491604000000000000e+06
4.497697500000000000e+06
4.502871500000000000e+06
4.504761500000000000e+06
4.502999500000000000e+06
4.507881000000000000e+06
4.512262500000000000e+06
4.517474000000000000e+06
4.519586000000000000e+06
4.523959500000000000e+06
4.526316000000000000e+06
4.528312500000000000e+06
4.533399000000000000e+06
4.535430000000000000e+06
4.539109500000000000e+06
4.543747000000000000e+06
4.544114000000000000e+06
4.546909000000000000e+06
4.547399000000000000e+06
4.554962000000000000e+06
4.562148500000000000e+06
4.561791000000000000e+06
4.561417500000000000e+06
4.567202500000000000e+06
4.569613000000000000e+06
4.573217500000000000e+06
4.577815000000000000e+06
4.581245000000000000e+06
4.581601000000000000e+06
4.584949500000000000e+06
4.588986000000000000e+06
4.592436000000000000e+06
4.597259500000000000e+06
4.599430000000000000e+06
4.599839000000000000e+06
4.603660500000000000e+06
4.607787500000000000e+06
4.612890000000000000e+06
4.614112500000000000e+06
4.616635500000000000e+06
4.619289000000000000e+06
4.622374000000000000e+06
4.625067500000000000e+06
4.631824500000000000e+06
4.633849500000000000e+06
4.636918500000000000e+06
4.638901500000000000e+06
4.645895500000000000e+06
4.647295000000000000e+06
4.651791500000000000e+06
4.653961500000000000e+06
4.654214000000000000e+06
4.655078500000000000e+06
4.660021000000000000e+06
4.666525500000000000e+06
4.670979000000000000e+06
4.674565500000000000e+06
4.678466500000000000e+06
4.679294500000000000e+06
4.683582500000000000e+06
4.687604500000000000e+06
4.691475000000000000e+06
4.697103000000000000e+06
4.700627000000000000e+06
4.703723500000000000e+06
4.708073500000000000e+06
4.708245500000000000e+06
4.714005000000000000e+06
4.718001500000000000e+06
4.720011500000000000e+06
4.724242000000000000e+06
4.725505500000000000e+06
4.726988500000000000e+06
4.730454500000000000e+06
4.735015000000000000e+06
4.737185500000000000e+06
4.738579500000000000e+06
4.744829500000000000e+06
4.744371500000000000e+06
4.750470500000000000e+06
4.755327500000000000e+06
4.754151500000000000e+06
4.757877500000000000e+06
4.764652500000000000e+06
4.764276000000000000e+06
4.769722500000000000e+06
4.774727000000000000e+06
4.776320500000000000e+06
4.777320000000000000e+06
4.786493000000000000e+06
4.787832500000000000e+06
4.788641000000000000e+06
4.796047000000000000e+06
4.798360500000000000e+06
4.800515000000000000e+06
4.804482500000000000e+06
4.809353500000000000e+06
4.811959000000000000e+06
4.814184500000000000e+06
4.819439500000000000e+06
4.817825000000000000e+06
4.821407000000000000e+06
4.828906500000000000e+06
4.830132500000000000e+06
4.832225000000000000e+06
4.835810000000000000e+06
4.838863500000000000e+06
4.841582500000000000e+06
4.844621500000000000e+06
4.847363000000000000e+06
4.851996500000000000e+06
4.856819000000000000e+06
4.858872500000000000e+06
4.863365500000000000e+06
4.867266000000000000e+06
4.870391500000000000e+06
4.873517500000000000e+06
4.877895500000000000e+06
4.876125000000000000e+06
4.882690000000000000e+06
4.888313500000000000e+06
4.892680000000000000e+06
4.894936500000000000e+06
4.900406500000000000e+06
4.900888500000000000e+06
4.906077000000000000e+06
4.910233000000000000e+06
4.913414000000000000e+06
4.916673000000000000e+06
4.920480500000000000e+06
4.920481000000000000e+06
4.926442500000000000e+06
4.930971500000000000e+06
4.933901000000000000e+06
4.937890500000000000e+06
4.941492500000000000e+06
4.940390000000000000e+06
4.946225000000000000e+06
4.951077000000000000e+06
4.954353500000000000e+06
4.958402000000000000e+06
4.962982000000000000e+06
4.962245500000000000e+06
4.966802500000000000e+06
4.971955000000000000e+06
4.973980000000000000e+06
4.976843000000000000e+06
4.980875500000000000e+06
4.982561500000000000e+06
4.984667500000000000e+06
4.990455500000000000e+06
4.991174000000000000e+06
4.994993500000000000e+06
4.999479500000000000e+06
5.001527000000000000e+06
5.005696500000000000e+06
5.014145000000000000e+06
5.014101000000000000e+06
5.018161500000000000e+06
5.018312500000000000e+06
5.020184000000000000e+06
5.027047000000000000e+06
5.029353500000000000e+06
5.032390500000000000e+06
5.036631000000000000e+06
5.040182500000000000e+06
5.041061000000000000e+06
5.043426500000000000e+06
5.052552000000000000e+06
5.055905500000000000e+06
5.061260000000000000e+06
5.062350000000000000e+06
5.065461500000000000e+06
5.068722000000000000e+06
5.071486500000000000e+06
5.073703500000000000e+06
5.078861000000000000e+06
5.082280000000000000e+06
5.081751000000000000e+06
5.087362500000000000e+06
5.091614000000000000e+06
5.094684500000000000e+06
5.098625000000000000e+06
5.104218000000000000e+06
5.100897500000000000e+06
5.101027500000000000e+06
5.107903500000000000e+06
5.111657500000000000e+06
5.113875500000000000e+06
5.118823000000000000e+06
5.120607000000000000e+06
5.122421500000000000e+06
5.127335000000000000e+06
5.129557000000000000e+06
5.135382500000000000e+06
5.139030000000000000e+06
5.139279500000000000e+06
5.144534500000000000e+06
5.151890500000000000e+06
5.153414500000000000e+06
5.159166500000000000e+06
5.162037500000000000e+06
5.161402500000000000e+06
5.164810000000000000e+06
5.171150000000000000e+06
5.174443500000000000e+06
5.175864500000000000e+06
5.179653000000000000e+06
5.182834000000000000e+06
5.187439500000000000e+06
5.192610500000000000e+06
5.193431500000000000e+06
5.199555000000000000e+06
5.201829500000000000e+06
5.202402500000000000e+06
5.205416000000000000e+06
5.209351000000000000e+06
5.214334500000000000e+06
5.216569000000000000e+06
5.221283000000000000e+06
5.221553000000000000e+06
5.224112000000000000e+06
5.228597000000000000e+06
5.233403000000000000e+06
5.236256500000000000e+06
5.241604500000000000e+06
5.241346000000000000e+06
5.244359500000000000e+06
5.252649500000000000e+06
5.252584500000000000e+06
5.256634500000000000e+06
5.264029000000000000e+06
5.261428500000000000e+06
5.267425000000000000e+06
5.270264000000000000e+06
5.273494000000000000e+06
5.277066500000000000e+06
5.281364000000000000e+06
5.281127000000000000e+06
5.284965500000000000e+06
5.289025000000000000e+06
5.290372000000000000e+06
5.296402000000000000e+06
5.300277500000000000e+06
5.300874500000000000e+06
5.302784500000000000e+06
5.307505500000000000e+06
5.312039000000000000e+06
5.314478000000000000e+06
5.318653000000000000e+06
5.319267000000000000e+06
5.323247000000000000e+06
5.327863500000000000e+06
5.330362000000000000e+06
5.334915000000000000e+06
5.340314000000000000e+06
5.340834000000000000e+06
5.344561500000000000e+06
5.350125000000000000e+06
5.352874000000000000e+06
5.354917500000000000e+06
5.357367000000000000e+06
5.360375500000000000e+06
5.362485000000000000e+06
5.366574000000000000e+06
5.370270500000000000e+06
5.374689500000000000e+06
5.379361000000000000e+06
5.378804500000000000e+06
5.381715000000000000e+06
5.386264000000000000e+06
5.389182000000000000e+06
5.395723500000000000e+06
5.399393000000000000e+06
5.399178000000000000e+06
5.403575000000000000e+06
5.409490500000000000e+06
5.414318000000000000e+06
5.415979500000000000e+06
5.419688000000000000e+06
5.420106000000000000e+06
5.425088500000000000e+06
5.428595000000000000e+06
5.431489500000000000e+06
5.435312000000000000e+06
5.437629000000000000e+06
5.433624000000000000e+06
5.436532500000000000e+06
5.444479500000000000e+06
5.447067500000000000e+06
5.451624500000000000e+06
5.454511500000000000e+06
5.454201000000000000e+06
5.459036000000000000e+06
5.462021500000000000e+06
5.464115000000000000e+06
5.468226500000000000e+06
5.470524500000000000e+06
5.472021500000000000e+06
5.476541500000000000e+06
5.482113000000000000e+06
5.483248000000000000e+06
5.486508500000000000e+06
5.490099000000000000e+06
5.491394000000000000e+06
5.492974000000000000e+06
5.501009500000000000e+06
5.505585000000000000e+06
5.507368500000000000e+06
5.511825000000000000e+06
5.513904500000000000e+06
5.516002000000000000e+06
5.522779000000000000e+06
5.526358500000000000e+06
5.531182500000000000e+06
5.531974500000000000e+06
5.534229500000000000e+06
5.536622000000000000e+06
5.542166500000000000e+06
5.545785500000000000e+06
5.545848500000000000e+06
5.549437500000000000e+06
5.548489000000000000e+06
5.554496500000000000e+06
5.560384000000000000e+06
5.563492000000000000e+06
5.568748500000000000e+06
5.570346500000000000e+06
5.572301500000000000e+06
5.577515500000000000e+06
5.585849500000000000e+06
5.588001000000000000e+06
5.590887000000000000e+06
5.595343000000000000e+06
5.596561000000000000e+06
5.596570000000000000e+06
5.602155500000000000e+06
5.608233000000000000e+06
5.608742500000000000e+06
5.613606000000000000e+06
5.612787500000000000e+06
5.618337000000000000e+06
5.622060500000000000e+06
5.624471500000000000e+06
5.629615500000000000e+06
5.633694000000000000e+06
5.634913500000000000e+06
5.636834500000000000e+06
5.644348500000000000e+06
5.648752500000000000e+06
5.651298000000000000e+06
5.655448500000000000e+06
5.655547000000000000e+06
5.657384500000000000e+06
5.660220500000000000e+06
5.664058500000000000e+06
5.670072500000000000e+06
5.673071000000000000e+06
5.675818000000000000e+06
5.677298000000000000e+06
5.683228500000000000e+06
5.686980000000000000e+06
5.688990000000000000e+06
5.692652000000000000e+06
5.697135500000000000e+06
5.697497000000000000e+06
5.702585000000000000e+06
5.707020500000000000e+06
5.711352500000000000e+06
5.715484000000000000e+06
5.717230500000000000e+06
5.725048000000000000e+06
5.728862500000000000e+06
5.732982500000000000e+06
5.735115000000000000e+06
5.741598000000000000e+06
5.740870000000000000e+06
5.744799000000000000e+06
5.749035000000000000e+06
5.751699500000000000e+06
5.757971000000000000e+06
5.759910500000000000e+06
5.763932000000000000e+06
5.763570000000000000e+06
5.766636500000000000e+06
5.771254000000000000e+06
5.774091500000000000e+06
5.775120000000000000e+06
5.776733500000000000e+06
5.781620500000000000e+06
5.787327500000000000e+06
5.790554500000000000e+06
5.795073000000000000e+06
5.799474500000000000e+06
5.800048500000000000e+06
5.800716500000000000e+06
5.807158000000000000e+06
5.812988500000000000e+06
5.815371000000000000e+06
5.819890000000000000e+06
5.822535500000000000e+06
5.824221500000000000e+06
5.826636000000000000e+06
5.830752500000000000e+06
5.836627500000000000e+06
5.839490500000000000e+06
5.840342000000000000e+06
5.842776000000000000e+06
5.848096500000000000e+06
5.851138500000000000e+06
5.853064500000000000e+06
5.855928000000000000e+06
5.859783000000000000e+06
5.862261500000000000e+06
5.867884500000000000e+06
5.872688500000000000e+06
5.875801500000000000e+06
5.878067000000000000e+06
5.881024500000000000e+06
5.881464000000000000e+06
5.886985500000000000e+06
5.888731000000000000e+06
5.891081000000000000e+06
5.897832000000000000e+06
5.897671500000000000e+06
5.902109500000000000e+06
5.907456000000000000e+06
5.911886500000000000e+06
5.915091500000000000e+06
5.917148500000000000e+06
5.917664000000000000e+06
5.920902000000000000e+06
5.927677000000000000e+06
5.929533500000000000e+06
5.933128000000000000e+06
5.940978000000000000e+06
5.939471500000000000e+06
5.939796500000000000e+06
5.943479000000000000e+06
5.950510000000000000e+06
5.952741000000000000e+06
5.954961000000000000e+06
5.958692500000000000e+06
5.958470500000000000e+06
5.965696500000000000e+06
5.967745500000000000e+06
5.974394500000000000e+06
5.978671000000000000e+06
5.979600500000000000e+06
5.982901500000000000e+06
5.987455500000000000e+06
5.991819500000000000e+06
5.995036000000000000e+06
5.996088000000000000e+06
5.994357500000000000e+06
5.993483500000000000e+06
6.000759000000000000e+06
6.005526500000000000e+06
6.010061500000000000e+06
6.014329000000000000e+06
6.016540500000000000e+06
6.018767000000000000e+06
6.021910000000000000e+06
6.025198500000000000e+06
6.029149500000000000e+06
6.033675000000000000e+06
6.039322500000000000e+06
6.040834000000000000e+06
6.047220500000000000e+06
6.050121500000000000e+06
6.054757500000000000e+06
6.055474500000000000e+06
6.059419000000000000e+06
6.060652500000000000e+06
6.066900000000000000e+06
6.071141000000000000e+06
6.075775500000000000e+06
6.077268500000000000e+06
6.077241000000000000e+06
6.081703500000000000e+06
6.086200000000000000e+06
6.087940000000000000e+06
6.091074500000000000e+06
6.097080500000000000e+06
6.097141500000000000e+06
6.099072500000000000e+06
6.103969500000000000e+06
6.106329500000000000e+06
6.110142000000000000e+06
6.112997500000000000e+06
6.113455000000000000e+06
6.117313000000000000e+06
6.126408500000000000e+06
6.130579500000000000e+06
6.131307500000000000e+06
6.133876500000000000e+06
6.135283000000000000e+06
6.138814000000000000e+06
6.145409500000000000e+06
6.148267000000000000e+06
6.150884500000000000e+06
6.154183500000000000e+06
6.155003000000000000e+06
6.161320500000000000e+06
6.165676000000000000e+06
6.168927500000000000e+06
6.171307500000000000e+06
6.175617000000000000e+06
6.177326500000000000e+06
6.178429500000000000e+06
6.185468500000000000e+06
6.189825000000000000e+06
6.193008500000000000e+06
6.194706500000000000e+06
6.195521000000000000e+06
6.199937000000000000e+06
6.204840000000000000e+06
6.208800500000000000e+06
6.211591000000000000e+06
6.216073000000000000e+06
6.215312000000000000e+06
6.215264500000000000e+06
6.218807500000000000e+06
6.224668000000000000e+06
6.230218000000000000e+06
6.235254500000000000e+06
6.239713000000000000e+06
6.239925000000000000e+06
6.245884500000000000e+06
6.249497500000000000e+06
6.251236000000000000e+06
6.254730000000000000e+06
6.258065000000000000e+06
6.262365500000000000e+06
6.266892000000000000e+06
6.271610000000000000e+06
6.273476000000000000e+06
6.275158500000000000e+06
6.279446000000000000e+06
6.281159000000000000e+06
6.284055500000000000e+06
6.289464500000000000e+06
6.292746000000000000e+06
6.295483500000000000e+06
6.296673000000000000e+06
6.296577500000000000e+06
6.305314000000000000e+06
6.310254000000000000e+06
6.311909000000000000e+06
6.312578000000000000e+06
6.316050000000000000e+06
6.316177000000000000e+06
6.321240000000000000e+06
6.327415000000000000e+06
6.328178000000000000e+06
6.329483000000000000e+06
6.333143500000000000e+06
6.332369500000000000e+06
6.338314000000000000e+06
6.341239000000000000e+06
6.346238000000000000e+06
6.350597000000000000e+06
6.353090500000000000e+06
6.353365500000000000e+06
6.356088000000000000e+06
6.362898500000000000e+06
6.364507500000000000e+06
6.365192500000000000e+06
6.369023500000000000e+06
6.373252000000000000e+06
6.376345000000000000e+06
6.380690500000000000e+06
6.383168000000000000e+06
6.388101500000000000e+06
6.390545000000000000e+06
6.389220500000000000e+06
6.395443500000000000e+06
6.400946500000000000e+06
6.404940000000000000e+06
6.412648000000000000e+06
6.414625500000000000e+06
6.414315000000000000e+06
6.419152500000000000e+06
6.425080500000000000e+06
6.428697000000000000e+06
6.428968500000000000e+06
6.432756000000000000e+06
6.431825500000000000e+06
6.436180000000000000e+06
6.438623000000000000e+06
6.443313500000000000e+06
6.446408000000000000e+06
6.449756500000000000e+06
6.450816500000000000e+06
6.456397000000000000e+06
6.461039500000000000e+06
6.461635500000000000e+06
6.465943500000000000e+06
6.471495000000000000e+06
6.471136000000000000e+06
6.477018500000000000e+06
6.480969000000000000e+06
6.487379000000000000e+06
6.490560000000000000e+06
6.495299500000000000e+06
6.491141500000000000e+06
6.498290000000000000e+06
6.505140500000000000e+06
6.507839500000000000e+06
6.509447000000000000e+06
6.515357500000000000e+06
6.514290000000000000e+06
6.521015500000000000e+06
6.523877500000000000e+06
6.528759500000000000e+06
6.535685000000000000e+06
6.539465500000000000e+06
6.538205000000000000e+06
6.542190500000000000e+06
6.549185000000000000e+06
6.551915500000000000e+06
6.553331000000000000e+06
6.555246500000000000e+06
6.554205500000000000e+06
6.561890000000000000e+06
6.567351000000000000e+06
6.569351500000000000e+06
6.572513500000000000e+06
6.576633000000000000e+06
6.577055500000000000e+06
6.582788000000000000e+06
6.586519000000000000e+06
6.588935000000000000e+06
6.593602000000000000e+06
6.592952500000000000e+06
6.596726500000000000e+06
6.601858000000000000e+06
6.607843500000000000e+06
6.608673000000000000e+06
6.612005500000000000e+06
6.615093500000000000e+06
6.616686500000000000e+06
6.621443500000000000e+06
6.626186500000000000e+06
6.628024500000000000e+06
6.633208500000000000e+06
6.634950500000000000e+06
6.634992500000000000e+06
6.641264500000000000e+06
6.648959500000000000e+06
6.649387500000000000e+06
6.652729000000000000e+06
6.653932000000000000e+06
6.656103500000000000e+06
6.660894500000000000e+06
6.666847000000000000e+06
6.668957000000000000e+06
6.669893000000000000e+06
6.668306000000000000e+06
6.675809000000000000e+06
6.681605500000000000e+06
6.687748000000000000e+06
6.685694500000000000e+06
6.694540000000000000e+06
6.693842500000000000e+06
6.695518500000000000e+06
6.701489000000000000e+06
6.705317000000000000e+06
6.711282500000000000e+06
6.713869500000000000e+06
6.714110000000000000e+06
6.713177000000000000e+06
6.719883500000000000e+06
6.727576000000000000e+06
6.730146000000000000e+06
6.732345000000000000e+06
6.733886000000000000e+06
6.738131000000000000e+06
6.742659000000000000e+06
6.748382500000000000e+06
6.747511000000000000e+06
6.755929500000000000e+06
6.753972000000000000e+06
6.758647500000000000e+06
6.761466000000000000e+06
6.764930000000000000e+06
6.768864500000000000e+06
6.772577500000000000e+06
6.772027500000000000e+06
6.776187500000000000e+06
6.779165500000000000e+06
6.782451000000000000e+06
6.783321500000000000e+06
6.785082500000000000e+06
6.786446500000000000e+06
6.791803500000000000e+06
6.794938000000000000e+06
6.797954000000000000e+06
6.798961000000000000e+06
6.803669000000000000e+06
6.807115000000000000e+06
6.812321500000000000e+06
6.819183000000000000e+06
6.820613000000000000e+06
6.825360500000000000e+06
6.831025000000000000e+06
6.831520000000000000e+06
6.834209500000000000e+06
6.839336000000000000e+06
6.846090000000000000e+06
6.845435500000000000e+06
6.848588500000000000e+06
6.851384500000000000e+06
6.851864500000000000e+06
6.858305000000000000e+06
6.862068500000000000e+06
6.866668000000000000e+06
6.870361500000000000e+06
6.869408000000000000e+06
6.872435500000000000e+06
6.878573000000000000e+06
6.886423500000000000e+06
6.885126000000000000e+06
6.885282000000000000e+06
6.886670000000000000e+06
6.888210500000000000e+06
6.896646000000000000e+06
6.900198500000000000e+06
6.902976000000000000e+06
6.905886500000000000e+06
6.905312500000000000e+06
6.908988000000000000e+06
6.913656000000000000e+06
6.916612500000000000e+06
6.917983500000000000e+06
6.923890000000000000e+06
6.925997000000000000e+06
6.930811500000000000e+06
6.936169000000000000e+06
6.942170500000000000e+06
6.945784000000000000e+06
6.949009500000000000e+06
6.947190000000000000e+06
6.952025000000000000e+06
6.956751500000000000e+06
6.964273000000000000e+06
6.967352500000000000e+06
6.968707500000000000e+06
6.968760000000000000e+06
6.972027000000000000e+06
6.979938000000000000e+06
6.985764000000000000e+06
6.985140000000000000e+06
6.989058500000000000e+06
6.989913500000000000e+06
6.995007500000000000e+06
6.996971000000000000e+06
7.002709500000000000e+06
7.005793500000000000e+06
7.007197000000000000e+06
7.006974000000000000e+06
7.014023000000000000e+06
7.020775000000000000e+06
7.025334000000000000e+06
7.024885000000000000e+06
7.028959500000000000e+06
7.030474000000000000e+06
7.033983000000000000e+06
7.039887000000000000e+06
7.044913000000000000e+06
7.045596500000000000e+06
7.052249000000000000e+06
7.051874500000000000e+06
7.054619500000000000e+06
7.058654500000000000e+06
7.064349000000000000e+06
7.069179000000000000e+06
7.069239500000000000e+06
7.072587000000000000e+06
7.074053500000000000e+06
7.081144000000000000e+06
7.085772500000000000e+06
7.087684500000000000e+06
7.089614000000000000e+06
7.093812500000000000e+06
7.096527000000000000e+06
7.101010000000000000e+06
7.104269500000000000e+06
7.108703500000000000e+06
7.112094000000000000e+06
7.108742000000000000e+06
7.112027000000000000e+06
7.116951500000000000e+06
7.121899500000000000e+06
7.128841500000000000e+06
7.130487000000000000e+06
7.131278500000000000e+06
7.131187500000000000e+06
7.140874500000000000e+06
7.144373500000000000e+06
7.146661500000000000e+06
7.151602000000000000e+06
7.152655000000000000e+06
7.154502000000000000e+06
7.161013500000000000e+06
7.162742000000000000e+06
7.169061000000000000e+06
7.169976000000000000e+06
7.171068500000000000e+06
7.172845500000000000e+06
7.181293500000000000e+06
7.185633000000000000e+06
7.186343500000000000e+06
7.188725000000000000e+06
7.190022500000000000e+06
7.196529500000000000e+06
7.200247000000000000e+06
7.204407000000000000e+06
7.206008000000000000e+06
7.207068000000000000e+06
7.212824000000000000e+06
7.216363000000000000e+06
7.221091500000000000e+06
7.222628000000000000e+06
7.225427500000000000e+06
7.228863000000000000e+06
7.228700500000000000e+06
7.233669000000000000e+06
7.239310000000000000e+06
7.242263500000000000e+06
7.247581500000000000e+06
7.249137000000000000e+06
7.252394500000000000e+06
7.253352500000000000e+06
7.260767000000000000e+06
7.262188000000000000e+06
7.269448500000000000e+06
7.271313000000000000e+06
7.269249000000000000e+06
7.272229500000000000e+06
7.278533000000000000e+06
7.286271500000000000e+06
7.287782500000000000e+06
7.290634000000000000e+06
7.291409500000000000e+06
7.295896500000000000e+06
7.300203500000000000e+06
7.303957500000000000e+06
7.303069000000000000e+06
7.307487500000000000e+06
7.312508000000000000e+06
7.316109000000000000e+06
7.319094000000000000e+06
7.323353500000000000e+06
7.324500500000000000e+06
7.330094500000000000e+06
7.330391500000000000e+06
7.333015500000000000e+06
7.339389000000000000e+06
7.339927000000000000e+06
7.343504500000000000e+06
7.346314000000000000e+06
7.348569000000000000e+06
7.353336000000000000e+06
7.356370000000000000e+06
7.360955000000000000e+06
7.361915500000000000e+06
7.365011000000000000e+06
7.365259000000000000e+06
7.368086000000000000e+06
7.372608000000000000e+06
7.380991000000000000e+06
7.382112000000000000e+06
7.384656500000000000e+06
7.386950500000000000e+06
7.391402000000000000e+06
7.397034000000000000e+06
7.399994500000000000e+06
7.403614500000000000e+06
7.407679000000000000e+06
7.405919500000000000e+06
7.409553500000000000e+06
7.413003000000000000e+06
7.420184000000000000e+06
7.422043000000000000e+06
7.423429500000000000e+06
7.424584500000000000e+06
7.424516500000000000e+06
7.434271500000000000e+06
7.439525000000000000e+06
7.440870500000000000e+06
7.443387000000000000e+06
7.445244000000000000e+06
7.449355500000000000e+06
7.451621500000000000e+06
7.456675000000000000e+06
7.459260000000000000e+06
7.465280500000000000e+06
7.466909000000000000e+06
7.467099000000000000e+06
7.470607000000000000e+06
7.480145000000000000e+06
7.480526500000000000e+06
7.483941500000000000e+06
7.484875000000000000e+06
7.488795000000000000e+06
7.496985000000000000e+06
7.501438500000000000e+06
7.501792500000000000e+06
7.504357500000000000e+06
7.503921500000000000e+06
7.509004500000000000e+06
7.515152500000000000e+06
7.517620500000000000e+06
7.521025500000000000e+06
7.526938000000000000e+06
7.525613500000000000e+06
7.530616500000000000e+06
7.535604500000000000e+06
7.537882500000000000e+06
7.540332000000000000e+06
7.545636500000000000e+06
7.545510500000000000e+06
7.548369500000000000e+06
7.553488500000000000e+06
7.559614500000000000e+06
7.560867000000000000e+06
7.562902500000000000e+06
7.564466000000000000e+06
7.568035000000000000e+06
7.575947500000000000e+06
7.580477500000000000e+06
7.582131500000000000e+06
7.584749500000000000e+06
7.585100500000000000e+06
7.591898500000000000e+06
7.595557000000000000e+06
7.598957500000000000e+06
7.601851500000000000e+06
7.601703500000000000e+06
7.602170500000000000e+06
7.609432000000000000e+06
7.613301500000000000e+06
7.617167000000000000e+06
7.619482500000000000e+06
7.625626500000000000e+06
7.623984500000000000e+06
7.626471000000000000e+06
7.631597500000000000e+06
7.635090000000000000e+06
7.641322500000000000e+06
7.644456500000000000e+06
7.644161000000000000e+06
7.649343000000000000e+06
7.653036500000000000e+06
7.658572500000000000e+06
7.661956500000000000e+06
7.664849500000000000e+06
7.665312500000000000e+06
7.671508000000000000e+06
7.673820000000000000e+06
7.681203500000000000e+06
7.683473000000000000e+06
7.685583500000000000e+06
7.686540000000000000e+06
7.693287500000000000e+06
7.694417500000000000e+06
7.700513500000000000e+06
7.702959000000000000e+06
7.704319500000000000e+06
7.710089500000000000e+06
7.713692500000000000e+06
7.716804000000000000e+06
7.720655500000000000e+06
7.722562000000000000e+06
7.727344000000000000e+06
7.729733500000000000e+06
7.732453000000000000e+06
7.733675500000000000e+06
7.739510500000000000e+06
7.746128500000000000e+06
7.750562500000000000e+06
7.750196500000000000e+06
7.752505000000000000e+06
7.755704000000000000e+06
7.763147500000000000e+06
7.766995000000000000e+06
7.766629000000000000e+06
7.767694000000000000e+06
7.770819500000000000e+06
7.776354000000000000e+06
7.782662500000000000e+06
7.784386000000000000e+06
7.783369500000000000e+06
7.784452500000000000e+06
7.788168000000000000e+06
7.792255000000000000e+06
7.796630000000000000e+06
7.804947000000000000e+06
7.806187500000000000e+06
7.806235500000000000e+06
7.806987000000000000e+06
7.812370500000000000e+06
7.820305000000000000e+06
7.824197000000000000e+06
7.824267500000000000e+06
7.826491500000000000e+06
7.829504500000000000e+06
7.836023000000000000e+06
7.840667000000000000e+06
7.844281000000000000e+06
7.845278500000000000e+06
7.846189500000000000e+06
7.849761000000000000e+06
7.855837500000000000e+06
7.857774000000000000e+06
7.861246000000000000e+06
7.863314500000000000e+06
7.865693000000000000e+06
7.864744000000000000e+06
7.869221500000000000e+06
7.874543000000000000e+06
7.880576500000000000e+06
7.882069500000000000e+06
7.883051500000000000e+06
7.887135000000000000e+06
7.890465000000000000e+06
7.892774500000000000e+06
7.896881500000000000e+06
7.900068500000000000e+06
7.905827500000000000e+06
7.908468000000000000e+06
7.912315500000000000e+06
7.917901000000000000e+06
7.921124000000000000e+06
7.926258000000000000e+06
7.928481000000000000e+06
7.931016500000000000e+06
7.934556500000000000e+06
7.937788500000000000e+06
7.940575500000000000e+06
7.947237500000000000e+06
7.949295500000000000e+06
7.949089500000000000e+06
7.955901500000000000e+06
7.962567500000000000e+06
7.964645500000000000e+06
7.966271000000000000e+06
7.966173000000000000e+06
7.968766000000000000e+06
7.977418000000000000e+06
7.981871500000000000e+06
7.983544500000000000e+06
7.985311000000000000e+06
7.987293500000000000e+06
7.991518500000000000e+06
7.994886500000000000e+06
7.999340500000000000e+06
8.002221000000000000e+06
8.006084500000000000e+06
8.008393500000000000e+06
8.009917000000000000e+06
8.017182000000000000e+06
8.020796000000000000e+06
8.023558000000000000e+06
8.024472000000000000e+06
8.024685000000000000e+06
8.032554500000000000e+06
8.035619000000000000e+06
8.041517000000000000e+06
8.042934000000000000e+06
8.043452000000000000e+06
8.048945500000000000e+06
8.050469000000000000e+06
8.055860500000000000e+06
8.058654000000000000e+06
8.062294500000000000e+06
8.067998000000000000e+06
8.068918500000000000e+06
8.072108000000000000e+06
8.075154000000000000e+06
8.077486500000000000e+06
8.084589500000000000e+06
8.088065500000000000e+06
8.087049500000000000e+06
8.089625500000000000e+06
8.092924500000000000e+06
8.098840500000000000e+06
8.102882000000000000e+06
8.103362500000000000e+06
8.104599000000000000e+06
8.105417500000000000e+06
8.112183500000000000e+06
8.118238500000000000e+06
8.121511500000000000e+06
8.122905500000000000e+06
8.124095000000000000e+06
8.130321500000000000e+06
8.134746500000000000e+06
8.141953500000000000e+06
8.141855500000000000e+06
8.145101500000000000e+06
8.151373000000000000e+06
8.153932000000000000e+06
8.155542000000000000e+06
8.158368000000000000e+06
8.162034500000000000e+06
8.163425000000000000e+06
8.170130500000000000e+06
8.171088500000000000e+06
8.176151500000000000e+06
8.179266000000000000e+06
8.185377000000000000e+06
8.188722500000000000e+06
8.189713000000000000e+06
8.190967500000000000e+06
8.196661000000000000e+06
8.201314500000000000e+06
8.205212000000000000e+06
8.207655500000000000e+06
8.207138500000000000e+06
8.207759000000000000e+06
8.217118000000000000e+06
8.220816500000000000e+06
8.224351000000000000e+06
8.226361000000000000e+06
8.228925500000000000e+06
8.231226000000000000e+06
8.233381500000000000e+06
8.235758000000000000e+06
8.241600500000000000e+06
