1.035690316241901776e-01
5.560403405508001357e-02
1.023501000640237857e-01
1.279978926381572513e-01
2.898253597707164952e-02
1.254144784450274969e-02
2.135267675676649213e-01
6.338230104294886869e-02
3.036401712089006194e-02
8.166872501095047421e-02
1.527583238589500791e-01
9.385085034589570052e-02
5.294801232683740699e-02
5.075063276652762995e-02
9.538812356236507639e-02
2.774523182854357270e-02
1.891347657571712526e-02
5.958112911027690917e-02
9.598670088131691647e-02
7.446352668522863982e-02
8.082283620881257347e-02
3.941448264979251215e-02
6.828892178588964745e-02
1.105242078300002068e-01
2.128607138127877954e-02
4.735542867444048759e-02
1.043048423070579295e-01
1.655180331702113816e-01
2.613336312000181030e-02
6.192407746419188730e-02
1.288111184983961599e-01
1.758531901930813213e-01
3.947501625650158552e-02
7.628163482362494696e-02
7.487523857913881697e-02
1.245189450920861501e-01
7.896297584426956173e-02
9.324376669043403509e-02
4.390721234560641950e-02
4.089617393643400767e-02
8.252358228440234700e-02
1.553614580938324219e-01
3.103986675983893065e-02
3.039794514181320614e-02
3.151130239518835918e-02
1.695025476367144068e-01
3.912404696306960583e-02
1.385178256252594109e-01
1.025032480623774972e-01
8.461976147521661773e-02
1.563367937987963918e-01
1.215126444538142669e-01
6.351015756942356150e-02
1.500302308374255600e-01
1.312459002566746524e-01
7.326393583826583400e-02
9.794845209245707507e-02
7.920049513726777624e-02
3.473999846562240285e-02
1.083452164973921356e-01
1.424231137455128360e-01
9.256967518680481177e-02
9.038507022209904540e-02
7.088386930481160864e-02
7.080479143611541348e-02
1.234186185088038679e-01
8.848182666911323657e-02
2.807792428266202636e-02
5.349847588684253363e-02
8.412365491604380241e-02
2.286219686356597697e-02
1.513476088174515177e-01
1.312093782029311317e-01
1.494186434234930361e-01
7.408453534249780092e-02
1.288307033467457896e-01
1.312831931872495972e-01
7.631037833865852993e-02
5.250369425959708347e-02
4.266969267562003426e-02
8.549655611469043903e-02
1.730162293022654840e-01
1.142854810912016517e-01
9.868242333646763675e-02
3.676489047083476847e-02
1.584777070925697320e-02
1.618396548677710489e-01
9.076240727448045553e-02
9.913925065829934380e-02
1.385954303502416607e-01
1.258837523032459715e-01
1.118266348103192226e-01
9.100813077137846763e-02
1.078628544962601105e-01
5.079240887489085143e-02
1.457224260222083068e-01
1.457648853812668344e-01
2.127783689837234038e-01
7.540225212731828386e-02
7.043793836058166724e-02
3.573813777116092993e-02
4.256355370587106002e-02
1.166883622734440490e-01
8.659721590956732939e-02
4.743663741104015702e-02
3.003333397676844277e-02
2.675679782693777750e-02
1.822008946261961804e-02
1.548640593366193141e-01
7.333147600113983089e-02
4.109833871108474479e-02
1.632415723127096097e-01
4.739823214955330571e-02
1.160478923847358262e-01
3.857013226587182458e-02
1.325327601343259387e-01
4.790661869503933662e-02
1.348237392151379610e-01
9.624386627024035523e-02
8.980789905347692781e-02
3.566469317917167481e-02
3.150783994197647181e-02
5.145140033128858120e-02
1.844998635979650803e-01
8.874759279252976418e-02
1.698645766049997619e-01
8.660327578190112063e-02
3.730219545363732542e-02
1.022972081237296521e-01
1.237594460288228698e-01
5.154754558765085176e-02
1.146263241290522983e-01
6.446763103662671301e-02
9.388932500155315608e-02
1.022173689623162990e-01
1.812301852578706018e-01
2.720434386501879159e-02
1.874088728071070797e-01
7.958614993571402896e-02
1.214735828004582241e-01
5.926754048628165433e-02
1.683711538183057521e-01
8.956506337454052391e-02
1.468569629222627460e-01
7.081506211951264784e-02
1.509774183599618402e-01
4.934883921630359160e-02
7.508358359880963617e-02
1.656191455837754123e-01
6.382882108617585204e-02
9.762175170875692087e-02
1.321935153682367303e-01
8.775814155912915748e-02
1.004428019703850622e-01
1.692743248005174617e-01
4.847438130274275142e-02
3.329019940366374081e-02
3.521492007913556294e-02
6.155788290947408758e-02
7.054862336538852974e-02
2.201756458300461183e-01
7.337956916862123369e-02
1.544363502686495748e-01
6.072676326897152171e-02
1.377652433142739219e-01
2.305549072489073981e-01
1.187770117785468676e-01
1.353701314143653522e-01
4.223919069433255263e-02
1.017316173152612024e-01
4.073813767142981518e-02
6.022727265076210923e-02
7.676623473769982053e-02
9.576995682936094434e-02
6.191594748824899574e-02
8.304683225869839702e-02
2.897428549083507984e-02
4.446346557602497140e-02
8.664235036496877040e-02
4.627620919410548733e-02
4.241644760173763490e-02
1.405051406489929433e-01
5.944162020199007801e-02
1.524081054749526765e-01
2.909763211609999248e-02
8.325324847395886019e-02
5.596396892359094266e-02
7.015934385740855983e-02
2.054377969978433416e-01
2.481325719328953544e-02
1.869808407464430000e-01
3.622464995954604444e-02
2.933235086325004445e-02
1.050022757347528618e-01
1.169551782301596898e-01
9.139612756006869343e-02
6.056166756810234253e-02
3.333505652258753754e-02
6.981870251177660358e-02
5.693081131472624984e-02
9.219449708120538989e-02
1.983227146477908320e-01
6.832502247322611022e-02
1.169177894572149962e-01
9.036743586072476866e-03
7.900335621423350274e-02
2.201716058266953990e-01
1.764269228674728365e-02
1.251552527285079430e-01
6.410657442622118285e-02
1.376501076395115764e-01
8.292722169905036855e-02
2.350875548148956273e-01
1.265137351747226135e-01
3.696642504328012113e-01
8.336675239825692973e-02
2.760303330532009602e-01
2.341208659207460463e-01
1.761483093107482911e-01
6.172421264657018680e-02
2.673995968958297609e-01
2.351530065521310053e-01
4.839340068533645040e-02
1.295357621636585577e-01
5.569782557884744856e-02
1.462466143913888628e-01
5.394403107087084037e-02
1.696180295191824228e-01
7.502643842624119597e-02
6.202329987148410412e-02
7.590388518186383382e-02
9.809456618101046466e-02
2.601209280897527898e-01
3.036895098620782663e-01
3.443478705034205833e-01
1.698015894262505932e-01
1.341396507916987890e-01
8.454252183105637197e-02
4.579054578797450703e-01
3.099176507468674457e-01
5.151482891475545056e-01
2.916351451901882386e-01
1.147726607240737717e-01
1.477718422095216644e-01
2.934421829510943658e-01
2.701654110197578285e-01
1.068798566848736115e-01
3.171294918519446671e-01
3.208162542202620537e-01
4.249700168242548370e-01
1.740035852787898685e-01
1.960868487785832337e-01
3.898162378676315459e-02
3.419231403844579797e-01
2.099146401597510037e-01
9.215001182879589692e-02
2.689959584523024527e-01
1.101443822136860262e-01
3.163652356935398036e-01
2.889161055357282182e-01
2.946015862703990629e-01
1.830672830066192303e-01
1.025715069263266471e-01
1.951289250153601940e-01
2.176507001459345447e-01
2.877911667397096696e-01
4.894911637476237476e-01
3.913609509472027459e-01
1.535672303300270602e-01
1.966027161017041835e-01
1.622685254392093046e-01
1.430373834972659131e-01
8.289145584574106329e-02
1.592610329512117451e-01
3.098425552945907949e-02
2.038759085917698013e-02
6.924990856121630844e-02
1.487369278664994188e-01
2.639492714748421509e-01
1.881452792989565248e-01
2.649012441126771811e-01
2.732766469103878326e-01
1.807884895406294545e-01
3.775361475536097300e-02
1.513327311203215841e-01
1.263333450563029481e-01
1.639044894678084174e-01
2.690372750629180798e-01
1.486318805781989549e-01
2.256452654438422523e-01
2.331285493561845445e-01
1.743212670679672727e-01
1.370392540137526094e-01
7.198646400753788699e-02
1.889868161742290775e-01
4.149728715065780643e-02
1.075314986727145677e-01
1.912829545681755394e-01
1.009328655842902378e-01
4.566363110573522927e-02
4.191356616249678618e-02
1.731143359004714832e-01
1.514658204648600959e-01
7.333665189287209840e-02
1.011512432252007626e-01
2.654828332001236690e-01
2.176550802461842959e-01
2.036377162843599486e-01
1.542407336335703885e-02
1.498937076921680045e-01
1.127081349886780298e-01
1.312080987401784138e-01
6.876295510492119734e-02
1.239567974159532654e-01
9.752001578777229340e-02
2.006688919926902792e-01
5.595404986486080673e-02
2.021842038577090495e-01
5.118704486628038175e-02
7.056452465501635019e-02
6.291222330306929511e-02
9.371280639586281047e-02
1.061076176864097498e-01
2.045775802533538260e-02
1.331659041389413600e-01
1.535388314210106298e-01
1.279944423489660088e-01
2.711705273429509261e-02
5.876777852624759380e-02
7.480563754919232478e-02
1.244313590431414540e-01
8.499949144350557595e-02
1.424686236468651612e-01
2.095691257383485717e-01
1.825444304993114053e-01
5.025154926674939293e-02
2.379265426954515483e-01
1.631446755879672750e-01
1.957368210230961969e-01
2.026157860005425165e-02
1.117246856587764819e-01
9.469030776390792437e-02
1.490996510049097112e-01
5.914330747395126625e-02
9.579711514873742728e-02
1.070948413995245372e-03
5.400788790209661711e-02
4.129954091102286395e-02
1.135737825207212975e-01
5.254279642850696874e-02
9.836733482309951981e-02
9.364744652922044055e-02
1.330739465101766217e-01
1.589082131007637233e-01
1.217987003804708868e-01
7.257351609622020305e-02
8.316786217679297821e-02
6.473538144996168753e-02
9.009532803367535647e-02
1.013310133107306471e-01
1.241102741458638414e-01
2.005031502828646950e-01
1.577974690683877912e-01
1.886872792744347105e-01
8.944271063387161658e-02
1.677113448912087579e-02
1.418538349565156009e-01
1.047740324641690396e-01
1.120040291302675933e-01
9.062282775173842453e-02
2.789795393576332411e-02
3.056319008774290719e-02
5.244518704909599538e-02
1.529646850550633042e-01
1.345165920197827561e-02
2.249175174213240581e-03
5.880525459130581806e-02
1.613472581003692619e-01
9.974903283930258713e-02
3.460861851131628864e-02
1.545483064216969793e-01
1.395535493042590336e-01
2.257897535098725428e-01
6.510567684280874068e-02
2.572833968386310441e-02
2.034450250431216189e-01
1.157580462253355591e-01
1.108564737290232138e-01
1.623262118128845355e-01
1.006036234990029810e-01
2.489490754131994110e-02
2.041088618304096602e-01
7.373839388151388896e-02
1.340911913603506089e-01
4.335337637682695755e-02
1.610037724111474944e-01
1.426725853491902785e-01
1.123142181963259628e-02
5.726926921142141275e-02
4.145364240422885760e-02
6.050569851417981343e-02
1.063427565563642707e-01
1.896831918959340779e-01
4.532264218716389875e-02
4.588492927430908030e-02
9.126323342298324481e-02
6.174018919466520844e-02
8.077958720319779184e-02
8.037566081088183545e-02
5.579870928812398490e-02
7.013592308719483748e-02
9.393300094247145071e-02
1.705415435220638265e-01
6.455368340680332773e-02
6.179331575344332306e-02
1.098646196307802858e-01
1.066137381977350224e-01
1.759300592754566017e-01
5.638602091997980265e-02
9.214546453456851083e-02
1.169682004350239418e-01
1.113236297774506250e-01
8.724728942052635550e-02
1.043098655706637956e-01
6.537735879843405151e-02
5.644058539676884145e-02
7.318767976473579406e-02
5.015801439143006274e-02
3.778128443236420525e-02
2.746135046061133275e-02
8.861907743782136693e-02
7.189194023710228365e-02
2.031440159459897976e-01
1.049441741790011068e-01
1.978657089367527322e-01
2.024120048069222560e-03
8.228107800112428871e-02
6.103777010329804187e-02
1.071074889348371389e-01
9.406262271884771597e-02
2.443501385931151279e-02
1.139877176869023151e-02
6.752789059198814614e-02
9.521509597708215089e-02
5.351965824486530632e-02
9.290750956438019459e-02
9.786361411528395060e-02
1.193474427397465953e-01
3.305549171040209067e-02
8.096365608485639465e-02
8.218042431654599966e-02
7.244998882277567387e-02
1.045989650414965999e-01
1.220057741906926951e-01
3.545876610210699220e-02
2.491292545996840260e-02
2.851760554809802325e-02
1.208743960587393002e-01
6.330764218361961682e-02
1.169280992519395324e-01
1.141454011024586740e-01
8.671292179305560566e-02
3.141066359424626170e-02
9.433586064148195838e-02
5.758844503140097409e-02
8.029985046341324428e-02
7.806101356007823233e-02
8.946303739587571635e-02
8.887025045779306520e-02
1.741449075696920035e-01
9.384332751354733382e-02
5.629697578512021794e-02
1.650943927979427184e-01
4.359332525339511266e-02
5.539058972266469594e-02
1.020598600313467469e-01
9.929428040994661697e-02
1.242340143462385485e-02
5.048968215874745369e-02
4.703068648853954425e-02
7.080524581981929855e-02
7.181752844184742524e-02
1.079199489639798976e-01
2.427085689468480231e-02
1.209966825455879025e-01
1.712850133034759387e-02
6.425159693085853718e-02
4.254486472171933875e-02
5.015910349298912524e-02
4.768276037455059652e-02
9.782455396112112178e-02
1.727217647043561843e-01
1.042732653998894587e-01
2.938822313801671068e-02
8.762859706845682606e-02
1.028580532357613736e-01
1.148903051399672443e-01
1.163542628084905384e-01
1.258288155432648603e-01
1.414203670817477942e-01
7.311926092756311502e-02
1.082646877191656976e-01
4.753832315110594064e-02
8.775447819493072121e-02
8.952667446118968420e-02
6.107632470421245352e-02
2.076535931445648575e-02
1.672284595362563131e-01
8.331656532381150060e-02
7.236633455119599601e-02
1.442303951768737214e-01
5.834753497241333686e-02
5.556654261368924180e-02
1.625318542724104032e-01
5.041019537555298941e-02
9.916395338021691264e-02
1.250401557659901186e-01
7.191139182069733460e-02
6.852141129246724915e-02
1.177365524208654202e-01
7.566585741965632661e-02
1.489577023280183599e-01
7.457088985645328461e-02
2.522444956099989533e-02
1.048794285831968279e-02
1.024844341413422566e-01
7.748934644359781188e-02
7.194195131384711894e-02
7.322562845804571341e-02
1.273097418122931535e-01
1.139410172859982827e-02
1.151826801180257792e-01
1.661983976394490747e-01
1.162402639149287958e-01
7.380909757111506209e-02
4.105404278885552150e-02
1.250180835484835107e-01
6.846238721804460969e-02
5.415517438983960541e-02
1.674468178799712048e-01
1.426411562447309767e-01
6.022821387594666509e-02
1.032972104221130116e-01
1.181519342266938999e-01
9.188529007913584512e-02
4.428320470875318771e-02
6.839793330662537196e-02
7.173811187671919054e-02
8.964847814359268308e-02
1.119736741588225060e-01
1.595232496614836307e-02
6.940978300829882264e-02
6.769526334748930674e-02
1.418634857559629425e-01
1.815196815573896783e-01
1.311815797041631648e-01
9.983107060662511911e-02
1.629111554049097466e-01
1.573273131193627106e-01
1.236005723286461022e-01
2.639930231623541582e-02
1.029413064536555678e-01
4.876073225892674917e-02
8.168768805358643526e-02
2.057300149186902516e-02
1.005756931272080157e-01
1.369691002112540523e-01
1.382343623816044975e-01
1.039365236189238317e-01
1.802261455703532134e-01
9.623820752095314790e-02
6.454474649950075506e-03
9.015253230881048463e-02
5.282549536792117278e-02
7.173489647247829892e-02
6.588874893743058847e-02
3.717698848466820249e-02
6.893502021682600123e-02
7.158543135576216077e-02
6.568290711042189256e-02
1.161102595316488781e-02
1.798293893958636536e-01
1.580102723746901194e-01
4.844541633620533250e-02
8.108306475444830574e-02
1.045622918592045425e-01
1.083229061228730972e-01
1.557209898928182679e-01
1.289359194888407278e-01
7.348720708504022370e-02
8.187691059519731918e-02
5.781269913330895627e-02
4.256237701694543657e-02
5.263003829980611448e-02
1.519432857974400419e-01
8.602954124570104388e-02
1.004554769141249027e-01
1.113164688484468701e-01
1.240682070929193109e-01
7.017331011013511199e-02
1.140431603811092043e-01
4.423903368380254636e-02
7.422783781697106509e-02
1.492895078045128054e-01
5.717049495264548559e-02
1.226996977259034172e-01
8.689166723075031351e-02
1.590415711721156755e-01
5.091397483268871732e-02
3.325820937627724933e-02
8.690866069102919089e-02
1.869294735746115932e-01
1.312166214749291016e-01
6.256226165969201725e-02
1.231580907220946181e-01
1.363272108618040490e-01
1.546687922979308460e-01
1.412221071472977985e-01
2.899897901164250752e-02
6.661272556612683748e-02
1.889436997286618736e-01
1.053441596709654149e-01
8.260582942057034805e-02
1.509188108230181125e-01
5.688837968596491962e-02
6.326409937079920109e-02
1.150140601476109387e-01
3.081355439808333013e-02
1.533144842553831322e-01
9.556553783969434779e-02
3.161273255936278975e-02
4.915990823076508281e-02
7.691653346932297852e-02
1.435734367302927694e-01
1.829907427757213739e-02
2.799016666514360374e-02
9.078820850529162323e-02
6.476417761037399357e-02
7.658068779874531440e-02
1.371942936397663182e-01
1.514411077889447899e-01
8.551612115705735373e-02
2.358262557688673572e-02
9.387945205829693884e-02
1.518389433844598291e-01
8.863129410079390036e-02
9.229098301823156214e-02
5.533192449263977380e-02
8.241172582142007597e-02
3.478171218270448978e-02
1.397500422373429696e-01
7.557859736713798404e-02
1.301675363381040451e-01
7.550934827974062347e-02
7.993849349532078374e-02
2.870243998264789334e-02
7.914645121639608816e-02
6.778050783421273040e-02
9.786643950880478948e-02
4.652669708288396933e-02
1.871409481079436832e-01
1.342440198665881823e-01
3.187042153282026308e-02
1.175171718286716488e-01
1.364366273087202486e-01
1.363253725763694246e-01
1.114149287727036614e-01
5.206146778818131204e-02
3.364481984875223458e-02
8.653064663014968516e-02
1.878954264327882540e-01
1.346469333444525185e-01
3.123194272524616039e-02
5.255350221381476297e-03
1.571579037996786721e-01
7.951799911971459134e-02
6.063065755130253587e-02
1.946962181631350236e-02
9.706290451855069390e-02
9.210499168666050340e-02
1.325993202136986349e-01
8.382786178181966807e-02
5.453034836517621498e-02
8.672770481655704689e-02
1.219983975578336211e-01
6.082906118106000404e-02
5.004929257798601538e-02
2.200515032568210044e-02
2.718393611875726326e-02
1.525557764538643390e-01
1.274146786795219699e-01
9.895721817186936553e-02
1.489834511097387071e-01
8.496898327162887010e-02
3.010412891437598895e-02
1.381568128114389338e-01
1.180225178186621454e-01
1.581563907523804435e-01
4.463392702238106607e-02
6.781358309392500339e-02
9.926979057210802426e-02
7.709725097951615480e-02
5.933418860896930158e-02
1.565375925693285875e-01
1.300323711289184392e-01
5.707821413610697503e-02
5.862363062629488697e-02
8.636761928625122375e-02
4.732445665729009127e-02
3.746693867431939717e-02
3.957992442834348812e-02
1.626471542486177535e-01
1.509263739891518463e-01
6.806825789892782808e-02
1.172975914296249533e-01
1.566403558097154147e-01
7.583035446815097891e-02
1.457056936636584310e-01
6.721842935315675005e-02
1.326489650510676577e-01
5.933189807775050839e-02
1.383798893940497154e-01
7.900829847422444208e-02
6.149726242104609775e-02
5.492464676656291095e-02
3.742569013889170820e-02
7.081974067435584108e-02
2.504468759879012723e-03
2.213009922558050596e-02
7.150499484082677160e-02
2.947564102349463019e-02
9.841381230177713435e-02
6.462000006684376352e-02
1.145517643855893941e-01
1.103281330739103311e-01
1.887606373429884937e-02
7.068863568280336906e-02
4.053301508417230664e-02
5.027163594660565005e-02
1.204086430395336221e-01
4.610554079535852945e-02
1.108741850564898268e-01
1.688676542618564730e-02
9.718674821323453061e-02
1.124398095391903468e-01
1.344166794795149666e-01
7.956301575952894056e-02
9.808771864361286175e-02
1.177068607201536554e-01
4.560115269485776751e-02
4.509438724784667341e-02
6.733584996957735214e-02
6.079725466978029569e-02
6.110395450877690454e-02
2.280443708327337810e-02
1.171546605103761934e-01
1.391930801091325644e-02
1.416469657718170405e-01
8.496199716609030561e-02
6.698760694031280494e-02
1.101178366886482046e-01
1.346206664309416434e-01
6.975895393494402352e-02
5.350076326717829317e-02
7.715528925390401083e-02
5.844355255229587848e-02
8.628379221633633578e-02
1.213213869520580745e-01
1.042311752052234447e-01
1.020961705283791598e-01
8.992785063917221877e-02
6.880122268112155715e-02
1.212088210398112736e-01
3.170253694948655526e-02
4.251553469959047649e-02
7.021506173176766952e-02
9.961280471156644389e-02
1.172921453966438154e-01
1.034722286699838734e-01
4.234096041148786155e-02
2.270152447605405799e-02
5.181923642558132481e-02
1.008118104585361552e-01
1.854653707503458107e-02
1.383715515330237178e-01
1.159292539060243765e-01
1.054891667832104779e-01
1.625043377260014243e-01
5.268088551155625243e-02
6.894643362181908375e-02
8.107947147884117522e-02
1.306315555117312510e-01
6.022065509329506405e-02
1.235437182597588779e-01
5.659475045515004188e-02
1.242319555832761130e-01
7.251213974431375275e-02
6.873918315677342294e-02
7.338831768588378879e-02
4.248572225768881827e-02
1.318498736259601234e-01
8.135368682168661603e-02
9.067639303307861720e-02
1.516240914358639169e-01
1.690007011209223448e-02
7.007280251337529020e-02
2.926376627938633013e-02
2.159773840254483879e-01
6.853125556370916194e-02
1.027978637687375768e-01
7.667829767703111810e-02
1.770767817852746673e-01
8.683921550441486836e-02
1.438287040501073644e-01
1.409630527297759707e-02
1.243387413967370347e-01
7.963022000978441095e-02
1.497912931915965085e-01
1.145486175971653364e-01
6.818699468953838549e-02
3.596965753707412339e-02
1.230657007739356518e-01
1.127726132891168215e-01
1.906694132030183411e-02
8.562851436177658371e-02
6.268926064389354624e-02
1.946540241057411955e-02
8.635591439274950543e-02
5.665674813942709470e-02
1.128272179082232957e-01
6.376432211291334362e-02
1.368724800039455292e-01
1.501152562685337255e-01
9.057634233364514342e-02
8.711698097720807499e-02
1.441099622164890015e-01
8.631612973979654879e-02
1.023589199368302588e-01
5.223105242416150457e-02
5.475132525616755591e-02
3.816206601858430913e-02
1.216581817546108640e-01
2.104235178432383724e-01
8.431576699429071953e-02
1.175404117069288046e-01
9.502119633630085049e-02
9.492568646166169022e-02
1.758152899228021190e-02
1.378448710359570784e-01
1.165388254670731427e-01
3.024610621594094745e-02
3.775247227460368921e-02
4.266040738000340810e-02
9.732423451054206254e-02
1.768071651061702831e-01
3.171014834372848368e-02
6.900135929114474542e-02
7.000916528847889175e-02
6.237360928433751533e-02
4.065582242941037650e-02
9.605070518671016133e-02
1.440462419327922794e-01
5.734477999065734632e-02
8.301961630372331480e-02
6.990621093616887494e-02
1.476779874593177611e-01
7.404756823507563368e-02
1.775022299492570454e-01
9.655429545456972740e-02
2.698215442420252505e-02
1.135683193441708316e-01
7.386232870577541521e-02
1.159866994987800298e-01
1.622813967569529947e-01
3.779847356077284393e-02
4.919629978181689484e-02
1.684898600879362329e-01
5.732348985967317123e-02
7.312648615784984873e-02
8.015878622613403781e-02
2.052041056042656075e-01
1.637256989140482011e-01
3.658651592133927571e-02
7.132078519452844656e-02
1.358486747461791211e-01
7.879562212801312360e-02
1.800361109644093016e-01
1.099233611874016053e-01
6.362543374105698868e-02
9.606494280894134485e-02
6.861504616337450735e-02
1.250025254218074533e-01
1.670665600224819358e-01
1.252598258693238542e-01
3.623045065193086084e-02
3.775252905549379007e-02
1.027560060061482872e-01
6.187139750323251974e-02
5.196215518267729983e-02
4.509574309093153377e-02
4.649516947479260393e-02
5.431682288354788141e-02
9.609774392670079879e-02
5.797024742065496478e-02
4.281240181791701876e-02
7.355419468092681823e-02
2.366474489987363816e-01
1.208083195255914427e-01
6.947282275341801205e-02
4.792479204753402611e-02
8.834464145660148038e-02
7.446079965985033522e-02
3.899034956454452971e-02
5.530001591816888912e-02
6.188735262369247925e-02
9.643591466370017573e-02
8.727885916370249630e-02
6.547460506306851391e-02
5.680105606392221035e-02
1.683830822147200368e-01
9.037781949302650664e-02
1.046266033153563646e-01
2.279873841828215786e-02
3.282470995556836801e-02
2.112659772475783959e-01
7.976965314343498203e-02
1.316628413193479119e-01
5.060779728284511836e-02
5.423475910279294820e-02
1.360731561005594850e-02
8.328036197663397922e-02
2.287924985582863793e-02
9.113510596235199768e-02
1.631080053840801847e-01
4.131323657556687512e-02
7.558901097497257304e-02
3.581864860681951285e-02
5.748159071237034234e-02
1.154044107218390042e-01
1.318233371308482338e-01
8.714690087502734162e-02
9.012927548937028910e-02
9.158405357381324552e-02
6.366351060173482124e-02
1.466294711940476780e-01
6.736251634564878465e-02
1.129540818415613601e-01
3.320646529811228931e-02
4.689062015588811583e-02
7.731827922323317170e-02
1.224053384164779379e-01
9.481387084755828198e-02
6.246999942525311572e-02
3.066372147709008067e-02
6.590121746689463211e-02
7.929927822598295539e-02
1.862488451464538661e-02
2.385017884047689884e-01
4.913899974874001014e-02
1.621311018054252817e-01
1.229698980327733615e-01
1.390958634829027596e-01
5.218884283684757652e-02
1.489219222228485850e-01
2.098974903691170485e-02
4.643019155701075262e-02
8.141293908428967607e-02
1.393280230004618203e-01
1.117085618885113873e-01
4.919095957985431672e-02
1.957750921297033916e-02
3.907134822375961380e-02
3.276271478701484052e-02
1.182356867919989452e-01
2.243097528771331034e-02
1.051400384080634076e-01
1.725423451479797532e-01
8.399148252400331915e-02
1.785447635673257927e-01
1.124703430172932922e-01
1.617048766029144935e-01
8.423737831768117468e-02
6.453927684637109086e-02
6.954258234726926058e-02
8.172069878633610174e-02
1.216673042024885854e-01
7.615236229780054933e-02
1.818520049300976771e-01
4.060921408869393873e-02
1.664451321620816215e-01
6.701711334475772552e-02
4.753281069247604351e-02
8.778990662124801225e-02
6.845820136040621333e-03
5.048938992743903093e-02
1.447228240236141626e-02
1.011887102063948989e-02
1.177072308841650150e-01
1.253917259109199253e-02
9.848347980898332354e-02
8.933953758059572092e-02
2.484245343681469043e-01
9.184074969053607207e-02
1.825312667216144602e-01
4.502719108667962294e-02
1.085126664099784755e-01
1.824694032814136446e-01
3.293626480516130550e-02
3.368232966653217364e-02
4.747186030147065861e-02
1.507629753813694296e-01
1.039406924189369003e-01
1.330004713625557167e-01
6.501375986890363390e-02
1.030219482679400611e-01
1.863926462810394924e-01
1.359990897895939528e-02
1.575782769926551974e-01
9.906971292566249532e-02
6.627909495988677790e-02
6.680282197847847714e-02
9.658119135133717836e-02
4.217406135531898831e-02
6.320820860796227264e-03
1.716187262777119360e-01
8.337409034010939690e-02
1.108703122913324152e-01
1.421192662607196899e-01
8.589915207561304999e-02
2.978003870495510991e-02
9.077083964242299574e-02
4.674300557060541428e-02
1.282648617977195094e-01
1.348648334381710723e-01
9.551003690587128725e-02
3.465974345254650008e-02
1.366460820283638133e-01
2.709074870778888089e-02
8.441642675125239637e-02
6.387424121249209163e-02
3.750562893486392851e-02
1.130276700251634792e-01
1.331417645245228376e-01
8.657977514665830820e-02
2.202348015804796166e-02
7.562732177172490355e-02
7.146287249573506084e-02
5.545448743619695031e-02
4.149926895529396781e-02
1.251786760459748238e-01
4.328609897120592326e-02
4.687580850854436432e-02
1.070416776337309167e-01
1.346702592988578348e-02
7.990813769586663229e-02
1.684510317413176472e-01
1.082006434036517500e-01
9.918335126863339624e-02
5.353776844602218393e-02
1.172333762670494522e-01
8.826190851052949371e-02
5.356980212164363930e-02
1.813759850008067054e-01
1.970695952324311717e-01
3.402104743153682581e-02
4.684915872358971084e-02
9.412321268054880952e-02
3.271526088538961874e-02
1.459011073664415181e-01
1.253223058132980072e-01
4.688830311235425014e-02
5.685278178535449478e-02
1.134384683371083835e-01
7.305270860658265308e-02
1.105483155891348046e-01
1.437886267945995000e-01
9.687418585240673008e-02
8.273560477676177374e-03
7.767014804639045533e-02
7.775769965223931768e-02
1.175095545648936202e-01
9.131787314252173826e-02
1.619710020493779212e-01
2.007020918591115310e-01
1.106403424864666474e-01
4.711953733593816918e-02
1.029547676479613538e-01
4.548163647878968735e-02
8.029493545888624628e-02
3.307303158587043823e-02
1.617735350619936840e-01
6.636665649544531975e-02
1.703066229763705863e-01
6.611398736269537280e-02
1.698910656435659861e-01
1.247021635297284325e-01
1.064933501104825542e-01
1.235805326144507055e-01
8.763238215996625724e-02
1.453220028371548789e-01
8.330080215668163313e-02
8.611860296978432472e-02
5.251302128342860698e-02
7.578210839086667316e-02
1.600657760910653357e-02
1.173835440654917711e-01
1.035521421826794963e-01
7.420214414333588249e-02
4.856315296875069604e-02
7.524203607094344382e-02
1.178062197748606377e-01
1.019963491457563237e-01
7.343484366911043337e-02
1.621318470587120308e-01
3.073024164458030422e-02
5.285505836604210972e-02
7.519131015998181677e-02
1.080627088092246391e-01
1.042312899526585089e-02
8.360459777109019441e-02
1.033464994635039658e-01
7.579682615478278151e-02
4.635291904836582461e-02
2.146001119578332464e-02
2.894128576266609756e-02
9.313489509030178914e-02
9.371822581500457994e-02
5.043964443344982340e-02
1.035362502390032996e-01
1.069083561539616867e-01
6.358095977838772173e-02
3.987949242586818349e-02
2.017673411017952695e-02
1.051474191999159924e-01
3.011238768697306264e-02
6.896405295032341509e-02
3.942225283157286403e-02
5.921825004619679644e-02
8.092714823071359143e-02
4.974561475331767957e-02
9.509126434222354984e-02
6.898434480336812502e-02
6.217851185635637351e-02
4.643983177794924755e-02
2.913281709843785344e-02
3.284068607895920811e-02
2.444726512759926723e-02
1.153277075789100048e-01
2.612038558221259008e-02
4.623651245025763024e-02
7.657039424166751929e-02
1.476843390772737963e-01
8.656722119828490214e-02
1.751161103001668828e-01
7.295513119787075396e-02
1.050373793566788255e-01
1.539854845796248817e-01
3.534011811675045328e-02
6.583630820150236651e-02
3.892767786833227495e-02
1.638559145807806650e-01
6.670897029430662706e-02
3.402012161705712107e-02
1.082844284408316649e-01
7.882868334251337539e-02
6.511597643823706372e-02
1.392234536161993108e-01
3.756326351809696762e-02
1.532052973545945315e-02
1.455340764060275849e-01
1.308849868812191064e-01
7.279995857488970323e-02
1.466364063043217036e-01
7.628885075628680235e-02
1.012649433734191390e-01
2.677030911448075728e-02
9.472274130596861075e-02
9.004000060538318306e-02
1.005743740905990224e-01
1.412983763557510153e-01
1.152724035872909336e-01
3.562797537854797691e-02
4.688401545063273362e-02
1.280517834937357491e-01
8.997712132968516130e-02
4.386002738585666888e-02
2.562950514829005766e-02
1.490493485313535704e-01
3.376362500179203724e-02
6.074666807098375379e-03
3.541277849714324910e-02
1.151261917081448510e-01
1.683286738777201585e-01
1.086660905694318210e-02
5.400411884140279839e-02
5.352816330732552280e-02
3.182202952643461979e-02
9.202899470476376409e-02
1.131929544459198966e-01
1.080690603469725286e-01
1.440357710007138525e-01
1.994930105638468842e-01
1.768614568067492995e-02
1.325078553488715782e-01
2.254699009324567238e-01
3.115317190811297404e-02
8.065749763335369749e-02
1.042377847918529027e-01
6.213376946429658571e-02
2.015769545188217660e-01
6.811069605952822792e-02
1.174886444896537374e-01
1.796143545567737143e-01
6.297772453187917840e-02
1.173904495421445593e-01
4.592834773529961417e-02
5.286825336482605525e-02
1.082118896317948581e-01
6.645170015611809311e-02
3.658935573872521690e-02
6.537299740431369577e-02
1.606423792545311549e-02
8.970363795147377750e-02
1.389754634835161373e-01
9.491450340062239366e-02
6.696296716494870571e-02
8.952400386346501260e-02
1.492201046963305966e-01
2.158748151602095725e-02
8.918831583807851349e-02
1.330536573194887606e-01
1.423728238276631419e-01
7.512913876744949093e-02
1.444958652406527211e-01
6.196243652036218658e-02
9.023455940409355613e-02
2.622295767102656230e-02
8.318454213180052903e-02
1.292800003506920925e-01
6.240812011381457330e-02
3.856305672714366306e-02
7.069779869975943709e-02
8.426392684159157709e-02
1.033632184862964543e-01
7.617838589812785111e-02
1.207512932578878456e-01
4.105482916574201835e-02
1.248236851135946235e-01
2.777794153138546732e-02
2.480776182677687288e-03
9.855872210362348618e-02
