0.000000000000000000e+00
1.212962020855893917e-07
2.425924041711787833e-07
3.638886062567681750e-07
4.851848083423575667e-07
6.064810104279469583e-07
7.277772125135363500e-07
8.490734145991257417e-07
9.703696166847151333e-07
1.091665818770304419e-06
1.212962020855893917e-06
1.334258222941483414e-06
1.455554425027072700e-06
1.576850627112661986e-06
1.698146829198251483e-06
1.819443031283840981e-06
1.940739233369430267e-06
2.062035435455019552e-06
2.183331637540608838e-06
2.304627839626198548e-06
2.425924041711787833e-06
2.547220243797377119e-06
2.668516445882966828e-06
2.789812647968556114e-06
2.911108850054145400e-06
3.032405052139734686e-06
3.153701254225323972e-06
3.274997456310913681e-06
3.396293658396502967e-06
3.517589860482092252e-06
3.638886062567681962e-06
3.760182264653271248e-06
3.881478466738860533e-06
4.002774668824450243e-06
4.124070870910039105e-06
4.245367072995628814e-06
4.366663275081217676e-06
4.487959477166807386e-06
4.609255679252397095e-06
4.730551881337985957e-06
4.851848083423575667e-06
4.973144285509165376e-06
5.094440487594754238e-06
5.215736689680343948e-06
5.337032891765933657e-06
5.458329093851522519e-06
5.579625295937112228e-06
5.700921498022701091e-06
5.822217700108290800e-06
5.943513902193880509e-06
6.064810104279469372e-06
6.186106306365059081e-06
6.307402508450647943e-06
6.428698710536237652e-06
6.549994912621827362e-06
6.671291114707416224e-06
6.792587316793005933e-06
6.913883518878595643e-06
7.035179720964184505e-06
7.156475923049774214e-06
7.277772125135363923e-06
7.399068327220952786e-06
7.520364529306542495e-06
7.641660731392132204e-06
7.762956933477721067e-06
7.884253135563309929e-06
8.005549337648900485e-06
8.126845539734489347e-06
8.248141741820078210e-06
8.369437943905668766e-06
8.490734145991257628e-06
8.612030348076846491e-06
8.733326550162435353e-06
8.854622752248025909e-06
8.975918954333614772e-06
9.097215156419203634e-06
9.218511358504794190e-06
9.339807560590383052e-06
9.461103762675971915e-06
9.582399964761562471e-06
9.703696166847151333e-06
9.824992368932740196e-06
9.946288571018330752e-06
1.006758477310391961e-05
1.018888097518950848e-05
1.031017717727509903e-05
1.043147337936068790e-05
1.055276958144627676e-05
1.067406578353186731e-05
1.079536198561745618e-05
1.091665818770304504e-05
1.103795438978863390e-05
1.115925059187422446e-05
1.128054679395981332e-05
1.140184299604540218e-05
1.152313919813099274e-05
1.164443540021658160e-05
1.176573160230217046e-05
1.188702780438776102e-05
1.200832400647334988e-05
1.212962020855893874e-05
1.225091641064452930e-05
1.237221261273011816e-05
1.249350881481570702e-05
1.261480501690129589e-05
1.273610121898688644e-05
1.285739742107247530e-05
1.297869362315806417e-05
1.309998982524365472e-05
1.322128602732924359e-05
1.334258222941483245e-05
1.346387843150042300e-05
1.358517463358601187e-05
1.370647083567160073e-05
1.382776703775719129e-05
1.394906323984278015e-05
1.407035944192836901e-05
1.419165564401395957e-05
1.431295184609954843e-05
1.443424804818513729e-05
1.455554425027072785e-05
1.467684045235631671e-05
1.479813665444190557e-05
1.491943285652749443e-05
1.504072905861308499e-05
1.516202526069867385e-05
1.528332146278426441e-05
1.540461766486985327e-05
1.552591386695544213e-05
1.564721006904103100e-05
1.576850627112661986e-05
1.588980247321220872e-05
1.601109867529780097e-05
1.613239487738338983e-05
1.625369107946897869e-05
1.637498728155456756e-05
1.649628348364015642e-05
1.661757968572574528e-05
1.673887588781133753e-05
1.686017208989692639e-05
1.698146829198251526e-05
1.710276449406810412e-05
1.722406069615369298e-05
1.734535689823928184e-05
1.746665310032487071e-05
1.758794930241046296e-05
1.770924550449605182e-05
1.783054170658164068e-05
1.795183790866722954e-05
1.807313411075281841e-05
1.819443031283840727e-05
1.831572651492399952e-05
1.843702271700958838e-05
1.855831891909517724e-05
1.867961512118076610e-05
1.880091132326635497e-05
1.892220752535194383e-05
1.904350372743753608e-05
1.916479992952312494e-05
1.928609613160871380e-05
1.940739233369430267e-05
1.952868853577989153e-05
1.964998473786548039e-05
1.977128093995106925e-05
1.989257714203666150e-05
2.001387334412225037e-05
2.013516954620783923e-05
2.025646574829342809e-05
2.037776195037901695e-05
2.049905815246460582e-05
2.062035435455019807e-05
2.074165055663578693e-05
2.086294675872137579e-05
2.098424296080696465e-05
2.110553916289255351e-05
2.122683536497814238e-05
2.134813156706373463e-05
2.146942776914932349e-05
2.159072397123491235e-05
2.171202017332050121e-05
2.183331637540609008e-05
2.195461257749167894e-05
2.207590877957726780e-05
2.219720498166286005e-05
2.231850118374844891e-05
2.243979738583403778e-05
2.256109358791962664e-05
2.268238979000521550e-05
2.280368599209080436e-05
2.292498219417639661e-05
2.304627839626198548e-05
2.316757459834757434e-05
2.328887080043316320e-05
2.341016700251875206e-05
2.353146320460434092e-05
2.365275940668992979e-05
2.377405560877552204e-05
2.389535181086111090e-05
2.401664801294669976e-05
2.413794421503228862e-05
2.425924041711787749e-05
2.438053661920346635e-05
2.450183282128905860e-05
2.462312902337464746e-05
2.474442522546023632e-05
2.486572142754582519e-05
2.498701762963141405e-05
2.510831383171700291e-05
2.522961003380259177e-05
2.535090623588818402e-05
2.547220243797377289e-05
2.559349864005936175e-05
2.571479484214495061e-05
2.583609104423053947e-05
2.595738724631612833e-05
2.607868344840172058e-05
2.619997965048730945e-05
2.632127585257289831e-05
2.644257205465848717e-05
2.656386825674407603e-05
2.668516445882966490e-05
2.680646066091525715e-05
2.692775686300084601e-05
2.704905306508643487e-05
2.717034926717202373e-05
2.729164546925761260e-05
2.741294167134320146e-05
2.753423787342879032e-05
2.765553407551438257e-05
2.777683027759997143e-05
2.789812647968556029e-05
2.801942268177114916e-05
2.814071888385673802e-05
2.826201508594232688e-05
2.838331128802791913e-05
2.850460749011350799e-05
2.862590369219909686e-05
2.874719989428468572e-05
2.886849609637027458e-05
2.898979229845586344e-05
2.911108850054145569e-05
2.923238470262704456e-05
2.935368090471263342e-05
2.947497710679822228e-05
2.959627330888381114e-05
2.971756951096940001e-05
2.983886571305498887e-05
2.996016191514058112e-05
3.008145811722616998e-05
3.020275431931175884e-05
3.032405052139734770e-05
3.044534672348293657e-05
3.056664292556852882e-05
3.068793912765411429e-05
3.080923532973970654e-05
3.093053153182529202e-05
3.105182773391088427e-05
3.117312393599647652e-05
3.129442013808206199e-05
3.141571634016765424e-05
3.153701254225323972e-05
3.165830874433883197e-05
3.177960494642441744e-05
3.190090114851000969e-05
3.202219735059560194e-05
3.214349355268118741e-05
3.226478975476677967e-05
3.238608595685236514e-05
3.250738215893795739e-05
3.262867836102354964e-05
3.274997456310913511e-05
3.287127076519472736e-05
3.299256696728031284e-05
3.311386316936590509e-05
3.323515937145149056e-05
3.335645557353708281e-05
3.347775177562267506e-05
3.359904797770826054e-05
3.372034417979385279e-05
3.384164038187943826e-05
3.396293658396503051e-05
3.408423278605061599e-05
3.420552898813620824e-05
3.432682519022180049e-05
3.444812139230738596e-05
3.456941759439297821e-05
3.469071379647856369e-05
3.481200999856415594e-05
3.493330620064974141e-05
3.505460240273533366e-05
3.517589860482092591e-05
3.529719480690651139e-05
3.541849100899210364e-05
3.553978721107768911e-05
3.566108341316328136e-05
3.578237961524887361e-05
3.590367581733445909e-05
3.602497201942005134e-05
3.614626822150563681e-05
3.626756442359122906e-05
3.638886062567681454e-05
3.651015682776240679e-05
3.663145302984799904e-05
3.675274923193358451e-05
3.687404543401917676e-05
3.699534163610476223e-05
3.711663783819035448e-05
3.723793404027593996e-05
3.735923024236153221e-05
3.748052644444712446e-05
3.760182264653270993e-05
3.772311884861830218e-05
3.784441505070388766e-05
3.796571125278947991e-05
3.808700745487507216e-05
3.820830365696065763e-05
3.832959985904624988e-05
3.845089606113183536e-05
3.857219226321742761e-05
3.869348846530301308e-05
3.881478466738860533e-05
3.893608086947419758e-05
3.905737707155978306e-05
3.917867327364537531e-05
3.929996947573096078e-05
3.942126567781655303e-05
3.954256187990213851e-05
3.966385808198773076e-05
3.978515428407332301e-05
3.990645048615890848e-05
4.002774668824450073e-05
4.014904289033008621e-05
4.027033909241567846e-05
4.039163529450127071e-05
4.051293149658685618e-05
4.063422769867244843e-05
4.075552390075803391e-05
4.087682010284362616e-05
4.099811630492921163e-05
4.111941250701480388e-05
4.124070870910039613e-05
4.136200491118598161e-05
4.148330111327157386e-05
4.160459731535715933e-05
4.172589351744275158e-05
4.184718971952833705e-05
4.196848592161392930e-05
4.208978212369952155e-05
4.221107832578510703e-05
4.233237452787069928e-05
4.245367072995628475e-05
4.257496693204187700e-05
4.269626313412746925e-05
4.281755933621305473e-05
4.293885553829864698e-05
4.306015174038423245e-05
4.318144794246982470e-05
4.330274414455541018e-05
4.342404034664100243e-05
4.354533654872659468e-05
4.366663275081218015e-05
4.378792895289777240e-05
4.390922515498335788e-05
4.403052135706895013e-05
4.415181755915453560e-05
4.427311376124012785e-05
4.439440996332572010e-05
4.451570616541130558e-05
4.463700236749689783e-05
4.475829856958248330e-05
4.487959477166807555e-05
4.500089097375366103e-05
4.512218717583925328e-05
4.524348337792484553e-05
4.536477958001043100e-05
4.548607578209602325e-05
4.560737198418160873e-05
4.572866818626720098e-05
4.584996438835279323e-05
4.597126059043837870e-05
4.609255679252397095e-05
4.621385299460955642e-05
4.633514919669514868e-05
4.645644539878073415e-05
4.657774160086632640e-05
4.669903780295191865e-05
4.682033400503750412e-05
4.694163020712309637e-05
4.706292640920868185e-05
4.718422261129427410e-05
4.730551881337985957e-05
4.742681501546545182e-05
4.754811121755104407e-05
4.766940741963662955e-05
4.779070362172222180e-05
4.791199982380780727e-05
4.803329602589339952e-05
4.815459222797899177e-05
4.827588843006457725e-05
4.839718463215016950e-05
4.851848083423575497e-05
4.863977703632134722e-05
4.876107323840693270e-05
4.888236944049252495e-05
4.900366564257811720e-05
4.912496184466370267e-05
4.924625804674929492e-05
4.936755424883488040e-05
4.948885045092047265e-05
4.961014665300605812e-05
4.973144285509165037e-05
4.985273905717724262e-05
4.997403525926282810e-05
5.009533146134842035e-05
5.021662766343400582e-05
5.033792386551959807e-05
5.045922006760518354e-05
5.058051626969077580e-05
5.070181247177636805e-05
5.082310867386195352e-05
5.094440487594754577e-05
5.106570107803313124e-05
5.118699728011872349e-05
5.130829348220431575e-05
5.142958968428990122e-05
5.155088588637549347e-05
5.167218208846107894e-05
5.179347829054667119e-05
5.191477449263225667e-05
5.203607069471784892e-05
5.215736689680344117e-05
5.227866309888902664e-05
5.239995930097461889e-05
5.252125550306020437e-05
5.264255170514579662e-05
5.276384790723138209e-05
5.288514410931697434e-05
5.300644031140256659e-05
5.312773651348815207e-05
5.324903271557374432e-05
5.337032891765932979e-05
5.349162511974492204e-05
5.361292132183051429e-05
5.373421752391609977e-05
5.385551372600169202e-05
5.397680992808727749e-05
5.409810613017286974e-05
5.421940233225845522e-05
5.434069853434404747e-05
5.446199473642963972e-05
5.458329093851522519e-05
5.470458714060081744e-05
5.482588334268640292e-05
5.494717954477199517e-05
5.506847574685758064e-05
5.518977194894317289e-05
5.531106815102876514e-05
5.543236435311435061e-05
5.555366055519994287e-05
5.567495675728552834e-05
5.579625295937112059e-05
5.591754916145671284e-05
5.603884536354229831e-05
5.616014156562789056e-05
5.628143776771347604e-05
5.640273396979906829e-05
5.652403017188465376e-05
5.664532637397024601e-05
5.676662257605583826e-05
5.688791877814142374e-05
5.700921498022701599e-05
5.713051118231260146e-05
5.725180738439819371e-05
5.737310358648377919e-05
5.749439978856937144e-05
5.761569599065496369e-05
5.773699219274054916e-05
5.785828839482614141e-05
5.797958459691172689e-05
5.810088079899731914e-05
5.822217700108291139e-05
5.834347320316849686e-05
5.846476940525408911e-05
5.858606560733967459e-05
5.870736180942526684e-05
5.882865801151085231e-05
5.894995421359644456e-05
5.907125041568203681e-05
5.919254661776762229e-05
5.931384281985321454e-05
5.943513902193880001e-05
5.955643522402439226e-05
5.967773142610997773e-05
5.979902762819556999e-05
5.992032383028116224e-05
6.004162003236674771e-05
6.016291623445233996e-05
6.028421243653792543e-05
6.040550863862351768e-05
6.052680484070910316e-05
6.064810104279469541e-05
6.076939724488028766e-05
6.089069344696587313e-05
6.101198964905146538e-05
6.113328585113705763e-05
6.125458205322264311e-05
6.137587825530822858e-05
6.149717445739382761e-05
6.161847065947941308e-05
6.173976686156499856e-05
6.186106306365058403e-05
6.198235926573618306e-05
6.210365546782176853e-05
6.222495166990735401e-05
6.234624787199295303e-05
6.246754407407853851e-05
6.258884027616412398e-05
6.271013647824970946e-05
6.283143268033530848e-05
6.295272888242089396e-05
6.307402508450647943e-05
6.319532128659207846e-05
6.331661748867766393e-05
6.343791369076324941e-05
6.355920989284883488e-05
6.368050609493443391e-05
6.380180229702001938e-05
6.392309849910560486e-05
6.404439470119120388e-05
6.416569090327678936e-05
6.428698710536237483e-05
6.440828330744796030e-05
6.452957950953355933e-05
6.465087571161914480e-05
6.477217191370473028e-05
6.489346811579032931e-05
6.501476431787591478e-05
6.513606051996150025e-05
6.525735672204709928e-05
6.537865292413268475e-05
6.549994912621827023e-05
6.562124532830385570e-05
6.574254153038945473e-05
6.586383773247504020e-05
6.598513393456062568e-05
6.610643013664622470e-05
6.622772633873181018e-05
6.634902254081739565e-05
6.647031874290298113e-05
6.659161494498858015e-05
6.671291114707416563e-05
6.683420734915975110e-05
6.695550355124535013e-05
6.707679975333093560e-05
6.719809595541652108e-05
6.731939215750210655e-05
6.744068835958770558e-05
6.756198456167329105e-05
6.768328076375887653e-05
6.780457696584447555e-05
6.792587316793006103e-05
6.804716937001564650e-05
6.816846557210123198e-05
6.828976177418683100e-05
6.841105797627241648e-05
6.853235417835800195e-05
6.865365038044360098e-05
6.877494658252918645e-05
6.889624278461477193e-05
6.901753898670035740e-05
6.913883518878595643e-05
6.926013139087154190e-05
6.938142759295712737e-05
6.950272379504272640e-05
6.962401999712831187e-05
6.974531619921389735e-05
6.986661240129948282e-05
6.998790860338508185e-05
7.010920480547066732e-05
7.023050100755625280e-05
7.035179720964185182e-05
7.047309341172743730e-05
7.059438961381302277e-05
7.071568581589862180e-05
7.083698201798420727e-05
7.095827822006979275e-05
7.107957442215537822e-05
7.120087062424097725e-05
7.132216682632656272e-05
7.144346302841214820e-05
7.156475923049774722e-05
7.168605543258333270e-05
7.180735163466891817e-05
7.192864783675450365e-05
7.204994403884010267e-05
7.217124024092568815e-05
7.229253644301127362e-05
7.241383264509687265e-05
7.253512884718245812e-05
7.265642504926804360e-05
7.277772125135362907e-05
7.289901745343922810e-05
7.302031365552481357e-05
7.314160985761039905e-05
7.326290605969599807e-05
7.338420226178158355e-05
7.350549846386716902e-05
7.362679466595275449e-05
7.374809086803835352e-05
7.386938707012393900e-05
7.399068327220952447e-05
7.411197947429512350e-05
7.423327567638070897e-05
7.435457187846629444e-05
7.447586808055187992e-05
7.459716428263747894e-05
7.471846048472306442e-05
7.483975668680864989e-05
7.496105288889424892e-05
7.508234909097983439e-05
7.520364529306541987e-05
7.532494149515101889e-05
7.544623769723660437e-05
7.556753389932218984e-05
7.568883010140777532e-05
7.581012630349337434e-05
7.593142250557895982e-05
7.605271870766454529e-05
7.617401490975014432e-05
7.629531111183572979e-05
7.641660731392131527e-05
7.653790351600690074e-05
7.665919971809249977e-05
7.678049592017808524e-05
7.690179212226367072e-05
7.702308832434926974e-05
7.714438452643485522e-05
7.726568072852044069e-05
7.738697693060602617e-05
7.750827313269162519e-05
7.762956933477721067e-05
7.775086553686279614e-05
7.787216173894839517e-05
7.799345794103398064e-05
7.811475414311956612e-05
7.823605034520515159e-05
7.835734654729075062e-05
7.847864274937633609e-05
7.859993895146192156e-05
7.872123515354752059e-05
7.884253135563310606e-05
7.896382755771869154e-05
7.908512375980427701e-05
7.920641996188987604e-05
7.932771616397546151e-05
7.944901236606104699e-05
7.957030856814664601e-05
7.969160477023223149e-05
7.981290097231781696e-05
7.993419717440340244e-05
8.005549337648900146e-05
8.017678957857458694e-05
8.029808578066017241e-05
8.041938198274577144e-05
8.054067818483135691e-05
8.066197438691694239e-05
8.078327058900254141e-05
8.090456679108812689e-05
8.102586299317371236e-05
8.114715919525929784e-05
8.126845539734489686e-05
8.138975159943048234e-05
8.151104780151606781e-05
8.163234400360166684e-05
8.175364020568725231e-05
8.187493640777283779e-05
8.199623260985842326e-05
8.211752881194402229e-05
8.223882501402960776e-05
8.236012121611519324e-05
8.248141741820079226e-05
8.260271362028637774e-05
8.272400982237196321e-05
8.284530602445754868e-05
8.296660222654314771e-05
8.308789842862873319e-05
8.320919463071431866e-05
8.333049083279991769e-05
8.345178703488550316e-05
8.357308323697108863e-05
8.369437943905667411e-05
8.381567564114227313e-05
8.393697184322785861e-05
8.405826804531344408e-05
8.417956424739904311e-05
8.430086044948462858e-05
8.442215665157021406e-05
8.454345285365579953e-05
8.466474905574139856e-05
8.478604525782698403e-05
8.490734145991256951e-05
8.502863766199816853e-05
8.514993386408375401e-05
8.527123006616933948e-05
8.539252626825493851e-05
8.551382247034052398e-05
8.563511867242610946e-05
8.575641487451169493e-05
8.587771107659729396e-05
8.599900727868287943e-05
8.612030348076846491e-05
8.624159968285406393e-05
8.636289588493964941e-05
8.648419208702523488e-05
8.660548828911082036e-05
8.672678449119641938e-05
8.684808069328200486e-05
8.696937689536759033e-05
8.709067309745318936e-05
8.721196929953877483e-05
8.733326550162436031e-05
8.745456170370994578e-05
8.757585790579554481e-05
8.769715410788113028e-05
8.781845030996671575e-05
8.793974651205231478e-05
8.806104271413790026e-05
8.818233891622348573e-05
8.830363511830907120e-05
8.842493132039467023e-05
8.854622752248025570e-05
8.866752372456584118e-05
8.878881992665144020e-05
8.891011612873702568e-05
8.903141233082261115e-05
8.915270853290819663e-05
8.927400473499379565e-05
8.939530093707938113e-05
8.951659713916496660e-05
8.963789334125056563e-05
8.975918954333615110e-05
8.988048574542173658e-05
9.000178194750732205e-05
9.012307814959292108e-05
9.024437435167850655e-05
9.036567055376409203e-05
9.048696675584969105e-05
9.060826295793527653e-05
9.072955916002086200e-05
9.085085536210646103e-05
9.097215156419204650e-05
9.109344776627763198e-05
9.121474396836321745e-05
9.133604017044881648e-05
9.145733637253440195e-05
9.157863257461998743e-05
9.169992877670558645e-05
9.182122497879117193e-05
9.194252118087675740e-05
9.206381738296234287e-05
9.218511358504794190e-05
9.230640978713352738e-05
9.242770598921911285e-05
9.254900219130471188e-05
9.267029839339029735e-05
9.279159459547588282e-05
9.291289079756146830e-05
9.303418699964706733e-05
9.315548320173265280e-05
9.327677940381823827e-05
9.339807560590383730e-05
9.351937180798942277e-05
9.364066801007500825e-05
9.376196421216059372e-05
9.388326041424619275e-05
9.400455661633177822e-05
9.412585281841736370e-05
9.424714902050296272e-05
9.436844522258854820e-05
9.448974142467413367e-05
9.461103762675971915e-05
9.473233382884531817e-05
9.485363003093090365e-05
9.497492623301648912e-05
9.509622243510208815e-05
9.521751863718767362e-05
9.533881483927325910e-05
9.546011104135884457e-05
9.558140724344444360e-05
9.570270344553002907e-05
9.582399964761561455e-05
9.594529584970121357e-05
9.606659205178679905e-05
9.618788825387238452e-05
9.630918445595798355e-05
9.643048065804356902e-05
9.655177686012915450e-05
9.667307306221473997e-05
9.679436926430033900e-05
9.691566546638592447e-05
9.703696166847150994e-05
9.715825787055710897e-05
9.727955407264269445e-05
9.740085027472827992e-05
9.752214647681386539e-05
9.764344267889946442e-05
9.776473888098504989e-05
9.788603508307063537e-05
9.800733128515623440e-05
9.812862748724181987e-05
9.824992368932740534e-05
9.837121989141299082e-05
9.849251609349858984e-05
9.861381229558417532e-05
9.873510849766976079e-05
9.885640469975535982e-05
9.897770090184094529e-05
9.909899710392653077e-05
9.922029330601211624e-05
9.934158950809771527e-05
9.946288571018330074e-05
9.958418191226888622e-05
9.970547811435448524e-05
9.982677431644007072e-05
9.994807051852565619e-05
1.000693667206112417e-04
1.001906629226968407e-04
1.003119591247824262e-04
1.004332553268680116e-04
1.005545515289536107e-04
1.006758477310391961e-04
1.007971439331247816e-04
1.009184401352103671e-04
1.010397363372959661e-04
1.011610325393815516e-04
1.012823287414671371e-04
1.014036249435527361e-04
1.015249211456383216e-04
1.016462173477239070e-04
1.017675135498095061e-04
1.018888097518950915e-04
1.020101059539806770e-04
1.021314021560662625e-04
1.022526983581518615e-04
1.023739945602374470e-04
1.024952907623230325e-04
1.026165869644086315e-04
1.027378831664942170e-04
1.028591793685798024e-04
1.029804755706653879e-04
1.031017717727509869e-04
1.032230679748365724e-04
1.033443641769221579e-04
1.034656603790077569e-04
1.035869565810933424e-04
1.037082527831789279e-04
1.038295489852645133e-04
1.039508451873501124e-04
1.040721413894356978e-04
1.041934375915212833e-04
1.043147337936068823e-04
1.044360299956924678e-04
1.045573261977780533e-04
1.046786223998636388e-04
1.047999186019492378e-04
1.049212148040348233e-04
1.050425110061204087e-04
1.051638072082060078e-04
1.052851034102915932e-04
1.054063996123771787e-04
1.055276958144627642e-04
1.056489920165483632e-04
1.057702882186339487e-04
1.058915844207195342e-04
1.060128806228051332e-04
1.061341768248907187e-04
1.062554730269763041e-04
1.063767692290619032e-04
1.064980654311474886e-04
1.066193616332330741e-04
1.067406578353186596e-04
1.068619540374042586e-04
1.069832502394898441e-04
1.071045464415754296e-04
1.072258426436610286e-04
1.073471388457466141e-04
1.074684350478321995e-04
1.075897312499177850e-04
1.077110274520033840e-04
1.078323236540889695e-04
1.079536198561745550e-04
1.080749160582601540e-04
1.081962122603457395e-04
1.083175084624313250e-04
1.084388046645169104e-04
1.085601008666025095e-04
1.086813970686880949e-04
1.088026932707736804e-04
1.089239894728592794e-04
1.090452856749448649e-04
1.091665818770304504e-04
1.092878780791160359e-04
1.094091742812016349e-04
1.095304704832872204e-04
1.096517666853728058e-04
1.097730628874584049e-04
1.098943590895439903e-04
1.100156552916295758e-04
1.101369514937151613e-04
1.102582476958007603e-04
1.103795438978863458e-04
1.105008400999719313e-04
1.106221363020575303e-04
1.107434325041431158e-04
1.108647287062287012e-04
1.109860249083142867e-04
1.111073211103998857e-04
1.112286173124854712e-04
1.113499135145710567e-04
1.114712097166566557e-04
1.115925059187422412e-04
1.117138021208278267e-04
1.118350983229134257e-04
1.119563945249990112e-04
1.120776907270845966e-04
1.121989869291701821e-04
1.123202831312557811e-04
1.124415793333413666e-04
1.125628755354269521e-04
1.126841717375125511e-04
1.128054679395981366e-04
1.129267641416837221e-04
1.130480603437693075e-04
1.131693565458549066e-04
1.132906527479404920e-04
1.134119489500260775e-04
1.135332451521116765e-04
1.136545413541972620e-04
1.137758375562828475e-04
1.138971337583684330e-04
1.140184299604540320e-04
1.141397261625396175e-04
1.142610223646252029e-04
1.143823185667108020e-04
1.145036147687963874e-04
1.146249109708819729e-04
1.147462071729675584e-04
1.148675033750531574e-04
1.149887995771387429e-04
1.151100957792243283e-04
1.152313919813099274e-04
1.153526881833955129e-04
1.154739843854810983e-04
1.155952805875666838e-04
1.157165767896522828e-04
1.158378729917378683e-04
1.159591691938234538e-04
1.160804653959090528e-04
1.162017615979946383e-04
1.163230578000802237e-04
1.164443540021658228e-04
1.165656502042514082e-04
1.166869464063369937e-04
1.168082426084225792e-04
1.169295388105081782e-04
1.170508350125937637e-04
1.171721312146793492e-04
1.172934274167649482e-04
1.174147236188505337e-04
1.175360198209361191e-04
1.176573160230217046e-04
1.177786122251073036e-04
1.178999084271928891e-04
1.180212046292784746e-04
1.181425008313640736e-04
1.182637970334496591e-04
1.183850932355352446e-04
1.185063894376208300e-04
1.186276856397064291e-04
1.187489818417920145e-04
1.188702780438776000e-04
1.189915742459631990e-04
1.191128704480487845e-04
1.192341666501343700e-04
1.193554628522199555e-04
1.194767590543055545e-04
1.195980552563911400e-04
1.197193514584767254e-04
1.198406476605623245e-04
1.199619438626479099e-04
1.200832400647334954e-04
1.202045362668190809e-04
1.203258324689046799e-04
1.204471286709902654e-04
1.205684248730758509e-04
1.206897210751614499e-04
1.208110172772470354e-04
1.209323134793326208e-04
1.210536096814182063e-04
1.211749058835038053e-04
1.212962020855893908e-04
1.214174982876749763e-04
1.215387944897605753e-04
1.216600906918461608e-04
1.217813868939317463e-04
1.219026830960173453e-04
1.220239792981029308e-04
1.221452755001885162e-04
1.222665717022741153e-04
1.223878679043596872e-04
1.225091641064452862e-04
1.226304603085308852e-04
1.227517565106164572e-04
1.228730527127020562e-04
1.229943489147876552e-04
1.231156451168732271e-04
1.232369413189588262e-04
1.233582375210443981e-04
1.234795337231299971e-04
1.236008299252155961e-04
1.237221261273011681e-04
1.238434223293867671e-04
1.239647185314723661e-04
1.240860147335579380e-04
1.242073109356435371e-04
1.243286071377291361e-04
1.244499033398147080e-04
1.245711995419003070e-04
1.246924957439859061e-04
1.248137919460714780e-04
1.249350881481570770e-04
1.250563843502426760e-04
1.251776805523282480e-04
1.252989767544138470e-04
1.254202729564994189e-04
1.255415691585850179e-04
1.256628653606706170e-04
1.257841615627561889e-04
1.259054577648417879e-04
1.260267539669273869e-04
1.261480501690129589e-04
1.262693463710985579e-04
1.263906425731841569e-04
1.265119387752697288e-04
1.266332349773553279e-04
1.267545311794409269e-04
1.268758273815264988e-04
1.269971235836120978e-04
1.271184197856976698e-04
1.272397159877832688e-04
1.273610121898688678e-04
1.274823083919544397e-04
1.276036045940400388e-04
1.277249007961256378e-04
1.278461969982112097e-04
1.279674932002968087e-04
1.280887894023824078e-04
1.282100856044679797e-04
1.283313818065535787e-04
1.284526780086391777e-04
1.285739742107247497e-04
1.286952704128103487e-04
1.288165666148959206e-04
1.289378628169815196e-04
1.290591590190671187e-04
1.291804552211526906e-04
1.293017514232382896e-04
1.294230476253238886e-04
1.295443438274094606e-04
1.296656400294950596e-04
1.297869362315806586e-04
1.299082324336662305e-04
1.300295286357518296e-04
1.301508248378374286e-04
1.302721210399230005e-04
1.303934172420085995e-04
1.305147134440941986e-04
1.306360096461797705e-04
1.307573058482653695e-04
1.308786020503509414e-04
1.309998982524365405e-04
1.311211944545221395e-04
1.312424906566077114e-04
1.313637868586933104e-04
1.314850830607789095e-04
1.316063792628644814e-04
1.317276754649500804e-04
1.318489716670356794e-04
1.319702678691212514e-04
1.320915640712068504e-04
1.322128602732924494e-04
1.323341564753780213e-04
1.324554526774636204e-04
1.325767488795491923e-04
1.326980450816347913e-04
1.328193412837203903e-04
1.329406374858059623e-04
1.330619336878915613e-04
1.331832298899771603e-04
1.333045260920627322e-04
1.334258222941483313e-04
1.335471184962339303e-04
1.336684146983195022e-04
1.337897109004051012e-04
1.339110071024907003e-04
1.340323033045762722e-04
1.341535995066618712e-04
1.342748957087474431e-04
1.343961919108330422e-04
1.345174881129186412e-04
1.346387843150042131e-04
1.347600805170898121e-04
1.348813767191754112e-04
1.350026729212609831e-04
1.351239691233465821e-04
1.352452653254321811e-04
1.353665615275177531e-04
1.354878577296033521e-04
1.356091539316889511e-04
1.357304501337745230e-04
1.358517463358601221e-04
1.359730425379457211e-04
1.360943387400312930e-04
1.362156349421168920e-04
1.363369311442024640e-04
1.364582273462880630e-04
1.365795235483736620e-04
1.367008197504592339e-04
1.368221159525448330e-04
1.369434121546304320e-04
1.370647083567160039e-04
1.371860045588016029e-04
1.373073007608872020e-04
1.374285969629727739e-04
1.375498931650583729e-04
1.376711893671439719e-04
1.377924855692295439e-04
1.379137817713151429e-04
1.380350779734007148e-04
1.381563741754863138e-04
1.382776703775719129e-04
1.383989665796574848e-04
1.385202627817430838e-04
1.386415589838286828e-04
1.387628551859142547e-04
1.388841513879998538e-04
1.390054475900854528e-04
1.391267437921710247e-04
1.392480399942566237e-04
1.393693361963422228e-04
1.394906323984277947e-04
1.396119286005133937e-04
1.397332248025989656e-04
1.398545210046845647e-04
1.399758172067701637e-04
1.400971134088557356e-04
1.402184096109413346e-04
1.403397058130269337e-04
1.404610020151125056e-04
1.405822982171981046e-04
1.407035944192837036e-04
1.408248906213692756e-04
1.409461868234548746e-04
1.410674830255404736e-04
1.411887792276260455e-04
1.413100754297116446e-04
1.414313716317972436e-04
1.415526678338828155e-04
1.416739640359684145e-04
1.417952602380539865e-04
1.419165564401395855e-04
1.420378526422251845e-04
1.421591488443107564e-04
1.422804450463963555e-04
1.424017412484819545e-04
1.425230374505675264e-04
1.426443336526531254e-04
1.427656298547387245e-04
1.428869260568242964e-04
1.430082222589098954e-04
1.431295184609954944e-04
1.432508146630810664e-04
1.433721108651666654e-04
1.434934070672522373e-04
1.436147032693378363e-04
1.437359994714234354e-04
1.438572956735090073e-04
1.439785918755946063e-04
1.440998880776802053e-04
1.442211842797657773e-04
1.443424804818513763e-04
1.444637766839369753e-04
1.445850728860225472e-04
1.447063690881081463e-04
1.448276652901937453e-04
1.449489614922793172e-04
1.450702576943649162e-04
1.451915538964505153e-04
1.453128500985360872e-04
1.454341463006216862e-04
1.455554425027072581e-04
1.456767387047928572e-04
1.457980349068784562e-04
1.459193311089640281e-04
1.460406273110496271e-04
1.461619235131352262e-04
1.462832197152207981e-04
1.464045159173063971e-04
1.465258121193919961e-04
1.466471083214775681e-04
1.467684045235631671e-04
1.468897007256487661e-04
1.470109969277343380e-04
1.471322931298199371e-04
1.472535893319055090e-04
1.473748855339911080e-04
1.474961817360767070e-04
1.476174779381622790e-04
1.477387741402478780e-04
1.478600703423334770e-04
1.479813665444190489e-04
1.481026627465046480e-04
1.482239589485902470e-04
1.483452551506758189e-04
1.484665513527614179e-04
1.485878475548470170e-04
1.487091437569325889e-04
1.488304399590181879e-04
1.489517361611037598e-04
1.490730323631893589e-04
1.491943285652749579e-04
1.493156247673605298e-04
1.494369209694461288e-04
1.495582171715317279e-04
1.496795133736172998e-04
1.498008095757028988e-04
1.499221057777884978e-04
1.500434019798740698e-04
1.501646981819596688e-04
1.502859943840452678e-04
1.504072905861308397e-04
1.505285867882164388e-04
1.506498829903020378e-04
1.507711791923876097e-04
1.508924753944732087e-04
1.510137715965587807e-04
1.511350677986443797e-04
1.512563640007299787e-04
1.513776602028155506e-04
1.514989564049011497e-04
1.516202526069867487e-04
