1.831032528472313625e-02
7.939281759727420673e-02
6.291285342268650160e-02
1.352220860799850655e-01
4.346841873494898534e-02
1.043585242883393466e-01
1.662189556106985489e-01
1.236821328493375172e-01
3.283660452300717764e-02
8.254816462583550174e-02
1.649433393995897723e-01
8.570273407935101451e-02
1.286918372802647037e-01
7.916991165830922217e-02
1.041069995524545877e-01
2.070286075240846888e-02
2.288231109585580139e-02
6.799651269987370961e-02
3.497835752887996918e-02
6.761315673576578922e-02
1.078932639207900307e-01
7.672564702281341187e-02
7.221458188011047052e-02
1.331374698583530636e-01
6.800280544430527263e-02
1.095916077294589383e-02
1.024236590148336762e-01
1.331752698447853933e-01
2.809770676307948509e-02
6.463071868416578325e-02
1.001263920965815707e-01
1.898125074441425753e-01
4.893037885349986460e-02
8.249506859989542973e-02
4.513891667539192409e-02
1.084284475793961533e-01
9.807907339889725129e-02
1.042749927921750308e-01
5.158411104104911743e-02
5.200020360211277115e-02
8.053042039914706796e-02
8.700037252458706072e-02
2.626021459839694358e-02
3.949087907435629152e-02
3.331041091220018208e-02
1.839942772166651974e-01
5.917189402389853164e-02
9.292854479821832658e-02
9.202492535683204355e-02
3.366543312781501707e-02
1.684611123928560772e-01
1.196014755561173315e-01
6.583639265555664422e-02
1.735754654201561165e-01
1.189547170621054473e-01
4.103783955530408700e-02
7.092411023804835735e-02
3.262684296411984958e-02
7.429407874217486274e-02
8.877892862155700726e-02
1.297546556407126461e-01
1.087470999149511980e-01
1.509960477577438620e-01
6.969348030775929237e-02
1.143166929446380181e-01
1.953120659919357349e-01
4.701350269483436928e-02
5.647826413367635495e-02
7.695926876483188961e-02
5.000315073829425527e-02
8.076074144147273037e-02
8.567315657394052042e-02
1.431025071065817333e-01
1.087938124215743901e-01
7.750123428162787598e-02
1.924149413654744900e-01
7.242651783648673680e-02
8.223265872557791734e-02
7.502499684073901665e-02
3.569656413042905652e-02
1.309775084891900976e-01
1.665660295068258079e-01
1.072917328731363001e-01
1.264406857042778554e-01
5.000873422821412034e-02
6.141658964087286232e-02
1.718849731559621286e-01
4.749406388600370399e-02
5.368783685050105420e-02
1.146713093516334853e-01
1.752094862327118197e-01
1.702825563819092003e-01
3.280203292886557653e-02
1.217670456835203835e-01
1.616173665453103925e-01
1.359727525949465388e-01
1.409254167950797498e-01
1.655875657659116040e-01
3.986082468723745054e-02
3.632915164944443276e-02
7.967518489965816353e-02
7.345368012958311543e-02
1.163495505390974710e-01
7.503039788837150004e-02
5.506808424929790502e-02
8.438048093216098111e-02
1.034436886882630219e-01
1.211470208686779571e-01
1.435919318454542959e-01
3.992825347530806757e-02
1.959550363389727934e-01
5.281703164266588618e-02
1.523386628157694100e-01
4.640959667493523011e-02
1.183867549717805973e-01
1.222446816010425846e-02
1.443395368581694704e-01
5.330153867309279925e-02
5.213827691303284800e-02
3.599118334440320338e-02
1.053913931537058396e-01
1.060005236142206320e-01
6.430042612519849821e-02
4.392955015857125979e-03
8.847205778035342749e-02
1.820852584589181533e-01
3.323301621816517060e-02
4.876171157502812159e-02
3.133416633345948582e-02
1.113821853257434269e-01
4.227750867513134503e-02
2.766057701131579422e-02
6.710477135225965950e-02
3.998825433450221151e-02
3.708608396260949791e-02
1.166955296131685360e-01
1.993949693560301828e-01
1.532170577695010083e-01
3.487605779226932851e-02
6.826711590324918699e-02
9.038794936033499317e-02
9.385802800694321990e-02
1.360687500500019909e-01
1.207078927994160722e-01
1.388068627394013765e-01
1.736608062721274048e-01
1.483649663480578751e-01
6.083519279104131205e-02
5.792385086521519011e-02
5.858985169820037087e-02
1.164370290397249985e-01
5.108737961530620403e-02
9.299276500209788243e-02
1.399965882710007270e-01
8.458790024744754221e-02
1.624545138736047667e-01
1.174232397931528338e-01
6.372917327475105531e-02
4.877100168554840409e-02
2.118777360468160897e-01
1.195682655919057813e-01
1.137216283394727745e-01
7.176581013005933762e-02
7.002897333682352177e-02
2.402941635416837585e-01
1.399755249613910124e-01
1.418514977813781219e-01
1.274822223664944520e-01
9.918584307196111338e-02
7.610147044285650586e-02
2.473595296996216816e-02
1.021574953062993341e-01
1.008426761728977022e-01
9.978290036477875657e-02
4.706389007588151346e-02
5.250146883110309165e-02
1.315688254341483739e-02
7.711271366606986533e-02
8.761348481522776566e-02
1.752993921555596746e-01
5.561307961026366181e-02
1.092772400666907340e-01
1.218116194760573423e-01
8.541492301498845863e-02
6.685297914552831844e-02
2.681033284723573565e-02
1.260468209419853269e-01
1.644089758348378227e-01
1.462641522213313505e-01
1.042145617015986236e-01
2.004023505820096696e-01
1.435889254370266432e-01
3.432461204628251689e-02
1.844411717806602458e-01
1.539757675579699892e-01
5.411830969248344891e-02
7.728621091360871054e-02
1.050199540925735586e-01
1.031217336765792303e-01
7.756743272485176754e-02
2.077163406155553560e-01
1.349522160118626635e-01
5.222989656892573079e-02
1.678741265341953393e-01
9.546895937581610647e-02
1.039616266093231489e-01
8.291891229838213584e-02
7.036941101261187659e-02
2.069836155861097815e-01
1.645142492781853649e-01
9.153685700526004165e-02
2.931332784392645663e-01
2.136871559152823674e-01
2.345149093426961151e-01
1.054412482362738629e-01
9.322660943522537158e-02
2.124167418627492254e-01
3.441263419458970851e-01
3.669771751130625481e-01
2.844002726891782795e-01
3.645612241750606497e-02
2.547157252149850337e-01
8.404704309683493080e-02
1.460196105316347859e-01
2.325679834026152804e-01
1.391352033707596303e-01
1.378945810292448448e-01
1.117373395711321188e-01
2.359834808545939189e-01
2.689726153700543534e-02
1.273979816182272407e-01
2.932721066816419420e-01
8.439701996338985768e-02
2.445092497797368702e-01
1.791799896458020902e-01
3.156507494380628165e-01
3.636308570648851823e-01
1.089698820772653787e-01
4.636203706820580805e-01
1.352497483477691498e-01
5.401152625258440754e-01
2.344896341854849631e-01
2.707396107800456031e-01
1.337609156930028020e-01
1.400472603868815058e-01
1.823365045885519398e-01
2.487690637608574173e-01
2.239034151341055545e-01
5.981927080080794434e-01
1.594952919262393465e-01
8.943301367412652414e-02
1.249717936014776293e-01
1.793923618013927579e-01
1.158321107945880640e-01
2.691452358418339741e-01
2.077028903880711874e-01
1.697912856849949081e-01
5.093347440446909236e-01
2.590641726473807971e-01
1.356499557831859770e-01
2.330781626879974144e-01
2.470280120818587055e-01
3.305317949630818403e-02
9.314029257710544629e-02
1.675963792739029457e-01
1.611334041189275423e-01
5.327656425977480570e-01
4.703650176047812215e-01
2.484963213053806019e-01
1.723435873628224591e-01
8.081978389135720253e-02
1.748420564059952609e-01
1.494254772457184466e-01
1.637728922687838318e-01
1.502022188863967045e-01
2.968747153817029652e-02
1.088594128648574938e-01
2.728788869828456809e-01
1.369847803346083970e-01
7.644614322213784396e-02
4.201376924488695042e-01
2.354001588461896999e-01
1.300717830200054936e-01
2.062800056800643544e-01
1.167344111857407107e-01
5.876922767752296162e-02
8.675093963827264221e-02
1.057512827443204406e-01
5.032183783998963600e-01
5.841545315886805673e-02
2.094146064972486343e-01
3.761029218487459830e-02
1.567861888077805022e-01
2.367088352974888177e-01
1.041622167025962609e-01
4.670243928107344067e-02
1.704629516668061395e-01
9.173847284851956163e-02
1.545884995407805218e-01
1.574243890996359085e-01
1.204419586238365120e-01
7.834456667556952136e-02
9.333146913444316517e-02
3.616154510858757276e-02
1.790951402704445694e-01
2.479348588844521029e-01
9.516444375666931188e-02
1.230793194537236346e-01
2.903245974002301444e-01
5.031228389818621222e-02
2.810697126259166234e-01
9.470882131955737915e-02
1.293988859931344548e-01
1.220930542667101326e-01
5.533606086069375180e-02
1.614831756505132887e-01
2.783246267986167477e-01
7.192290902366331451e-02
1.104462922050685608e-01
7.832909759402600924e-02
1.547464570384323446e-01
1.289648169111188847e-01
1.214139518847313359e-01
1.149008422035916882e-01
1.141633866164978167e-01
1.419799861157463594e-01
1.650293094992725529e-01
1.378315712106339963e-01
4.704565570953163356e-02
2.409823514061300298e-01
4.042966834061374054e-02
7.143384269551740495e-02
9.698126726150266275e-02
6.033478778637654111e-02
1.873739919508523311e-01
1.671980037647401995e-01
9.074928230295226106e-02
1.523269673380509004e-01
1.270330222121585084e-01
4.052603724029440330e-02
4.311652594216434931e-02
5.880910797920622241e-02
4.618997558399186992e-02
9.458174914439564096e-02
4.268325428086855444e-02
2.158092083570887013e-02
7.188752824330078839e-02
2.997043446885827231e-02
6.688543916938001488e-02
1.092133496189441472e-01
1.037112763278588146e-01
2.045813260800729075e-02
1.399728600447127380e-01
7.227574568784859987e-02
1.030409875766894467e-01
6.394388489851322854e-02
1.105724321966207457e-01
1.381120558288465028e-01
1.453252860228688437e-01
1.011701932975785090e-01
1.230876016702424358e-01
2.164562699953763991e-01
4.431451272576616973e-02
1.060707955362651944e-01
1.950976802228963081e-01
9.372537247217085921e-02
6.409975787858974983e-02
5.628025677029788870e-02
5.589927234074480028e-02
8.040852848578924905e-02
1.844139760168048425e-01
2.211629888880452602e-02
2.129292610735945834e-02
2.672379810209505810e-02
2.588188896562751765e-02
5.121495333599749428e-02
1.007817995600575889e-01
1.175128859707602058e-01
1.978986721481449870e-02
7.293564152348253060e-02
8.300280858087664970e-02
1.176179349767299265e-01
1.108852638945123786e-01
3.676397440464646005e-02
1.271607084762640116e-01
1.166077807382815690e-01
1.174413448994409415e-01
2.169581257409243860e-02
3.898672233857240071e-02
1.128454286225538533e-01
1.037206827407068238e-01
1.522961647426232246e-01
1.294128266309831354e-01
1.738133022395236399e-02
8.832317354254028141e-02
5.496786393675267418e-02
6.866171592276963664e-02
1.179035277934192827e-01
1.337110628362074283e-01
2.780961144243601635e-02
1.088856120293031082e-01
1.005034117337218758e-01
1.465545966519868348e-01
4.251601920958061193e-02
6.619995746661137825e-02
8.500912930306545046e-02
1.077166051434020888e-01
7.896431311603820113e-02
2.300852208070719787e-02
4.712916392319299597e-02
1.229857187870147806e-01
1.399869513721165026e-01
1.157853202104461576e-01
8.439802710175063616e-02
8.528499177829483580e-02
1.001070584668617702e-01
7.223302271128184682e-02
1.262278288412795879e-01
5.643248017875991673e-02
4.856999356249959432e-02
6.882817338537386420e-02
8.980474950811609403e-02
7.501982806511481305e-02
8.085618436806300824e-02
4.900663607900985347e-02
5.809912291109094185e-02
1.195074279271613610e-01
3.214395969986615781e-02
1.707182024062268433e-01
6.514957216780799254e-02
7.291253278897930068e-02
1.008812910520461570e-01
1.480701192074034001e-01
6.466845085301616003e-02
7.700540756856250058e-02
6.759443134543656473e-02
1.123533481468694251e-01
3.912413436567278163e-02
4.348963717845803767e-02
4.531100979982763399e-02
1.151906800446898943e-01
7.093814055110736483e-02
1.263244894664552476e-01
7.130719283697853350e-02
1.317707882292105115e-01
2.532357149515807732e-02
2.633106875836590394e-02
1.178222487400549107e-01
1.227295732006844081e-01
9.825233447997888669e-02
9.224232707765551986e-02
2.940290233757528182e-02
4.094837396105971417e-02
6.381186832170755718e-02
1.233604262379740107e-02
5.084008493534574596e-02
1.725319741570850371e-02
2.046855708550765762e-01
8.156991874715004143e-02
8.413345075766631709e-02
1.210775058199432402e-01
5.916354438781196851e-02
2.352577526063289945e-02
1.028932881290932355e-01
6.397877970218011912e-02
4.668247583200679091e-02
2.472984103468802222e-02
5.825988527887167832e-03
1.338227335849172077e-02
2.258060819303216171e-02
1.528455072307582652e-01
1.148745546325525696e-01
5.122453066099894731e-02
3.180495345774912025e-02
6.289237638770432681e-02
9.105164920117411742e-02
1.293942100157924879e-01
3.697565299539994077e-02
1.383376756342589997e-01
1.132124880104854944e-02
1.455440633740584869e-02
1.047252187234490456e-01
4.434770907553613195e-02
1.915519688885408689e-02
7.041672749237395945e-02
1.685295848802999610e-02
7.410726833385782031e-02
5.438740769028647948e-02
7.430269779335207936e-02
3.540896478447528445e-02
7.682350374409435689e-02
1.040627657317811927e-01
5.641325539551324264e-02
1.171117125880806603e-01
3.170321415713270308e-02
6.195592115422430407e-02
1.118093575779252613e-01
2.376070382380508425e-02
5.539972752982181420e-02
8.059851848274890429e-02
2.499588753171470487e-02
7.189556047259032523e-02
9.605838918235727608e-02
4.773702823018932673e-02
6.955568929382095755e-02
3.732190258930583038e-02
1.225198711719951011e-01
1.135734003023416983e-01
9.576725447764718180e-02
1.156230465601245788e-01
1.088611839638446155e-01
7.062030190422848019e-02
1.359087933575184037e-01
1.160645811517237169e-01
8.127079914779360148e-02
9.631997750517773405e-02
1.000923447694840596e-01
3.385930007765937388e-02
4.773883403836543665e-02
7.853172852635366408e-02
8.499630302966380835e-02
3.221510417606884141e-02
1.087660582401388382e-01
3.552588278966873486e-02
6.105377191217516847e-02
1.019408530654656725e-01
4.440748822713462551e-02
1.126806788671526199e-01
8.245558248917909949e-02
1.341520313044245183e-01
7.790643801595034668e-02
1.206899672538983281e-01
4.046116132282815553e-02
4.681156772245501779e-02
1.007042367478487022e-01
4.650437708040670859e-02
1.028717788020985097e-01
1.245784238198613531e-01
7.945448873716048910e-02
6.494029546816872112e-02
1.000632813272235994e-01
8.212812345161525640e-02
1.128469132612842096e-01
8.315978758437637952e-02
9.177447510056120639e-02
6.982594863799816698e-02
1.065375708392769273e-02
4.678946181864018783e-02
7.478313063350054690e-02
1.170149260843902222e-01
1.015534717330646430e-01
7.307634304631038802e-02
2.669095947482892292e-02
5.176266146978532323e-02
7.466141692697388088e-02
6.858832344825754879e-02
5.734052203529934472e-02
4.448644528161500161e-02
2.339802074914125105e-02
5.669216374086809285e-02
6.140124953536287011e-02
2.685845337867640362e-02
8.290129425927934836e-02
8.014291846723990698e-02
8.612963210599128283e-02
8.866671240964768552e-02
3.430475731115121413e-02
3.569459986473354218e-02
3.710483781919433205e-02
7.862760476513840080e-02
3.560000810856245312e-02
1.211272797722853373e-01
5.122393731313521631e-02
4.695610103218555986e-02
7.626050567175269961e-03
2.308440850771507902e-02
8.234321666944095786e-02
3.368357589495492299e-02
4.951479971534310243e-02
1.349997017122329390e-01
5.053041626190708790e-02
7.835630406600879727e-02
2.779077756404222527e-02
7.487438747065226774e-02
6.456589647013925848e-02
4.222386075044978065e-02
6.701310274732442951e-02
4.124999847053916618e-02
6.835067130408369052e-02
5.951917021726214896e-02
6.318698818260547190e-02
7.159752337370414721e-02
1.364286786626999759e-01
1.416246525942357025e-02
2.534187887021222343e-02
9.257264076195072244e-02
3.701650758511775691e-02
5.299092450309565716e-02
1.033582296008752344e-01
6.716891944023764549e-02
4.646683952921414756e-02
9.563825828864289114e-02
4.053271429285324606e-02
7.822940408775033716e-02
8.884674600300315750e-02
7.692972370527170756e-02
1.388731761917314234e-01
6.853681332966884976e-02
7.278048066436292041e-02
1.071241270048041705e-01
3.899195801766852654e-02
7.098407293408129370e-02
7.201454054405746763e-02
3.451074092073756761e-02
8.381350195722109264e-02
1.139428910808124029e-01
4.649315725346274408e-02
3.258188418619228921e-02
1.308452640419597024e-01
7.451995020955218263e-02
5.923400629304263754e-02
5.554866402393846686e-02
7.821509256953258771e-02
2.787551554924950006e-02
7.646157780655894742e-02
8.819071287660458502e-02
6.620712053772080663e-02
7.189035939541132958e-02
7.553818856391958381e-02
7.494581649522770450e-02
3.058706093850664318e-02
5.031303934944032080e-02
3.028149954814120595e-02
1.011952511319130221e-01
4.912838032721245779e-02
3.434636510062989007e-02
5.075383406187748692e-02
7.425051368922960977e-03
6.495828847426446395e-02
8.417826881577862574e-02
9.100596503794147751e-02
1.165432090805991333e-01
1.116707277854899899e-01
6.753772788653272796e-02
8.991602901907845558e-02
3.336608941492529706e-02
7.602881836714872610e-02
5.325266182205810189e-02
1.619807882207733585e-01
1.209692642688481312e-01
1.471631221738630424e-01
7.754738297923834123e-02
6.154406094150281087e-02
1.072730415376585283e-01
2.977505299248635329e-02
8.855580359720283123e-02
1.347527439932942259e-02
9.573546561965197432e-02
3.994897984180784817e-02
8.189453784499281519e-02
3.349320496188087914e-02
6.843375775814251882e-02
9.659387292929548507e-02
4.054185543256039193e-02
8.285627176777267400e-02
7.627712132384570354e-02
9.436135601880801804e-02
7.316434899420415361e-02
1.095924780743148114e-01
2.153139188249440783e-02
8.916028467683613512e-02
1.175568673786447915e-02
6.113937416890253412e-02
5.702633370418514619e-02
6.501868791498224831e-02
1.229632881593072935e-01
6.644470572427219057e-02
9.518475311236321290e-02
5.375671144460830719e-02
3.329839980512948328e-02
1.008477349303210369e-01
5.364541001187729530e-02
6.906883645229802693e-02
8.294555837257409914e-02
7.046544004524667171e-02
5.695847089578691402e-02
5.154603200405426938e-02
1.440838425478794260e-01
4.892977607927100764e-02
9.725039732996594577e-02
6.313255709694128026e-02
9.508228718580723215e-02
5.122958103223323317e-02
9.123330587859986018e-02
7.921156090139068462e-02
2.920086655530625130e-02
2.711522407385445407e-02
6.294995788189101937e-02
6.929485497275264527e-02
1.480014382643285165e-01
5.116632620528832609e-02
4.539393115671607609e-02
6.583036833072250515e-02
3.623499119645350736e-02
2.811336273528483934e-02
1.920709922134601969e-02
1.238420434378262186e-01
3.787665496422595174e-02
9.868981993093550731e-02
1.250414325410408867e-01
5.336968903563390348e-02
2.421876269189687444e-02
4.559110849085378642e-02
3.451332373300244200e-02
5.778597616791169428e-02
8.947560621511546630e-02
3.949974128653276073e-02
9.610607664357265212e-02
1.605051287129158344e-02
7.964308656286303578e-02
6.352778426743835305e-02
4.364665572773866742e-02
5.868598546225241991e-02
4.606270245334511543e-02
1.616408430337376925e-02
3.615706000104023515e-02
6.989216477656454152e-02
7.762337446013521658e-02
8.426495878071131596e-02
9.223944938384817660e-02
3.470640049608039041e-02
9.034320316197341771e-02
4.565748894058489771e-02
2.005853613332196986e-02
9.161238949421926861e-03
2.047679700198448347e-02
5.580283212710542007e-02
5.717552895377386868e-02
2.326487268107401904e-02
9.010412024431270483e-02
3.886052974259753684e-02
1.613019843520194924e-02
2.929559304556027602e-02
1.715894433945432812e-02
9.418677527893558332e-02
8.762318726743086039e-02
3.751302921595971868e-02
2.994732773291164038e-02
4.978239806969939063e-02
7.191734353443682282e-02
3.722550036481728913e-02
5.396133470498395458e-03
3.290877334876373544e-02
5.742869418820240740e-02
1.372562054074233026e-02
4.642706809491236458e-02
7.636574462694557808e-02
7.517659780100581501e-02
1.243955787674252272e-01
1.129282531673421047e-01
4.150215270310312482e-02
2.149252626034814373e-02
2.649911553052803834e-02
6.184120807220903904e-02
2.402155477567024730e-02
2.751335152032926765e-02
5.838879029802256093e-02
5.497615358315197098e-02
1.913260451556023783e-02
6.459791171099153739e-02
9.088123564849924507e-02
3.501305006723126612e-02
6.046191478087346166e-02
7.094765379462839028e-02
4.712295594438205976e-02
6.342723461909444138e-02
6.381251726907542950e-03
8.146731066856631454e-02
4.490709727319264211e-02
1.124459200586694768e-01
4.159416594349558266e-02
1.061832653002588306e-01
3.758212269864923821e-02
7.454414599377086510e-03
7.879609168161681720e-02
8.057469054474346304e-02
5.720613440651885900e-02
4.616464071737422931e-02
8.598914917330970076e-02
5.248106667263414266e-02
1.366522951424415690e-02
4.783985638170047683e-02
2.633178689335861737e-03
2.554757401647059570e-02
1.257697367270489003e-02
5.458759648960347793e-02
5.457588325654523509e-02
3.571414008499049220e-02
4.745758831519496235e-02
7.160846708104272318e-02
3.193722735452022427e-02
1.900468060787166222e-02
2.041621842209890778e-02
1.016997892092007666e-01
5.639566024741852340e-02
7.607059661327664202e-02
1.013219760771074396e-01
8.391303259726379249e-02
4.959185561497235495e-02
3.070068009282401339e-02
1.091302087908729013e-01
5.990900517682404974e-02
6.986993142025066557e-03
3.340138363753580864e-02
1.071064677400043602e-01
9.508600278388844307e-02
7.187256351998934367e-02
3.780377066280510984e-02
2.090016335066274822e-02
9.225419065629528181e-02
4.672341425817967686e-03
1.208918571861726104e-01
1.112716431728737326e-01
3.703647956507069572e-02
4.577307985006228569e-02
4.897514262812498187e-02
3.659364957768150572e-02
4.078487790398799273e-02
2.274886327036649419e-02
2.326536193284354723e-02
2.366538722417587878e-02
2.528251457469797916e-02
5.600833286374021919e-02
7.532784682265844522e-02
7.223678166852817717e-02
5.069507565860395526e-02
6.992240965744668524e-02
2.752310110769840001e-02
1.571763759374944849e-02
5.793925554195222122e-02
1.146779160600905068e-01
2.185048658212261977e-02
6.326819445846623702e-02
5.002907098622057930e-02
4.113882219283577363e-02
4.326196941812971569e-02
6.318137324437793356e-02
3.125567931369040847e-02
8.195742779880446638e-02
9.574150164693576159e-02
5.191045652873535476e-02
4.120855013491851043e-02
5.539182326469382911e-02
6.775325009577903845e-02
1.187716647509596962e-01
4.650717697117359717e-02
2.894662281924537464e-02
5.164945409744447352e-02
3.514369148256137054e-02
4.452605944490959505e-02
7.520187762198948800e-02
2.899565753409508867e-02
5.893049712657297962e-02
5.666624284950796953e-02
5.193167573488916694e-02
3.984496789805699185e-02
1.257591404504336020e-02
5.727801821884091760e-02
5.758374523142453100e-02
7.318246162804752097e-02
4.830713601299280874e-02
6.963824645653754475e-02
4.871654471445421852e-02
8.311700901602586677e-02
3.446893560805655565e-02
8.179662798523350264e-02
1.310380974671652987e-01
6.190474974528704238e-02
8.161060698153191351e-02
4.362718259307057922e-02
6.438017264870266043e-02
6.025583288990941228e-02
1.980233480570900775e-02
4.425812681868488557e-02
3.851750572545249024e-02
3.173659065071519902e-02
8.553774285644848152e-02
4.121330739386341174e-02
2.013947687030110192e-02
4.070010427330189584e-02
1.577684511877583406e-02
7.218915289818141068e-03
3.021158125400447494e-02
5.498730877289059737e-02
3.941125137724998950e-02
9.332239510005761740e-02
9.627103846930297470e-02
5.270836538642414276e-02
1.649216479273725097e-02
6.087520686904713358e-04
1.025397058517875243e-01
4.129308657967842994e-02
2.617356237863157492e-02
2.857067958866834137e-02
7.220006229256477337e-02
7.197572574747136687e-02
7.860730927444901928e-03
2.947177508273866875e-02
6.223586320921930398e-02
5.004240995931016900e-02
8.772803110994141507e-02
3.341084978089160773e-02
4.398857421950045504e-02
1.118423168186031408e-01
3.489388708403308448e-02
6.716410150412986668e-02
6.163992916334498640e-02
9.469425152960869729e-02
6.720800073529648033e-02
4.185162263802816307e-02
7.763948232832186547e-02
4.413158117762593785e-02
5.202575867999596065e-02
5.364140040173370760e-02
3.197463898501787249e-02
5.857548245385057941e-04
1.440717968431483829e-02
2.246660072112428852e-02
2.209794352969704848e-02
2.585807927687551813e-02
3.963015584479120251e-02
1.341626638447086101e-02
5.928931289166235880e-02
2.338927279959816113e-02
6.237761759737624895e-02
6.837830628290214596e-02
6.118771017799758127e-02
2.499567580621589111e-02
6.772858970123769862e-02
7.425136789476326216e-02
3.363521501013422288e-02
1.091756425569827826e-01
5.694634623248087668e-02
7.828656707493462930e-02
3.507641221208258886e-02
7.706892260373605918e-02
5.988623884167054712e-02
3.307605864044751987e-02
4.218500765838941596e-02
2.735160802088661136e-02
6.075669919187675488e-02
3.548250883660296340e-02
4.593043339118632606e-02
7.456643237791264756e-02
5.358170625408732041e-02
2.396666713378011598e-02
5.905548789979070401e-02
8.125256915720449613e-02
2.067442626685534954e-02
8.544962709718242899e-02
4.825160484747290784e-02
7.728263938658731791e-02
9.076206598615632615e-02
1.311470408027970713e-01
3.468344756820936070e-02
2.069209482190755012e-02
6.315198280438800993e-02
4.336326453836313044e-02
2.074415982118175267e-02
4.686563281112176432e-02
3.840885512036733285e-02
2.023447223825459648e-02
5.790091033115335462e-02
4.351065465869759230e-02
5.112669371696158468e-03
4.116006620436676866e-02
4.154127474421841215e-02
1.937667549151815896e-02
8.708537803782709363e-02
7.071654162458661241e-02
2.527718836948802256e-02
5.305574194742906924e-02
6.933243745634397326e-02
2.541490937626163932e-02
6.373219693698835286e-02
4.014174379974717183e-02
1.346810739139916654e-02
1.937052809427940170e-02
3.294249847184983759e-02
5.400108002033481014e-02
6.191829290610455921e-02
5.904968753241187501e-02
2.657996547318322231e-02
7.465810144617501809e-02
6.116135048095813764e-02
2.901370169646734498e-02
7.498722834189940067e-02
2.646251606207679005e-02
1.523381073646607950e-02
2.300584306837280199e-02
9.938206526218038017e-02
7.004860752622081577e-02
7.449352097988659605e-02
5.306767915638171268e-02
7.847245711583435146e-02
3.747125523287839904e-02
3.413707407116112896e-02
3.304426677994424383e-02
3.858634998782157349e-02
2.189290633639292757e-02
8.027882938976765859e-02
3.282352059344198492e-02
1.318095265639608951e-02
6.203084243447411911e-02
3.402940775906774379e-02
9.754464944110557978e-02
4.041380802245871789e-02
2.985598689820469220e-02
1.011937814897172772e-01
3.862573563831151607e-02
7.685745344353218933e-02
1.030296407653271719e-02
1.021294255917449545e-01
6.616858437716781338e-02
1.902285716643473470e-02
6.178958665728899111e-03
4.302109876934070987e-02
4.650648317313517410e-02
7.530783187039116755e-02
4.541482545911767338e-02
7.987112400718508753e-02
2.661840574030831588e-02
4.398400513082238034e-02
4.873411599254273002e-02
7.167568947476316010e-02
5.677781111127278707e-02
2.216941483936749405e-02
3.004765886192910934e-02
5.737711686825585494e-02
7.528600386106480691e-02
3.562161946347398161e-02
6.763842281790800881e-02
4.002965568612229519e-02
8.401896158044054597e-02
4.152279179171914497e-02
4.830085851867493146e-02
3.672700672045212111e-02
7.047476310742551049e-03
5.672492721745295979e-02
4.928227022303563465e-02
3.374577362031755401e-02
3.052995595829604072e-02
6.148501356129532081e-02
2.690066051767502422e-02
3.477747001948378047e-02
5.948162223014333977e-02
2.157338921584196767e-02
7.476649397926152241e-02
1.721836764646053619e-02
4.166242976895569161e-02
4.542086577772010136e-02
2.278529824828727166e-02
8.317473169172165393e-02
8.584767368695207790e-02
2.907270975042100872e-02
2.605011920396898065e-02
5.088028650352990206e-02
8.980345606414140425e-02
4.084660936965406330e-02
2.996395251119735731e-02
6.129831117261119733e-02
1.425586477755082758e-02
2.093126966655375204e-02
1.145958709791254290e-02
2.591175415637681986e-02
4.828938299885723179e-02
2.165505597564654910e-02
9.143466357856747107e-02
3.933118123457381848e-02
6.312288100513394062e-02
3.440706502828825425e-02
3.517388925670304756e-02
4.979445408315203575e-02
7.890070662659186274e-02
2.100642078030175858e-02
1.011722316612795047e-01
4.925948797868662937e-02
2.566066910787345723e-02
3.615503545132869867e-02
5.524825727778776008e-02
6.008765764553582883e-02
5.016807308533263038e-03
2.499463479925807113e-02
3.559704749264649970e-02
2.948157609883356178e-02
8.421076095221999291e-02
6.177645782176005573e-02
4.086489904885622776e-02
1.096858169349723862e-02
3.947272818925875310e-02
4.384114789653686256e-02
3.731817503285664306e-02
4.204819830272762265e-02
5.112522669175957601e-02
7.269999253316943022e-03
7.224771852993729093e-02
6.177946201019479840e-03
3.320294000502369003e-02
2.447604315248749079e-02
1.988697445644922734e-02
4.470887424028511387e-02
2.829957270448350132e-02
2.386669261804438488e-02
1.380482235498367398e-02
5.800153750328173458e-02
7.484104314060570362e-02
4.215185639446325516e-02
4.814240523435426439e-02
6.297504678357530861e-02
2.923210328221548249e-02
3.809982198581134821e-02
1.297999648842091368e-02
7.784268221022068446e-02
5.855202023305793035e-02
4.780469331037417308e-02
5.897855033853957596e-02
6.402535210205126393e-02
5.635147906041486354e-02
2.897266912377435139e-02
8.056758543893607905e-02
6.217052366338762098e-02
2.177522479267279820e-02
6.657830174345247265e-02
2.211061280717106781e-02
3.707545037632892226e-02
2.294717291364441192e-02
6.126230302238486192e-02
5.291903101331938558e-02
2.731537563733591259e-02
4.835321001960878572e-03
1.306393257702730126e-02
1.068690596213987126e-02
4.915643440013551385e-02
3.833462867946826197e-02
2.266870150337051137e-02
2.251552462920566877e-02
2.560309431467132010e-02
3.549945860435624323e-02
4.899615602760253041e-02
3.144753880307023242e-02
2.502597001461565052e-02
3.840096432067945792e-02
2.169887780011768227e-02
2.403545780997277254e-02
1.951582327591257562e-02
4.985079280300196147e-02
5.904859061070415194e-02
9.648581941407502471e-02
6.740817026203964335e-02
3.406753694547583894e-02
9.001006631330236984e-03
2.867555189232569995e-02
5.344069887615817555e-02
3.610830249517748419e-02
1.298086154934402839e-02
3.451471129260074572e-02
3.603807845576180446e-02
8.938727412017083429e-02
2.495194931676691930e-02
9.025953600839149715e-02
5.009295283363308232e-02
1.245595096983895603e-02
1.073606681703553195e-02
3.311904365655243820e-02
5.492926147514840679e-02
3.750748401206188687e-02
4.554463284873932344e-02
1.812584297852826501e-02
7.364166434479868517e-02
6.222971845256287937e-02
3.325645823440840504e-02
3.634860314661627484e-02
2.805109146763422670e-02
3.493513602996465434e-02
7.791807461515284916e-02
4.611850116578529446e-02
1.195285153740439227e-02
8.837769674467955971e-02
6.239939551542209029e-02
5.270162207184469344e-02
5.848299075570407429e-02
8.448580424552198931e-02
3.045377025181686056e-02
4.983423545398892041e-02
2.281150630394651602e-02
1.791321172039262583e-02
5.876622533412954874e-02
3.854306144194978578e-02
3.551422391006790746e-02
6.518595323712296496e-02
4.817593367601882143e-02
1.122606736628773971e-01
4.132646802119053359e-02
3.748550091197576373e-02
7.296556190277611424e-03
3.171598911836465140e-02
7.125685249633664786e-02
7.834153764913003026e-02
2.385355735014768955e-02
2.952590061827724266e-02
5.272389599152255829e-02
5.639577856007603474e-02
5.582301190563140197e-02
5.108128352531775274e-02
4.801551356110777408e-02
4.449502525307343775e-02
6.372579055128255177e-02
1.901745293641562279e-02
6.117253639518999836e-02
5.123420462457835278e-02
3.443618849622334579e-03
1.670597753069080413e-02
1.978492442367543389e-02
2.914395645984669062e-02
5.932911621176252537e-02
8.019759896382963604e-02
5.015299242475229624e-02
3.290742549688520369e-02
4.668449140924481322e-02
2.270159507370987303e-02
3.424398414421821885e-02
1.347538052456638373e-02
5.609232667267381039e-02
9.509144931198690309e-02
8.503593385897201609e-03
3.702127254349064228e-02
4.459751723194477213e-02
4.492713225347449990e-02
7.352835215312417128e-02
2.056090214271769773e-02
4.079152466765476048e-02
1.263506681113729310e-02
3.324969153752699302e-02
2.129967574897949009e-02
9.485299445866762769e-02
2.290305293720468205e-02
3.450529579141709685e-02
2.292346561029806259e-02
4.202494287778921894e-02
9.036310145898106272e-02
8.999708162799391342e-02
