0.000000000000000000e+00
9.996999699969995709e+04
1.999399939993999142e+05
2.999099909990998567e+05
3.998799879987998283e+05
4.998499849984998000e+05
5.998199819981997134e+05
6.997899789978996851e+05
7.997599759975996567e+05
8.997299729972996283e+05
9.996999699969996000e+05
1.099669966996699572e+06
1.199639963996399427e+06
1.299609960996099515e+06
1.399579957995799370e+06
1.499549954995499458e+06
1.599519951995199313e+06
1.699489948994899169e+06
1.799459945994599257e+06
1.899429942994299112e+06
1.999399939993999200e+06
2.099369936993699055e+06
2.199339933993399143e+06
2.299309930993099231e+06
2.399279927992798854e+06
2.499249924992498942e+06
2.599219921992199030e+06
2.699189918991898652e+06
2.799159915991598740e+06
2.899129912991298828e+06
2.999099909990998916e+06
3.099069906990698539e+06
3.199039903990398627e+06
3.299009900990098715e+06
3.398979897989798337e+06
3.498949894989498425e+06
3.598919891989198513e+06
3.698889888988898601e+06
3.798859885988598224e+06
3.898829882988298312e+06
3.998799879987998400e+06
4.098769876987698022e+06
4.198739873987398110e+06
4.298709870987097733e+06
4.398679867986798286e+06
4.498649864986497909e+06
4.598619861986198463e+06
4.698589858985898085e+06
4.798559855985597707e+06
4.898529852985298261e+06
4.998499849984997883e+06
5.098469846984697506e+06
5.198439843984398060e+06
5.298409840984097682e+06
5.398379837983797304e+06
5.498349834983497858e+06
5.598319831983197480e+06
5.698289828982897103e+06
5.798259825982597657e+06
5.898229822982297279e+06
5.998199819981997833e+06
6.098169816981697455e+06
6.198139813981397077e+06
6.298109810981097631e+06
6.398079807980797254e+06
6.498049804980496876e+06
6.598019801980197430e+06
6.697989798979897052e+06
6.797959795979596674e+06
6.897929792979297228e+06
6.997899789978996851e+06
7.097869786978697404e+06
7.197839783978397027e+06
7.297809780978096649e+06
7.397779777977797203e+06
7.497749774977496825e+06
7.597719771977196448e+06
7.697689768976897001e+06
7.797659765976596624e+06
7.897629762976296246e+06
7.997599759975996800e+06
8.097569756975696422e+06
8.197539753975396045e+06
8.297509750975096598e+06
8.397479747974796221e+06
8.497449744974495843e+06
8.597419741974195465e+06
8.697389738973896950e+06
8.797359735973596573e+06
8.897329732973296195e+06
8.997299729972995818e+06
9.097269726972695440e+06
9.197239723972396925e+06
9.297209720972096547e+06
9.397179717971796170e+06
9.497149714971495792e+06
9.597119711971195415e+06
9.697089708970895037e+06
9.797059705970596522e+06
9.897029702970296144e+06
9.996999699969995767e+06
1.009696969696969539e+07
1.019693969396939501e+07
1.029690969096909650e+07
1.039687968796879612e+07
1.049684968496849574e+07
1.059681968196819536e+07
1.069678967896789499e+07
1.079675967596759461e+07
1.089672967296729609e+07
1.099669966996699572e+07
1.109666966696669534e+07
1.119663966396639496e+07
1.129660966096609458e+07
1.139657965796579421e+07
1.149654965496549569e+07
1.159651965196519531e+07
1.169648964896489494e+07
1.179645964596459456e+07
1.189642964296429418e+07
1.199639963996399567e+07
1.209636963696369529e+07
1.219633963396339491e+07
1.229630963096309453e+07
1.239627962796279415e+07
1.249624962496249378e+07
1.259621962196219526e+07
1.269618961896189488e+07
1.279615961596159451e+07
1.289612961296129413e+07
1.299609960996099375e+07
1.309606960696069524e+07
1.319603960396039486e+07
1.329600960096009448e+07
1.339597959795979410e+07
1.349594959495949373e+07
1.359591959195919335e+07
1.369588958895889483e+07
1.379585958595859446e+07
1.389582958295829408e+07
1.399579957995799370e+07
1.409576957695769332e+07
1.419573957395739481e+07
1.429570957095709443e+07
1.439567956795679405e+07
1.449564956495649368e+07
1.459561956195619330e+07
1.469558955895589292e+07
1.479555955595559441e+07
1.489552955295529403e+07
1.499549954995499365e+07
1.509546954695469327e+07
1.519543954395439290e+07
1.529540954095409252e+07
1.539537953795379400e+07
1.549534953495349362e+07
1.559531953195319325e+07
1.569528952895289287e+07
1.579525952595259249e+07
1.589522952295229398e+07
1.599519951995199360e+07
1.609516951695169322e+07
1.619513951395139284e+07
1.629510951095109247e+07
1.639507950795079209e+07
1.649504950495049357e+07
1.659501950195019320e+07
1.669498949894989282e+07
1.679495949594959244e+07
1.689492949294929206e+07
1.699489948994899169e+07
1.709486948694869131e+07
1.719483948394839093e+07
1.729480948094809428e+07
1.739477947794779390e+07
1.749474947494749352e+07
1.759471947194719315e+07
1.769468946894689277e+07
1.779465946594659239e+07
1.789462946294629201e+07
1.799459945994599164e+07
1.809456945694569126e+07
1.819453945394539088e+07
1.829450945094509050e+07
1.839447944794479385e+07
1.849444944494449347e+07
1.859441944194419309e+07
1.869438943894389272e+07
1.879435943594359234e+07
1.889432943294329196e+07
1.899429942994299158e+07
1.909426942694269121e+07
1.919423942394239083e+07
1.929420942094209045e+07
1.939417941794179007e+07
1.949414941494149342e+07
1.959411941194119304e+07
1.969408940894089267e+07
1.979405940594059229e+07
1.989402940294029191e+07
1.999399939993999153e+07
2.009396939693969116e+07
2.019393939393939078e+07
2.029390939093909040e+07
2.039387938793879002e+07
2.049384938493848965e+07
2.059381938193819299e+07
2.069378937893789262e+07
2.079375937593759224e+07
2.089372937293729186e+07
2.099369936993699148e+07
2.109366936693669111e+07
2.119363936393639073e+07
2.129360936093609035e+07
2.139357935793578997e+07
2.149354935493548959e+07
2.159351935193518922e+07
2.169348934893488884e+07
2.179345934593459219e+07
2.189342934293429181e+07
2.199339933993399143e+07
2.209336933693369105e+07
2.219333933393339068e+07
2.229330933093309030e+07
2.239327932793278992e+07
2.249324932493248954e+07
2.259321932193218917e+07
2.269318931893188879e+07
2.279315931593158841e+07
2.289312931293129176e+07
2.299309930993099138e+07
2.309306930693069100e+07
2.319303930393039063e+07
2.329300930093009025e+07
2.339297929792978987e+07
2.349294929492948949e+07
2.359291929192918912e+07
2.369288928892888874e+07
2.379285928592858836e+07
2.389282928292828798e+07
2.399279927992799133e+07
2.409276927692769095e+07
2.419273927392739058e+07
2.429270927092709020e+07
2.439267926792678982e+07
2.449264926492648944e+07
2.459261926192618906e+07
2.469258925892588869e+07
2.479255925592558831e+07
2.489252925292528793e+07
2.499249924992498755e+07
2.509246924692469090e+07
2.519243924392439052e+07
2.529240924092409015e+07
2.539237923792378977e+07
2.549234923492348939e+07
2.559231923192318901e+07
2.569228922892288864e+07
2.579225922592258826e+07
2.589222922292228788e+07
2.599219921992198750e+07
2.609216921692168713e+07
2.619213921392139047e+07
2.629210921092109010e+07
2.639207920792078972e+07
2.649204920492048934e+07
2.659201920192018896e+07
2.669198919891988859e+07
2.679195919591958821e+07
2.689192919291928783e+07
2.699189918991898745e+07
2.709186918691868708e+07
2.719183918391838670e+07
2.729180918091809005e+07
2.739177917791778967e+07
2.749174917491748929e+07
2.759171917191718891e+07
2.769168916891688854e+07
2.779165916591658816e+07
2.789162916291628778e+07
2.799159915991598740e+07
2.809156915691568702e+07
2.819153915391538665e+07
2.829150915091508627e+07
2.839147914791478962e+07
2.849144914491448924e+07
2.859141914191418886e+07
2.869138913891388848e+07
2.879135913591358811e+07
2.889132913291328773e+07
2.899129912991298735e+07
2.909126912691268697e+07
2.919123912391238660e+07
2.929120912091208622e+07
2.939117911791178584e+07
2.949114911491148919e+07
2.959111911191118881e+07
2.969108910891088843e+07
2.979105910591058806e+07
2.989102910291028768e+07
2.999099909990998730e+07
3.009096909690968692e+07
3.019093909390938655e+07
3.029090909090908617e+07
3.039087908790878579e+07
3.049084908490848541e+07
3.059081908190818503e+07
3.069078907890788838e+07
3.079075907590758801e+07
3.089072907290728763e+07
3.099069906990698725e+07
3.109066906690668687e+07
3.119063906390638649e+07
3.129060906090608612e+07
3.139057905790578574e+07
3.149054905490548536e+07
3.159051905190518498e+07
3.169048904890488461e+07
3.179045904590458795e+07
3.189042904290428758e+07
3.199039903990398720e+07
3.209036903690368682e+07
3.219033903390338644e+07
3.229030903090308607e+07
3.239027902790278569e+07
3.249024902490248531e+07
3.259021902190218493e+07
3.269018901890188456e+07
3.279015901590158418e+07
3.289012901290128753e+07
3.299009900990098715e+07
3.309006900690068677e+07
3.319003900390038639e+07
3.329000900090008602e+07
3.338997899789978564e+07
3.348994899489948526e+07
3.358991899189918488e+07
3.368988898889888823e+07
3.378985898589858413e+07
3.388982898289828748e+07
3.398979897989798337e+07
3.408976897689768672e+07
3.418973897389738262e+07
3.428970897089708596e+07
3.438967896789678186e+07
3.448964896489648521e+07
3.458961896189618856e+07
3.468958895889588445e+07
3.478955895589558780e+07
3.488952895289528370e+07
3.498949894989498705e+07
3.508946894689468294e+07
3.518943894389438629e+07
3.528940894089408219e+07
3.538937893789378554e+07
3.548934893489348143e+07
3.558931893189318478e+07
3.568928892889288813e+07
3.578925892589258403e+07
3.588922892289228737e+07
3.598919891989198327e+07
3.608916891689168662e+07
3.618913891389138252e+07
3.628910891089108586e+07
3.638907890789078176e+07
3.648904890489048511e+07
3.658901890189018101e+07
3.668898889888988435e+07
3.678895889588958770e+07
3.688892889288928360e+07
3.698889888988898695e+07
3.708886888688868284e+07
3.718883888388838619e+07
3.728880888088808209e+07
3.738877887788778543e+07
3.748874887488748133e+07
3.758871887188718468e+07
3.768868886888688058e+07
3.778865886588658392e+07
3.788862886288628727e+07
3.798859885988598317e+07
3.808856885688568652e+07
3.818853885388538241e+07
3.828850885088508576e+07
3.838847884788478166e+07
3.848844884488448501e+07
3.858841884188418090e+07
3.868838883888388425e+07
3.878835883588358015e+07
3.888832883288328350e+07
3.898829882988298684e+07
3.908826882688268274e+07
3.918823882388238609e+07
3.928820882088208199e+07
3.938817881788178533e+07
3.948814881488148123e+07
3.958811881188118458e+07
3.968808880888088048e+07
3.978805880588058382e+07
3.988802880288027972e+07
3.998799879987998307e+07
4.008796879687968642e+07
4.018793879387938231e+07
4.028790879087908566e+07
4.038787878787878156e+07
4.048784878487848490e+07
4.058781878187818080e+07
4.068778877887788415e+07
4.078775877587758005e+07
4.088772877287728339e+07
4.098769876987697929e+07
4.108766876687668264e+07
4.118763876387638599e+07
4.128760876087608188e+07
4.138757875787578523e+07
4.148754875487548113e+07
4.158751875187518448e+07
4.168748874887488037e+07
4.178745874587458372e+07
4.188742874287427962e+07
4.198739873987398297e+07
4.208736873687367886e+07
4.218733873387338221e+07
4.228730873087308556e+07
4.238727872787278146e+07
4.248724872487248480e+07
4.258721872187218070e+07
4.268718871887188405e+07
4.278715871587157995e+07
4.288712871287128329e+07
4.298709870987097919e+07
4.308706870687068254e+07
4.318703870387037843e+07
4.328700870087008178e+07
4.338697869786977768e+07
4.348694869486948103e+07
4.358691869186918437e+07
4.368688868886888027e+07
4.378685868586858362e+07
4.388682868286827952e+07
4.398679867986798286e+07
4.408676867686767876e+07
4.418673867386738211e+07
4.428670867086707801e+07
4.438667866786678135e+07
4.448664866486647725e+07
4.458661866186618060e+07
4.468658865886588395e+07
4.478655865586557984e+07
4.488652865286528319e+07
4.498649864986497909e+07
4.508646864686468244e+07
4.518643864386437833e+07
4.528640864086408168e+07
4.538637863786377758e+07
4.548634863486348093e+07
4.558631863186317682e+07
4.568628862886288017e+07
4.578625862586258352e+07
4.588622862286227942e+07
4.598619861986198276e+07
4.608616861686167866e+07
4.618613861386138201e+07
4.628610861086107790e+07
4.638607860786078125e+07
4.648604860486047715e+07
4.658601860186018050e+07
4.668598859885987639e+07
4.678595859585957974e+07
4.688592859285928309e+07
4.698589858985897899e+07
4.708586858685868233e+07
4.718583858385837823e+07
4.728580858085808158e+07
4.738577857785777748e+07
4.748574857485748082e+07
4.758571857185717672e+07
4.768568856885688007e+07
4.778565856585657597e+07
4.788562856285627931e+07
4.798559855985598266e+07
4.808556855685567856e+07
4.818553855385538191e+07
4.828550855085507780e+07
4.838547854785478115e+07
4.848544854485447705e+07
4.858541854185418040e+07
4.868538853885387629e+07
4.878535853585357964e+07
4.888532853285327554e+07
4.898529852985297889e+07
4.908526852685268223e+07
4.918523852385237813e+07
4.928520852085208148e+07
4.938517851785177737e+07
4.948514851485148072e+07
4.958511851185117662e+07
4.968508850885087997e+07
4.978505850585057586e+07
4.988502850285027921e+07
4.998499849984997511e+07
5.008496849684967846e+07
5.018493849384938180e+07
5.028490849084907770e+07
5.038487848784878105e+07
5.048484848484847695e+07
5.058481848184818029e+07
5.068478847884787619e+07
5.078475847584757954e+07
5.088472847284727544e+07
5.098469846984697878e+07
5.108466846684667468e+07
5.118463846384637803e+07
5.128460846084608138e+07
5.138457845784577727e+07
5.148454845484548062e+07
5.158451845184517652e+07
5.168448844884487987e+07
5.178445844584457576e+07
5.188442844284427911e+07
5.198439843984397501e+07
5.208436843684367836e+07
5.218433843384337425e+07
5.228430843084307760e+07
5.238427842784278095e+07
5.248424842484247684e+07
5.258421842184218019e+07
5.268418841884187609e+07
5.278415841584157944e+07
5.288412841284127533e+07
5.298409840984097868e+07
5.308406840684067458e+07
5.318403840384037793e+07
5.328400840084007382e+07
5.338397839783977717e+07
5.348394839483948052e+07
5.358391839183917642e+07
5.368388838883887976e+07
5.378385838583857566e+07
5.388382838283827901e+07
5.398379837983797491e+07
5.408376837683767825e+07
5.418373837383737415e+07
5.428370837083707750e+07
5.438367836783677340e+07
5.448364836483647674e+07
5.458361836183618009e+07
5.468358835883587599e+07
5.478355835583557934e+07
5.488352835283527523e+07
5.498349834983497858e+07
5.508346834683467448e+07
5.518343834383437783e+07
5.528340834083407372e+07
5.538337833783377707e+07
5.548334833483347297e+07
5.558331833183317631e+07
5.568328832883287966e+07
5.578325832583257556e+07
5.588322832283227891e+07
5.598319831983197480e+07
5.608316831683167815e+07
5.618313831383137405e+07
5.628310831083107740e+07
5.638307830783077329e+07
5.648304830483047664e+07
5.658301830183017254e+07
5.668298829882987589e+07
5.678295829582957923e+07
5.688292829282927513e+07
5.698289828982897848e+07
5.708286828682867438e+07
5.718283828382837772e+07
5.728280828082807362e+07
5.738277827782777697e+07
5.748274827482747287e+07
5.758271827182717621e+07
5.768268826882687211e+07
5.778265826582657546e+07
5.788262826282627881e+07
5.798259825982597470e+07
5.808256825682567805e+07
5.818253825382537395e+07
5.828250825082507730e+07
5.838247824782477319e+07
5.848244824482447654e+07
5.858241824182417244e+07
5.868238823882387578e+07
5.878235823582357168e+07
5.888232823282327503e+07
5.898229822982297838e+07
5.908226822682267427e+07
5.918223822382237762e+07
5.928220822082207352e+07
5.938217821782177687e+07
5.948214821482147276e+07
5.958211821182117611e+07
5.968208820882087201e+07
5.978205820582057536e+07
5.988202820282027125e+07
5.998199819981997460e+07
6.008196819681967050e+07
6.018193819381937385e+07
6.028190819081907719e+07
6.038187818781877309e+07
6.048184818481847644e+07
6.058181818181817234e+07
6.068178817881787568e+07
6.078175817581757158e+07
6.088172817281727493e+07
6.098169816981697083e+07
6.108166816681667417e+07
6.118163816381637007e+07
6.128160816081607342e+07
6.138157815781577677e+07
6.148154815481547266e+07
6.158151815181517601e+07
6.168148814881487191e+07
6.178145814581457525e+07
6.188142814281427115e+07
6.198139813981397450e+07
6.208136813681367040e+07
6.218133813381337374e+07
6.228130813081306964e+07
6.238127812781277299e+07
6.248124812481247634e+07
6.258121812181217223e+07
6.268118811881187558e+07
6.278115811581157148e+07
6.288112811281127483e+07
6.298109810981097072e+07
6.308106810681067407e+07
6.318103810381036997e+07
6.328100810081007332e+07
6.338097809780976921e+07
6.348094809480947256e+07
6.358091809180917591e+07
6.368088808880887181e+07
6.378085808580857515e+07
6.388082808280827105e+07
6.398079807980797440e+07
6.408076807680767030e+07
6.418073807380737364e+07
6.428070807080706954e+07
6.438067806780677289e+07
6.448064806480646878e+07
6.458061806180617213e+07
6.468058805880587548e+07
6.478055805580557138e+07
6.488052805280527472e+07
6.498049804980497062e+07
6.508046804680467397e+07
6.518043804380436987e+07
6.528040804080407321e+07
6.538037803780376911e+07
6.548034803480347246e+07
6.558031803180316836e+07
6.568028802880287170e+07
6.578025802580257505e+07
6.588022802280227095e+07
6.598019801980197430e+07
6.608016801680167019e+07
6.618013801380137354e+07
6.628010801080106944e+07
6.638007800780077279e+07
6.648004800480046868e+07
6.658001800180017203e+07
6.667998799879986793e+07
6.677995799579957128e+07
6.687992799279927462e+07
6.697989798979897052e+07
6.707986798679867387e+07
6.717983798379836977e+07
6.727980798079806566e+07
6.737977797779777646e+07
6.747974797479747236e+07
6.757971797179716825e+07
6.767968796879686415e+07
6.777965796579657495e+07
6.787962796279627085e+07
6.797959795979596674e+07
6.807956795679567754e+07
6.817953795379537344e+07
6.827950795079506934e+07
6.837947794779476523e+07
6.847944794479447603e+07
6.857941794179417193e+07
6.867938793879386783e+07
6.877935793579356372e+07
6.887932793279327452e+07
6.897929792979297042e+07
6.907926792679266632e+07
6.917923792379237711e+07
6.927920792079207301e+07
6.937917791779176891e+07
6.947914791479146481e+07
6.957911791179117560e+07
6.967908790879087150e+07
6.977905790579056740e+07
6.987902790279026330e+07
6.997899789978997409e+07
7.007896789678966999e+07
7.017893789378936589e+07
7.027890789078907669e+07
7.037887788778877258e+07
7.047884788478846848e+07
7.057881788178816438e+07
7.067878787878787518e+07
7.077875787578757107e+07
7.087872787278726697e+07
7.097869786978696287e+07
7.107866786678667367e+07
7.117863786378636956e+07
7.127860786078606546e+07
7.137857785778577626e+07
7.147854785478547215e+07
7.157851785178516805e+07
7.167848784878486395e+07
7.177845784578457475e+07
7.187842784278427064e+07
7.197839783978396654e+07
7.207836783678366244e+07
7.217833783378337324e+07
7.227830783078306913e+07
7.237827782778276503e+07
7.247824782478247583e+07
7.257821782178217173e+07
7.267818781878186762e+07
7.277815781578156352e+07
7.287812781278127432e+07
7.297809780978097022e+07
7.307806780678066611e+07
7.317803780378036201e+07
7.327800780078007281e+07
7.337797779777976871e+07
7.347794779477946460e+07
7.357791779177917540e+07
7.367788778877887130e+07
7.377785778577856719e+07
7.387782778277826309e+07
7.397779777977797389e+07
7.407776777677766979e+07
7.417773777377736568e+07
7.427770777077706158e+07
7.437767776777677238e+07
7.447764776477646828e+07
7.457761776177616417e+07
7.467758775877587497e+07
7.477755775577557087e+07
7.487752775277526677e+07
7.497749774977496266e+07
7.507746774677467346e+07
7.517743774377436936e+07
7.527740774077406526e+07
7.537737773777376115e+07
7.547734773477347195e+07
7.557731773177316785e+07
7.567728772877286375e+07
7.577725772577257454e+07
7.587722772277227044e+07
7.597719771977196634e+07
7.607716771677166224e+07
7.617713771377137303e+07
7.627710771077106893e+07
7.637707770777076483e+07
7.647704770477046072e+07
7.657701770177017152e+07
7.667698769876986742e+07
7.677695769576956332e+07
7.687692769276927412e+07
7.697689768976897001e+07
7.707686768676866591e+07
7.717683768376836181e+07
7.727680768076807261e+07
7.737677767776776850e+07
7.747674767476746440e+07
7.757671767176716030e+07
7.767668766876687109e+07
7.777665766576656699e+07
7.787662766276626289e+07
7.797659765976597369e+07
7.807656765676566958e+07
7.817653765376536548e+07
7.827650765076506138e+07
7.837647764776477218e+07
7.847644764476446807e+07
7.857641764176416397e+07
7.867638763876385987e+07
7.877635763576357067e+07
7.887632763276326656e+07
7.897629762976296246e+07
7.907626762676267326e+07
7.917623762376236916e+07
7.927620762076206505e+07
7.937617761776176095e+07
7.947614761476147175e+07
7.957611761176116765e+07
7.967608760876086354e+07
7.977605760576055944e+07
7.987602760276027024e+07
7.997599759975996614e+07
8.007596759675966203e+07
8.017593759375937283e+07
8.027590759075906873e+07
8.037587758775876462e+07
8.047584758475846052e+07
8.057581758175817132e+07
8.067578757875786722e+07
8.077575757575756311e+07
8.087572757275725901e+07
8.097569756975696981e+07
8.107566756675666571e+07
8.117563756375636160e+07
8.127560756075607240e+07
8.137557755775576830e+07
8.147554755475546420e+07
8.157551755175516009e+07
8.167548754875487089e+07
8.177545754575456679e+07
8.187542754275426269e+07
8.197539753975395858e+07
8.207536753675366938e+07
8.217533753375336528e+07
8.227530753075306118e+07
8.237527752775277197e+07
8.247524752475246787e+07
8.257521752175216377e+07
8.267518751875185966e+07
8.277515751575157046e+07
8.287512751275126636e+07
8.297509750975096226e+07
8.307506750675065815e+07
8.317503750375036895e+07
8.327500750075006485e+07
8.337497749774976075e+07
8.347494749474947155e+07
8.357491749174916744e+07
8.367488748874886334e+07
8.377485748574855924e+07
8.387482748274827003e+07
8.397479747974796593e+07
8.407476747674766183e+07
8.417473747374735773e+07
8.427470747074706852e+07
8.437467746774676442e+07
8.447464746474646032e+07
8.457461746174617112e+07
8.467458745874586701e+07
8.477455745574556291e+07
8.487452745274525881e+07
8.497449744974496961e+07
8.507446744674466550e+07
8.517443744374436140e+07
8.527440744074405730e+07
8.537437743774376810e+07
8.547434743474346399e+07
8.557431743174315989e+07
8.567428742874285579e+07
8.577425742574256659e+07
8.587422742274226248e+07
8.597419741974195838e+07
8.607416741674166918e+07
8.617413741374136508e+07
8.627410741074106097e+07
8.637407740774075687e+07
8.647404740474046767e+07
8.657401740174016356e+07
8.667398739873985946e+07
8.677395739573955536e+07
8.687392739273926616e+07
8.697389738973896205e+07
8.707386738673865795e+07
8.717383738373836875e+07
8.727380738073806465e+07
8.737377737773776054e+07
8.747374737473745644e+07
8.757371737173716724e+07
8.767368736873686314e+07
8.777365736573655903e+07
8.787362736273625493e+07
8.797359735973596573e+07
8.807356735673566163e+07
8.817353735373535752e+07
8.827350735073506832e+07
8.837347734773476422e+07
8.847344734473446012e+07
8.857341734173415601e+07
8.867338733873386681e+07
8.877335733573356271e+07
8.887332733273325861e+07
8.897329732973295450e+07
8.907326732673266530e+07
8.917323732373236120e+07
8.927320732073205709e+07
8.937317731773176789e+07
8.947314731473146379e+07
8.957311731173115969e+07
8.967308730873085558e+07
8.977305730573056638e+07
8.987302730273026228e+07
8.997299729972995818e+07
9.007296729672965407e+07
9.017293729372936487e+07
9.027290729072906077e+07
9.037287728772875667e+07
9.047284728472846746e+07
9.057281728172816336e+07
9.067278727872785926e+07
9.077275727572755516e+07
9.087272727272726595e+07
9.097269726972696185e+07
9.107266726672665775e+07
9.117263726372635365e+07
9.127260726072606444e+07
9.137257725772576034e+07
9.147254725472545624e+07
9.157251725172516704e+07
9.167248724872486293e+07
9.177245724572455883e+07
9.187242724272425473e+07
9.197239723972396553e+07
9.207236723672366142e+07
9.217233723372335732e+07
9.227230723072305322e+07
9.237227722772276402e+07
9.247224722472245991e+07
9.257221722172215581e+07
9.267218721872186661e+07
9.277215721572156250e+07
9.287212721272125840e+07
9.297209720972095430e+07
9.307206720672066510e+07
9.317203720372036099e+07
9.327200720072005689e+07
9.337197719771975279e+07
9.347194719471946359e+07
9.357191719171915948e+07
9.367188718871885538e+07
9.377185718571856618e+07
9.387182718271826208e+07
9.397179717971795797e+07
9.407176717671765387e+07
9.417173717371736467e+07
9.427170717071706057e+07
9.437167716771675646e+07
9.447164716471645236e+07
9.457161716171616316e+07
9.467158715871585906e+07
9.477155715571555495e+07
9.487152715271526575e+07
9.497149714971496165e+07
9.507146714671465755e+07
9.517143714371435344e+07
9.527140714071406424e+07
9.537137713771376014e+07
9.547134713471345603e+07
9.557131713171315193e+07
9.567128712871286273e+07
9.577125712571255863e+07
9.587122712271225452e+07
9.597119711971196532e+07
9.607116711671166122e+07
9.617113711371135712e+07
9.627110711071105301e+07
9.637107710771076381e+07
9.647104710471045971e+07
9.657101710171015561e+07
9.667098709870985150e+07
9.677095709570956230e+07
9.687092709270925820e+07
9.697089708970895410e+07
9.707086708670866489e+07
9.717083708370836079e+07
9.727080708070805669e+07
9.737077707770775259e+07
9.747074707470746338e+07
9.757071707170715928e+07
9.767068706870685518e+07
9.777065706570655107e+07
9.787062706270626187e+07
9.797059705970595777e+07
9.807056705670565367e+07
9.817053705370536447e+07
9.827050705070506036e+07
9.837047704770475626e+07
9.847044704470445216e+07
9.857041704170416296e+07
9.867038703870385885e+07
9.877035703570355475e+07
9.887032703270325065e+07
9.897029702970296144e+07
9.907026702670265734e+07
9.917023702370235324e+07
9.927020702070206404e+07
9.937017701770175993e+07
9.947014701470145583e+07
9.957011701170115173e+07
9.967008700870086253e+07
9.977005700570055842e+07
9.987002700270025432e+07
9.996999699969995022e+07
1.000699669966996610e+08
1.001699369936993569e+08
1.002699069906990528e+08
1.003698769876987636e+08
1.004698469846984595e+08
1.005698169816981554e+08
1.006697869786978513e+08
1.007697569756975621e+08
1.008697269726972580e+08
1.009696969696969539e+08
1.010696669666966498e+08
1.011696369636963606e+08
1.012696069606960565e+08
1.013695769576957524e+08
1.014695469546954632e+08
1.015695169516951591e+08
1.016694869486948550e+08
1.017694569456945509e+08
1.018694269426942617e+08
1.019693969396939576e+08
1.020693669366936535e+08
1.021693369336933494e+08
1.022693069306930602e+08
1.023692769276927561e+08
1.024692469246924520e+08
1.025692169216921628e+08
1.026691869186918586e+08
1.027691569156915545e+08
1.028691269126912504e+08
1.029690969096909612e+08
1.030690669066906571e+08
1.031690369036903530e+08
1.032690069006900489e+08
1.033689768976897597e+08
1.034689468946894556e+08
1.035689168916891515e+08
1.036688868886888623e+08
1.037688568856885582e+08
1.038688268826882541e+08
1.039687968796879500e+08
1.040687668766876608e+08
1.041687368736873567e+08
1.042687068706870526e+08
1.043686768676867485e+08
1.044686468646864593e+08
1.045686168616861552e+08
1.046685868586858511e+08
1.047685568556855619e+08
1.048685268526852578e+08
1.049684968496849537e+08
1.050684668466846496e+08
1.051684368436843604e+08
1.052684068406840563e+08
1.053683768376837522e+08
1.054683468346834481e+08
1.055683168316831589e+08
1.056682868286828548e+08
1.057682568256825507e+08
1.058682268226822615e+08
1.059681968196819574e+08
1.060681668166816533e+08
1.061681368136813492e+08
1.062681068106810600e+08
1.063680768076807559e+08
1.064680468046804518e+08
1.065680168016801476e+08
1.066679867986798584e+08
1.067679567956795543e+08
1.068679267926792502e+08
1.069678967896789610e+08
1.070678667866786569e+08
1.071678367836783528e+08
1.072678067806780487e+08
1.073677767776777595e+08
1.074677467746774554e+08
1.075677167716771513e+08
1.076676867686768472e+08
1.077676567656765580e+08
1.078676267626762539e+08
1.079675967596759498e+08
1.080675667566756606e+08
1.081675367536753565e+08
1.082675067506750524e+08
1.083674767476747483e+08
1.084674467446744591e+08
1.085674167416741550e+08
1.086673867386738509e+08
1.087673567356735468e+08
1.088673267326732576e+08
1.089672967296729535e+08
1.090672667266726494e+08
1.091672367236723602e+08
1.092672067206720561e+08
1.093671767176717520e+08
1.094671467146714479e+08
1.095671167116711587e+08
1.096670867086708546e+08
1.097670567056705505e+08
1.098670267026702464e+08
1.099669966996699572e+08
1.100669666966696531e+08
1.101669366936693490e+08
1.102669066906690598e+08
1.103668766876687557e+08
1.104668466846684515e+08
1.105668166816681474e+08
1.106667866786678582e+08
1.107667566756675541e+08
1.108667266726672500e+08
1.109666966696669459e+08
1.110666666666666567e+08
1.111666366636663526e+08
1.112666066606660485e+08
1.113665766576657593e+08
1.114665466546654552e+08
1.115665166516651511e+08
1.116664866486648470e+08
1.117664566456645578e+08
1.118664266426642537e+08
1.119663966396639496e+08
1.120663666366636455e+08
1.121663366336633563e+08
1.122663066306630522e+08
1.123662766276627481e+08
1.124662466246624589e+08
1.125662166216621548e+08
1.126661866186618507e+08
1.127661566156615466e+08
1.128661266126612574e+08
1.129660966096609533e+08
1.130660666066606492e+08
1.131660366036603451e+08
1.132660066006600559e+08
1.133659765976597518e+08
1.134659465946594477e+08
1.135659165916591585e+08
1.136658865886588544e+08
1.137658565856585503e+08
1.138658265826582462e+08
1.139657965796579570e+08
1.140657665766576529e+08
1.141657365736573488e+08
1.142657065706570446e+08
1.143656765676567554e+08
1.144656465646564513e+08
1.145656165616561472e+08
1.146655865586558580e+08
1.147655565556555539e+08
1.148655265526552498e+08
1.149654965496549457e+08
1.150654665466546565e+08
1.151654365436543524e+08
1.152654065406540483e+08
1.153653765376537442e+08
1.154653465346534550e+08
1.155653165316531509e+08
1.156652865286528468e+08
1.157652565256525576e+08
1.158652265226522535e+08
1.159651965196519494e+08
1.160651665166516453e+08
1.161651365136513561e+08
1.162651065106510520e+08
1.163650765076507479e+08
1.164650465046504438e+08
1.165650165016501546e+08
1.166649864986498505e+08
1.167649564956495464e+08
1.168649264926492572e+08
1.169648964896489531e+08
1.170648664866486490e+08
1.171648364836483449e+08
1.172648064806480557e+08
1.173647764776477516e+08
1.174647464746474475e+08
1.175647164716471434e+08
1.176646864686468542e+08
1.177646564656465501e+08
1.178646264626462460e+08
1.179645964596459568e+08
1.180645664566456527e+08
1.181645364536453485e+08
1.182645064506450444e+08
1.183644764476447552e+08
1.184644464446444511e+08
1.185644164416441470e+08
1.186643864386438429e+08
1.187643564356435537e+08
1.188643264326432496e+08
1.189642964296429455e+08
1.190642664266426563e+08
1.191642364236423522e+08
1.192642064206420481e+08
1.193641764176417440e+08
1.194641464146414548e+08
1.195641164116411507e+08
1.196640864086408466e+08
1.197640564056405425e+08
1.198640264026402533e+08
1.199639963996399492e+08
1.200639663966396451e+08
1.201639363936393410e+08
1.202639063906390518e+08
1.203638763876387477e+08
1.204638463846384436e+08
1.205638163816381544e+08
1.206637863786378503e+08
1.207637563756375462e+08
1.208637263726372421e+08
1.209636963696369529e+08
1.210636663666366488e+08
1.211636363636363447e+08
1.212636063606360406e+08
1.213635763576357514e+08
1.214635463546354473e+08
1.215635163516351432e+08
1.216634863486348540e+08
1.217634563456345499e+08
1.218634263426342458e+08
1.219633963396339417e+08
1.220633663366336524e+08
1.221633363336333483e+08
1.222633063306330442e+08
1.223632763276327401e+08
1.224632463246324509e+08
1.225632163216321468e+08
1.226631863186318427e+08
1.227631563156315535e+08
1.228631263126312494e+08
1.229630963096309453e+08
1.230630663066306412e+08
1.231630363036303520e+08
1.232630063006300479e+08
1.233629762976297438e+08
1.234629462946294397e+08
1.235629162916291505e+08
1.236628862886288464e+08
1.237628562856285423e+08
1.238628262826282531e+08
1.239627962796279490e+08
1.240627662766276449e+08
1.241627362736273408e+08
1.242627062706270516e+08
1.243626762676267475e+08
1.244626462646264434e+08
1.245626162616261393e+08
1.246625862586258501e+08
1.247625562556255460e+08
1.248625262526252419e+08
1.249624962496249527e+08
