1.961566606868681006e-02
1.387650117546227607e-02
8.137336282237743815e-03
2.398171389013211557e-03
-3.340993504211322435e-03
-9.080158397435852957e-03
-1.481932329066038695e-02
-8.888535868776338555e-03
3.113763095551849713e-03
7.026341054824999759e-03
8.362484744065784570e-03
5.831383223897562695e-03
9.090091340459320254e-04
-4.058451685706670510e-03
-3.845786896670266592e-03
-3.633122107633863108e-03
-2.357235747828936856e-03
-7.900529724016334618e-04
9.377727563123544521e-04
2.671090401131718649e-03
1.948533337566486171e-03
1.153493832116689799e-03
2.508765766233937884e-03
3.012627313682835276e-03
4.819670156651530146e-04
5.722258881741962896e-05
-1.625587854631480988e-03
-2.813654858618620282e-04
9.748885996479209797e-04
1.787168859002112933e-03
-3.991277854871319239e-04
-1.896693931012222037e-03
-1.776413504359188001e-03
-7.204968912970770994e-04
2.499386193894662621e-03
1.864682630313813615e-03
9.289537841953684127e-04
8.084994525551567187e-04
1.022341587629399962e-03
2.095134494025208127e-03
2.779241703592237427e-03
-6.262239027502503920e-04
-1.655523737244987388e-03
-1.123575586039207968e-03
-2.667031311524035997e-03
-3.002002809075951344e-03
1.253600781877997790e-03
2.629151580213076513e-03
1.733242277138266185e-03
5.331282094501554707e-04
6.743229926383055226e-04
1.447991371863163778e-03
-2.486656377800247966e-03
-2.186826561117511617e-03
-1.326849691598896812e-03
-9.327571767646673437e-04
-7.329359228792316824e-04
-4.979830655606415704e-04
3.451967439429225442e-05
6.666193279579511830e-04
2.022313052586235905e-04
-2.621567174407040020e-04
2.475331691518496430e-03
2.776545320193576569e-03
-1.735167286719293406e-03
6.231897730893543735e-04
-1.528806107936075184e-03
6.809421237248865916e-04
-2.212121581373933856e-03
-7.543043085714131249e-04
2.080839747059490784e-03
1.781953467169683980e-03
1.187723730091279871e-04
9.606715871767485936e-04
-1.625696004084902597e-03
-2.937964677046607520e-03
-3.149419902370291860e-03
-2.611268191253885915e-04
4.389339183282821126e-03
2.883384158302428578e-03
6.464598281607365467e-04
1.055885905578971516e-03
-2.855759676533434557e-04
-1.930952166544340921e-04
-4.115085546775764519e-03
-1.174489865623666845e-03
-5.753464055298185102e-04
-1.918779851770520449e-03
-2.753447739832251898e-03
1.048492560785560827e-03
-1.549438199075704476e-03
6.022289172845948606e-05
2.220424871760668349e-03
2.474507122849048130e-03
1.592416522947306696e-04
-1.321962578261730477e-03
6.105634493234544762e-04
-1.841876655275040062e-03
-3.787336500497276957e-03
-4.820018666420574673e-03
-3.942140254665238777e-03
-1.730684266921946914e-03
9.442584153424185642e-04
3.010495927158180710e-03
3.100080902574245227e-03
2.416633830834429529e-03
1.693196902624110982e-03
1.877786067092314989e-03
1.048683233887601467e-03
1.422163789217445896e-04
-1.732561349033320179e-04
1.206192210263507371e-04
1.696679784925760222e-03
4.905852666634454278e-04
4.650298962693978329e-04
6.129319594498242128e-04
-5.828831948607624772e-05
1.253490655381158531e-03
4.650059179023865834e-05
-2.321551873281815608e-03
-1.058372534299939060e-03
-2.003761131158595006e-03
-2.562853251188628844e-03
-2.692077092655236967e-03
-3.774877511886010409e-03
8.378628142017703856e-05
-6.398212226810684076e-04
-2.006357091298510914e-04
1.549455613301341933e-03
1.147691765499103287e-03
-1.004822688534416381e-03
-3.272220121545656949e-03
-7.905528335454384313e-04
1.051203686005578635e-03
-2.319258146195268822e-03
-3.196527326189832745e-03
1.525781270939710263e-03
4.364884784584721275e-04
2.097344387208646341e-03
2.848578506511854642e-03
1.291110878250024832e-03
-2.880200013074678787e-03
-7.516793571818408508e-04
-2.834322492762561454e-03
-1.952260796582630086e-03
-5.277911694672112082e-04
8.855040101543067144e-04
2.371811788659101278e-03
1.006037404254609595e-03
8.186585951242284290e-04
-4.063485938534134993e-04
-4.383581297522418487e-04
-2.408850765644619894e-03
-6.308049680571311581e-03
-2.649103365748326465e-03
-2.057338313519732880e-03
1.046327612334871718e-03
1.168524020949922564e-03
8.801741277112760768e-04
8.874888232100906684e-04
-1.385524509314230938e-03
-1.912588330693998015e-03
-1.906557964178520791e-03
-5.850943359895172634e-03
-1.791434338628140888e-03
-1.131733249039654351e-04
-6.456311062700273093e-04
1.717402857102962206e-03
3.285357874752027792e-03
2.254077878497684484e-03
1.425015953994802388e-03
-5.517743051007874006e-04
-2.523822683260651834e-03
-1.330612066301315463e-03
-3.612311642899978907e-04
-2.487443214213073267e-03
8.122354836485566609e-04
2.813469014913235876e-03
3.434754430308325796e-03
2.538699747604974619e-03
1.007660610591245816e-03
-9.994031436932173176e-04
-1.987472290763668895e-03
-3.569836973954107311e-03
-3.835797226984184651e-03
-3.465021968657724331e-04
2.637636803022639764e-03
2.350353013625617465e-03
2.904526586611345593e-03
2.483322290909533055e-03
1.685602710930716227e-03
-1.189772376454890663e-03
-2.484830485428410080e-03
-1.981957272916889078e-03
-5.728536068481278592e-04
3.377228526201765234e-03
-5.197079980488574294e-04
2.686336432963596938e-03
2.269964955673396938e-03
6.859953995588081391e-04
-2.023378046706019850e-03
-2.612006943873893157e-03
-2.905614113985251733e-03
-2.427574711307362455e-03
-8.467405752636027183e-05
1.386627432062670666e-03
2.596937281002519547e-03
2.157020233586989973e-03
1.875839035261368934e-03
-4.866314214320323480e-04
-3.414320885143814349e-03
-4.610322224990344095e-03
-1.909540277819265792e-03
-1.624565338848872262e-03
2.059478541319875212e-04
6.232039428374169885e-04
4.303084051572884840e-04
8.098595385390636170e-04
-2.308049585755791045e-03
-6.798362765346607989e-04
-4.539586528809532590e-04
2.125090735243599345e-04
1.213105157507983131e-03
2.823726370994240897e-03
1.406909198323749374e-04
-1.270822219058962820e-03
-1.451064727813627031e-03
-1.464760567499130868e-03
-4.266754359949834034e-03
-1.955213858537899543e-03
-8.777813450251268539e-04
2.080616778365471011e-03
2.668455892127030802e-03
2.666954806285259071e-03
1.287438297663580106e-03
-1.052365897973793181e-03
-3.329276338256740263e-03
-3.100607835684468256e-03
-9.951151168123770208e-04
9.780303794508994793e-04
-5.161125820524786918e-04
7.121828541532286214e-04
2.699843493230272978e-03
1.139584527969187376e-03
5.208658455700028618e-03
3.020687019448685048e-04
-3.994588749011456462e-03
-3.049064875364474250e-03
-1.670853209415746818e-03
-5.554827674604945718e-03
-1.295085033362640631e-03
1.812185512421490667e-03
2.563117869816528439e-03
5.706131341634257913e-03
3.865404903831656021e-03
-2.529544830932128549e-03
-4.629398280364867453e-03
-5.395290660514971345e-03
-6.180848776271979927e-03
-3.804142207080125990e-03
1.348110071902565085e-03
3.626389760607279245e-03
4.716328099272497874e-03
1.617814874699928778e-03
-3.254046463157284790e-04
-1.048621230423776862e-03
-4.224911172703496066e-03
-2.336125978075377294e-03
-2.173945711071151657e-03
1.094602503731746494e-03
1.119332102086419839e-03
2.916129105762247861e-03
4.030638246408498222e-03
3.571278217317932525e-03
4.021805522713966553e-03
1.373334434717090376e-03
-1.973474808985297389e-03
-1.276434606876872225e-03
-2.666843073215252775e-03
1.204161543239177200e-03
-2.079329430613798511e-03
1.416804522244158315e-04
1.399713502050913341e-03
8.364719438357851164e-04
2.208281838179049043e-03
3.046594327254831432e-03
1.347435918483214090e-03
-9.704871310209076856e-04
-7.220382755760900925e-04
-3.546597746091571628e-03
-2.715354674668590210e-03
-5.848106470100251529e-04
1.852757476542331652e-03
2.357157208663148741e-03
2.246060650761510895e-03
1.787368509047870379e-04
1.583374017503339296e-03
-1.274539676591162751e-03
-3.053216966795386459e-03
-1.689543544213130237e-03
4.329577884497628169e-04
3.913779005771317494e-03
5.045251753804344194e-03
2.572556515261991642e-03
7.022699382101451476e-04
-1.883775328748919439e-03
-2.840870573108510849e-03
-2.116372547358775103e-03
-9.385604666947208047e-04
-1.634793298428883438e-03
1.724849422718813816e-04
1.382788822689545640e-03
1.541947091285874368e-03
1.922421134878510600e-03
4.524242563897723588e-04
1.017153903371013977e-04
-4.895157169481576800e-04
-3.799675571361148252e-03
-3.989786093898284487e-03
-2.662271932333524528e-03
-1.023804245605257606e-03
1.051386345879329375e-03
2.475277140263032211e-03
7.319996958731905552e-04
-1.274302033427513088e-03
-1.342546353062396176e-03
-1.086055505645339885e-03
-1.080470200348015129e-04
-1.515179076807290307e-03
-1.873749073962685226e-03
-4.705460241847513058e-05
-4.671329378717911196e-04
-3.254547780442459785e-04
-9.403926445773473533e-05
4.511605282605316014e-04
1.680250651769726183e-03
3.192845932598408366e-03
1.778667473827481426e-03
-1.170839556427002038e-04
-4.149146257877660456e-03
-2.717770795748718649e-03
-3.317033594673336229e-03
-1.167319807015285323e-03
1.038862854116132410e-03
2.055653389346261996e-03
8.011608448164194915e-04
1.276107429793421405e-03
1.646032236067935129e-03
-1.903328645766636049e-03
-2.602397795258922300e-03
-1.148364815602338079e-03
-2.437044883829285555e-03
-1.531730897221339786e-03
-2.783587106799102675e-03
-6.986022040331514756e-04
2.438827314142274008e-03
3.197579005872056620e-03
3.962976879808926232e-03
2.709591898294319047e-03
-1.092464437645315409e-04
-2.450051045351574024e-03
-3.866469386527476241e-03
-2.804411790988723882e-03
-1.378314582004501508e-03
9.334255769312517839e-04
2.649647204516320746e-03
-2.026197323133190000e-04
2.491189565321079869e-03
1.211769914708503947e-03
3.755743600794846679e-04
-2.786345827074153490e-04
-4.752366421967708335e-04
-2.842702490848250728e-04
-1.236359505947614776e-03
-6.045551506002683683e-04
-1.978590923092088784e-05
8.232597408537598634e-04
1.031292598508379852e-03
1.671364001795832849e-03
2.920186795632626151e-03
9.706290168801434215e-04
2.346031866485638606e-03
-2.676733994323090161e-04
4.203743513701601242e-04
1.281325038024495270e-03
1.563320573141035921e-03
-8.456427071909305634e-06
-8.731399670400205332e-04
-2.104154565189566596e-03
2.892476431958336883e-04
1.668761774940434681e-03
2.640384121225298857e-03
2.276326525532567507e-03
2.931881232731435583e-03
3.460287731315342744e-03
1.861754076666069730e-03
2.722618842429639502e-03
-5.400552340999499341e-04
-2.105691372341701988e-03
-3.471525428028891455e-03
-5.800264110297528560e-04
6.891709651301050838e-04
1.353544110207757995e-03
6.133293436830291072e-04
3.231173454414459456e-04
2.981660499963628350e-04
1.695464195650452479e-03
-2.317342530557079620e-03
-3.442249299326447833e-03
-1.898352694702186687e-03
-1.127278354724462047e-03
-1.973500243272745692e-04
2.141195713652085161e-03
3.140601878447798253e-03
2.839242844947926798e-03
9.538709302960477702e-04
-1.788157922380076252e-03
-1.582796312651900709e-03
7.060709735949748708e-04
-8.138748047792603978e-04
-1.860944767900777480e-03
-1.168144098020817458e-03
-7.067844869729622949e-04
-3.351206840627323521e-04
9.127031867554595730e-04
-1.226544182376639817e-03
-4.263541804418872257e-04
-8.692154118608529361e-04
-6.101690614005376816e-04
-6.636288891943216721e-04
-1.560981522918239005e-03
-1.580818153157362120e-03
-8.889798380750944850e-04
1.190193954734916322e-03
3.863913360138192775e-03
-2.056318197643004081e-03
-3.742336858636069550e-03
-2.542874498518555085e-03
-2.642419201507521190e-03
-2.071981726806392497e-03
1.128071638067605609e-04
4.327300903077203800e-04
2.364417533494824820e-04
2.317688773073460322e-03
5.037706843565871104e-03
1.710549008989934242e-03
-1.764943116223557408e-03
-1.499368809505359718e-04
-8.052153695195685568e-04
7.118067651987690890e-05
1.860393426533311174e-03
2.260258589065152791e-04
3.618467085584827631e-03
1.039262615226238659e-03
1.830612732499608403e-04
1.996016922028454217e-03
-7.362007480471721710e-04
-4.230810328885064794e-03
-2.221468636111406051e-03
-2.126892139049821155e-04
1.934896945954118607e-03
5.819024267442443523e-04
3.488812419724381542e-03
2.778510491176185322e-03
-9.168426973318059749e-04
-3.256517677340523519e-03
-4.558111824106191382e-03
-4.412802717830809941e-03
3.885672065702246657e-04
3.357491146712184276e-03
2.762364719298719337e-04
-2.288010255264439838e-03
-2.271650974094732451e-03
-1.020400114283771115e-03
-1.513248708502539864e-03
1.024462818466258165e-03
-1.437098580485403820e-03
-2.791469170841567871e-03
-9.676487368493521396e-05
1.347061852614333827e-03
1.948122247627244279e-04
-7.874827525104489663e-04
-3.313511888132076016e-04
1.416178428616685255e-03
1.960382123863708449e-03
3.719872351025843744e-04
1.169317007093515024e-03
1.955567405961982416e-04
-2.106689205865849672e-03
-1.215581921186100357e-03
-6.734329093532193111e-04
-8.822164948114114740e-04
3.023366022531514836e-04
1.655975416624563042e-03
2.984997901599280995e-03
1.655630588881520319e-03
-3.015044358419894169e-05
1.731308366708437900e-03
-4.162458584562577770e-04
2.057061753665402441e-04
-4.020571251272735819e-03
-3.597780346262276089e-04
1.385364260894451265e-03
-1.241939997374969570e-03
-2.701796544319821219e-03
-2.934609934937686647e-03
-5.255699090488037163e-04
2.716472047737662505e-03
1.078367045867180060e-03
1.733120938640365840e-03
-6.717447594938486151e-05
-1.974271708155024736e-03
-1.388168611866448087e-03
-2.617303970288554441e-03
1.440090032705762784e-03
2.704063116830553951e-03
2.785874173367387536e-03
6.444337380721635276e-04
1.379780962195069219e-03
4.552854703239340300e-04
-1.358981411167164326e-03
-1.293045563829426769e-03
-2.345330785210290956e-03
-8.542335837485775032e-04
8.517461950831152571e-04
5.660093880532376769e-04
9.479227934783168198e-04
2.098170900097284363e-03
1.387965019999604522e-03
5.106584913902150738e-04
-8.505090585420073401e-04
7.200913388914764734e-04
8.114650437474231481e-05
8.829601038367602787e-04
5.696713232329019255e-04
2.574077290449432003e-03
5.342558945550168401e-04
-4.036642687403526469e-04
-6.546732743669212568e-04
3.101010705548303882e-05
-2.663833024887375905e-04
-1.340950977951255174e-03
-7.639222526525674822e-05
-4.383615535096836843e-04
4.491139873435266066e-04
-2.370311210480817833e-04
2.364764994546411474e-03
9.015405183888519636e-04
1.144094829822264302e-03
-1.406211599709709936e-03
-1.768814755086027838e-03
-2.431285636203660977e-04
1.392297829455519482e-03
3.107984224747351205e-03
2.895319248737122843e-03
9.988230560475958465e-04
-1.740970286808828094e-03
-4.341783545601158104e-03
-1.783306037185633823e-03
-3.454535288908281744e-04
-2.161229957929677176e-03
-4.230763899712394228e-04
1.552407497835552085e-03
2.035696129847343414e-03
2.654021425632997495e-03
2.229136354072969346e-03
-1.607525481804664797e-03
8.710481120297259086e-04
-3.606914531731039101e-03
-2.926435765299742649e-03
-1.800131474611145043e-03
-1.066867958326015754e-03
2.051991744607243456e-03
2.248999863919771448e-03
9.470607757034159996e-05
3.803009951635095802e-03
1.755625735564375709e-03
-3.390829336081250438e-05
-1.467671265312693943e-03
-2.293757805638170760e-03
-9.759911024734278014e-04
2.398020913754706288e-03
-3.792376539257930057e-04
1.330269946683065516e-03
-2.431657988559536576e-04
1.082832148246083530e-03
-1.279021109225066686e-03
-1.775666208722325628e-03
9.013930579064061317e-04
1.454541781972116350e-03
-6.029781757657683670e-04
-2.759237516212452446e-04
2.042165956366233902e-03
1.832289808561458205e-03
-1.567507864475923456e-03
-1.539757541630138414e-03
1.519718480433625372e-03
1.493888520653945161e-03
1.751381427161527709e-03
8.190256154377486414e-04
-7.929712251874782101e-04
-4.647347201550990764e-03
-2.802454928690163629e-03
-1.609034345385902242e-03
2.164315056904055675e-03
2.549043144063789946e-03
4.181887073010466180e-03
1.876721103840893815e-03
1.906646225324999449e-03
1.356066109567801619e-03
-7.068377348614527040e-04
-1.581554365804134585e-03
8.525650601492770590e-04
1.750741122131696135e-03
3.161182340456409386e-04
1.281093575597429604e-03
2.913973394233316822e-03
3.266446446597662603e-03
1.941598912755505835e-03
4.030202032074600552e-04
-1.523801340869074478e-03
-4.265539490830297896e-03
-4.552418411157378025e-03
-3.638302725532655164e-03
8.458146465389076605e-04
2.692886366044206902e-03
3.224817926275376327e-03
1.029723867038332807e-03
-2.255565699732410209e-03
-3.083807404963192795e-03
-3.227577325177727764e-03
-1.803335087993938619e-03
-4.620779830501170319e-04
1.361496159577346363e-03
-1.052589109408223408e-03
7.249103410307701891e-04
2.187589167314566048e-03
1.740325378063558789e-03
8.344116968998867203e-04
-1.162248598905575797e-03
-1.713561762527441527e-03
-1.117203699089312037e-03
3.459739581064210940e-04
-9.043296984806924958e-05
-4.893060686868083101e-04
2.127028393226308711e-03
1.607386517051808631e-03
4.374642841400426529e-03
-5.659133916269994125e-04
-9.462574650125025067e-04
-1.910124291217245654e-03
-2.951583730981385476e-04
-1.124679709774217221e-03
-1.998211790405107855e-03
-2.175785579789421293e-03
-1.589332508657209176e-03
-6.205983753437445665e-04
5.696426438852868201e-03
2.836208038662346113e-03
8.514371885128649590e-04
9.902822370365727597e-04
-2.090720475771374025e-03
-1.816760946329459185e-03
-1.531721457572225113e-03
-4.166484148574781630e-04
1.225688696325497647e-03
2.287826602076415382e-03
2.599756408423158083e-03
2.338954818889705904e-03
2.539339954728340922e-03
1.217660282715873682e-03
-1.308518537001569781e-04
-1.297990652236164118e-03
-1.501741823268356712e-03
6.008487409592572388e-04
-7.887098851847016475e-04
-3.243246223348100407e-03
-9.203641137078139023e-05
3.647524436227315742e-04
1.327745020177952592e-03
-4.426446317349217656e-04
2.845836520107032554e-03
-2.655280474826753750e-03
-2.779798693570265013e-03
1.431241799385050972e-03
1.638770480014662464e-03
2.274898833019292459e-03
3.167306047591197850e-03
-2.426017630644283687e-03
2.512730843422546993e-03
-5.294317575987852673e-04
-9.267438078682868619e-04
1.071167470171152485e-04
-1.729542232704042812e-03
-3.171244121179915424e-04
5.323377719358431126e-03
2.621674857618838412e-03
4.089156570650366411e-04
2.648636876418299264e-04
-9.968129590710607651e-04
-2.964712183501125742e-03
-1.392025416159383723e-03
2.618660903976857864e-05
4.669961500930621887e-03
2.017720980369027469e-03
-2.646048789386080827e-04
1.774772050522945618e-03
3.181396264587250076e-04
-1.891116692244728748e-03
-2.393930995186925766e-03
-3.313839204242660826e-04
-5.884977733714460936e-04
-1.333885751047559579e-03
1.376747130189384227e-03
2.526780777977106519e-05
7.261835026215636554e-04
2.728529434667947839e-04
-2.072777648131291298e-03
-1.880642832842468245e-03
-2.032030387391393911e-03
-2.085331571379714106e-03
-2.015473870012770424e-03
1.728029319306349874e-03
2.165079817222892965e-03
1.658299409453530774e-03
1.756456649153146157e-03
2.515368069824689898e-03
-1.781712539242649848e-03
-1.259739596821623109e-03
-6.488494352417652168e-04
1.852670745101546272e-03
2.601488705130061869e-03
1.000716193390694970e-03
-6.255690739899469549e-04
-1.452362016671071435e-03
-1.445585561753888514e-03
2.792085186316179204e-03
1.474666476937775209e-03
1.213443076514703458e-03
2.343099803120964227e-03
1.328413190922794794e-03
-3.094140402839234299e-04
2.583357741434039482e-04
-2.305941968420727010e-03
-7.384844166559724997e-04
-1.551255926768478014e-04
4.596461090923340941e-04
1.138671769099157361e-03
1.981302002279186278e-03
1.027212598364042996e-03
3.092233728405435040e-04
7.664351909271159037e-04
7.451559293867264901e-04
-2.350746845688389455e-04
-2.643623683502585803e-04
-2.168020875739875251e-03
-7.853330060883364702e-04
-6.718490355230004188e-04
-5.964233418865195341e-04
-6.776986738206829683e-04
1.217137749818820395e-03
-4.940786386512388897e-04
-9.267478745256891789e-05
-1.948905398628303668e-03
-1.901585627538327199e-03
-2.742610602385820405e-03
6.287348378653838865e-04
1.657530124576033674e-03
-6.652553237884331443e-04
1.434929611584028365e-03
-1.306401678909603452e-03
4.546483621615574587e-04
9.165747654665923165e-04
4.083539130927113297e-04
1.659588494989072118e-04
8.666462142679529860e-04
1.710734045931509677e-03
3.177112788163720652e-03
1.945834787673262787e-03
7.145567871828044891e-04
1.558121876825469421e-03
-1.390076869739173548e-03
-3.769725165511098128e-03
-3.073348573298067057e-03
-1.313885158677535400e-03
-2.977663911342955062e-04
-1.670532823088829479e-03
-1.759243811332504397e-04
1.241374550203828628e-03
-6.715840545781478002e-05
-2.118349439106769340e-04
-2.410520045330284862e-03
-2.226799838534627377e-03
-6.699088551040855051e-05
2.559543541192918666e-03
9.810714726288488445e-04
-1.015076999780706530e-03
-2.035250321688504560e-03
1.088337983380229879e-03
3.893375578575897829e-04
3.756969365392461273e-04
-9.108216351816237960e-04
-2.032895445311330186e-03
1.450764789762275546e-04
3.523083212988703701e-03
3.278359378923705568e-03
3.582262261858946105e-03
2.496403044936466777e-03
2.305341357370272078e-04
1.982004714928191184e-04
-1.705882834086681595e-03
-1.650434925642876903e-03
5.251517723956467508e-04
-1.657060718334791086e-04
8.609456294733979984e-04
2.640933980256382398e-03
2.897771120073905186e-04
-1.315083358101625920e-03
-1.157364398992539447e-03
-2.996890419331249729e-03
-2.971728962599908940e-03
-2.948483138959733050e-03
-4.872841473204576369e-04
-1.328813649752168550e-05
-7.124816225720463766e-04
-1.702937049725789746e-03
-9.996442195839569736e-04
2.276628550688623766e-03
1.047551411709163154e-03
-5.277508875437555112e-04
-1.989138106785918320e-03
-3.919081323477761544e-03
-3.887143461189897925e-03
-2.966044061916223162e-03
-2.383363443602466714e-03
-2.123366241908191190e-03
3.601257346336541980e-03
4.126949963856894887e-03
2.467125826318867197e-03
-3.650056505045994656e-05
1.774336140748958117e-03
-2.572285793144028863e-03
-1.135312905491801631e-03
-9.339225736436815003e-04
-2.061186763238205717e-03
-3.319746358077949825e-03
4.712494116196444191e-03
2.642160067713515952e-03
1.830937688568658184e-03
2.197436834825601537e-03
-2.460646339113420865e-03
-3.201507004992896858e-03
-7.904664773589284042e-04
3.129454690105620482e-03
2.632905435795555946e-03
4.933362536938409263e-04
-4.037550354726006591e-04
9.623099548084629307e-04
2.304756800801976632e-03
1.873849104932310584e-03
1.909726257049099932e-03
-2.280345633558874445e-04
1.648990442697718679e-03
-1.255295357171399683e-03
1.386694350365430626e-03
-6.808036749828721198e-04
-1.282572042003411435e-03
-1.565951076041663739e-03
-2.350723358505546305e-03
1.603619548554769455e-03
-5.671319815603592662e-04
-1.679732125025518554e-03
-2.538511109280171089e-03
-5.625349164681122879e-04
-1.145918833163749040e-03
-1.089377455543774458e-03
1.169003243575577299e-03
-8.696183080210207524e-04
-1.053405600967185184e-03
-2.022948497001966599e-03
-2.176084136666128939e-03
-1.786576940140859483e-03
-8.454091598311956786e-05
4.675249550487445207e-05
2.551559866246427626e-05
7.845230549703645131e-06
-3.836493462423916498e-04
-8.315596955609726951e-04
-1.372361154369786812e-03
-1.397496992955165815e-03
-1.471459357815530292e-03
-6.486832563650844850e-04
-5.838609588942067236e-04
1.467345884491464553e-03
1.495945794542676704e-03
2.722562690134042347e-03
-4.975072992727414684e-04
-1.022038960166485886e-03
1.240364567370438051e-04
-1.725948090270825038e-03
-1.495733843601092152e-03
-8.243831830613349010e-04
-1.097741864712671860e-03
-1.538680858968340635e-04
2.853546238555205311e-03
2.747703632520531822e-03
-5.046172521312354423e-04
-5.633345393160527244e-04
-5.514742943484243634e-04
-5.223572564540805057e-04
-1.548863441983758986e-03
5.326453209620342875e-04
1.669986704698400585e-03
-6.243813167647647251e-04
-1.361809192629899294e-03
-3.320856558391505845e-03
-2.704602132820322843e-03
-9.197291600630186012e-04
6.247708839619077643e-05
-2.450492921269422156e-03
1.417014823001968953e-03
-8.284214802509215795e-04
-1.346822514366447345e-03
-1.392334139560934487e-03
-5.654872775599052237e-04
-1.995581002720288148e-03
-1.683229735125187781e-03
1.598663244836016212e-03
2.032206351006035812e-03
3.108666958134869568e-03
1.150698678597879623e-03
-8.354490503912356076e-04
-1.755922296930860363e-03
-1.435422137867522086e-03
-1.129303114621331861e-03
-1.103222904719219086e-03
-1.158694788270046286e-03
5.578799626197739883e-04
2.829035508193684760e-03
3.038570821526329589e-03
-2.864256195895506334e-03
-1.543650270066836225e-03
4.927352803611048876e-04
-1.443992591581607764e-03
1.871964505124787750e-03
1.607535751637009791e-03
8.550498853537758393e-04
1.799271273947696849e-03
1.485910953168102832e-03
1.458192148210329074e-03
8.558768579870125893e-04
1.081296705506294481e-03
1.558622597127804627e-03
1.738191699923984698e-03
4.232953013454296941e-04
-1.255979553584226152e-03
7.923794622599833947e-05
-9.679739952114759568e-04
-1.038252691301420330e-03
1.074125926675882289e-03
-9.723798473773154465e-04
-9.977041809561488020e-04
4.610400348933507047e-04
2.141872583077620218e-04
-4.674289990047052787e-04
1.262365024474583269e-03
3.091745560963569776e-03
-2.888241655190323161e-03
-3.024781937046430291e-03
-3.437674342589634550e-03
-3.258952459943028398e-03
-4.587805684838564685e-03
-3.278831680907764914e-03
-1.796585832786169951e-03
2.913857343163989144e-03
1.906667199677586442e-03
1.617904041597516534e-04
-1.965617331025787742e-03
-1.361308880387341463e-03
-6.978534313255406202e-04
2.896848315485467222e-04
8.652708735843780280e-04
1.349586275971955632e-03
2.797537363970282846e-03
7.421422789776132515e-04
1.287063367601513648e-03
-2.668640888807449849e-03
-1.118476905742605025e-03
-2.407022012810508278e-03
-2.772593981459649509e-03
-1.647818392711513811e-03
-1.091276697963929239e-03
-1.647390598617106284e-03
-2.826677542264723238e-03
9.696911619574641057e-05
-8.287313576158094469e-04
3.107758228372947793e-04
1.550150039017669876e-03
1.846989609694190586e-03
1.622429777803190880e-03
4.939472329859057476e-04
-1.605882393971079167e-03
1.953920347391895247e-03
-3.303184004096937441e-03
-3.980041408386114123e-03
-3.439647284743765562e-03
5.296071332037477009e-04
1.923878278823260447e-03
1.338711965161588262e-03
4.350593771340127225e-04
2.515209004282574750e-03
1.210817890812104737e-03
-8.681234772534786488e-04
1.976606269952026554e-03
1.648561229126550625e-03
3.021905214035103520e-03
1.623588098103149763e-03
8.162547387864044299e-04
-2.056412194191684951e-03
-3.230657619257151260e-03
-1.732504882499057933e-03
1.085295849641704008e-03
1.752733304881883437e-04
-7.569123965563945939e-04
-6.442524524648534506e-05
1.098875935008539802e-03
1.987476241271996479e-03
-2.154323157362236178e-03
-3.348999159132586955e-04
-1.555018471933999338e-04
9.746334699080991173e-04
2.371341590239551145e-03
2.279784878535961838e-03
1.903689272318357609e-03
1.709211286128353192e-04
-2.888001574168771405e-04
-1.295139637994442271e-03
-3.102527508980049403e-03
-1.093743749897607004e-03
8.807490180721970659e-04
1.165841185993515220e-03
-6.102478995560810596e-05
9.789967307830629590e-04
2.771189004950985659e-03
1.974177938778005122e-03
5.852672523444158630e-04
1.651554624836398723e-03
-2.418834704472702744e-03
-3.249854545071408085e-03
3.157767934198020716e-03
1.005126402364424180e-03
1.134594200113590683e-03
5.930674983247916608e-04
-7.690727815693361447e-04
-1.935326167584332279e-03
-7.905332121681308850e-04
-1.299269996075020890e-03
-2.910605182222433893e-03
3.273831441144436569e-03
1.414762413365629884e-03
3.753633583006448816e-04
-7.804380143412375593e-04
-2.108558940766904876e-03
-1.903606201635046511e-03
-1.657612434482248071e-03
-2.067725296409238158e-03
-8.648533568223950446e-04
-8.973007729985755946e-04
-4.822177221308122409e-04
3.357328856672372498e-03
3.680838391343758259e-03
2.636032747433335668e-03
3.664486259192239613e-04
1.196151215547335087e-03
-1.513198424521932034e-03
-2.008982707361989598e-03
-9.218606792476614128e-04
3.022923238648316663e-04
8.890942395064126364e-04
1.103321975847379238e-03
1.180613881013322904e-03
2.404775124250895652e-03
1.271681911180565228e-03
-2.897773472059425592e-03
-5.551586498655485674e-04
1.460927398166078119e-03
-3.632774278033375800e-04
1.782574943117282281e-03
1.552177426877048754e-03
4.440023984619198213e-03
2.049275679495678616e-03
7.416850814429700551e-04
-1.854479706662439525e-03
-2.019747151158576663e-03
-1.904670596528078687e-03
-4.371697854054525361e-04
-2.793196973567648768e-04
2.840260494265962627e-03
1.711999305214225277e-03
3.616874705988956922e-03
2.045548612487123850e-03
3.340224288528265226e-04
-2.923131938952497821e-05
1.896391633699686784e-03
3.590029427319594213e-04
1.379983889406747894e-03
3.129931941375594957e-03
-1.109694095327560560e-03
-3.799080007789360121e-03
-4.099910015836800634e-03
-5.262856052354915326e-04
1.035561225304902720e-03
-8.050286789398229323e-04
-7.161378377423465672e-04
-2.709013014287622542e-04
-1.191342088015818340e-03
-1.681995271805989322e-03
-1.438987992519830507e-03
-5.067228919117998734e-04
5.510907106239383395e-04
-1.006621461366103819e-03
-3.805233080674313463e-03
2.372317502170469793e-04
-1.142675379922582007e-03
-1.386485944137945143e-03
-1.630296508353308495e-03
4.641476792135605981e-04
1.629299531753001346e-04
2.234887998452417821e-04
2.429904212396062201e-03
2.374235050792484081e-03
4.282488805709885730e-04
1.639988162398982059e-03
4.077077105995839407e-04
-2.036305017902025755e-03
-1.739245476379636200e-03
-1.443166853162305844e-03
7.156543434367736243e-04
1.813078304536046422e-03
1.742511802783023624e-03
2.976049354291018106e-03
-1.163854773551580186e-03
-2.355677192542196085e-04
2.980656160840467611e-04
-2.131878860425466364e-03
2.136506386218826707e-03
-2.198589542823961053e-03
-1.140677830952092821e-03
-2.283756248796604479e-03
-4.889190783376631648e-04
1.466288183895906802e-03
9.313274883069375511e-04
1.682581850506262473e-03
4.499558390933244834e-04
2.176378792758202046e-03
-5.738973633714554001e-04
-2.114161793335457042e-03
-2.653602163832908742e-03
6.196437665436510533e-05
-4.375245137391663413e-04
-8.822464866892450533e-04
-8.166177623089352191e-04
-6.129700118076264991e-04
-9.929948159715978797e-05
4.532694432110384673e-04
4.098587889465609454e-04
2.067256196677106847e-03
-6.741945637639005021e-04
-1.851529787878152455e-03
-1.808868149744381325e-03
-1.049048181760129424e-03
-2.052240096474331876e-04
3.010057591435942766e-03
2.434978090182104808e-03
-2.904730869754987115e-05
-6.510090441502728751e-04
4.439569567700989280e-04
1.210251733651052748e-03
4.782529176384790119e-04
7.630644441511435280e-04
3.453207642420466020e-03
1.324884586097951986e-03
2.226118042447986986e-03
2.582635526838471945e-03
1.142220318574817782e-03
-2.686395482491178363e-03
-3.786132013059517222e-03
-3.090118448342896867e-03
4.688410362969124218e-04
8.086756898466223361e-04
2.454340337694185283e-03
-5.452717654087915278e-04
-8.570260632676042533e-04
-4.062910563180634378e-03
2.531704714762534822e-04
2.909430720388331195e-04
-2.978552012319816262e-04
-1.546944451166778599e-03
2.075228512004169239e-04
9.094556502485138735e-05
2.196568920246740552e-04
6.961148079047439286e-04
9.011620005579615029e-04
-2.125648144439153293e-03
-4.980662835593946316e-04
-1.016578323477302856e-03
-1.736581186164405568e-03
-3.242394591065872033e-03
-3.670128110016660644e-03
1.408043645582881739e-03
5.674089667014220765e-04
1.764914896311170381e-04
-6.369754796244468946e-05
3.019155228534145204e-04
-5.393121424805050581e-04
-3.340298671207408455e-03
-2.834501726751068734e-03
-2.399022173127313053e-03
-8.624437462066392949e-04
4.334289452043930241e-04
1.132610485271119986e-03
-9.527674708450338406e-04
-6.279931690740890148e-04
-2.588657105100517766e-04
-8.076175667305645527e-05
-1.977937889858041344e-03
-1.338956853109225711e-03
-1.766230628532027783e-04
1.945513073177226708e-03
-1.757362764100163727e-03
-1.616358765354207775e-03
1.009192850315948197e-03
2.436371455361893267e-03
-3.928312409661529627e-04
-6.835820624029197070e-04
-1.051515464230921111e-03
-5.790983650649816124e-04
-6.503763881662980766e-04
-8.959824872321785682e-04
4.541362090241375746e-04
1.801969086400670526e-03
-7.589493786877030222e-04
-1.029769966249123722e-03
-2.721131387774644757e-03
-4.656417819120248561e-05
-4.393047964174330404e-03
-2.898224244952395633e-03
8.337254136484476387e-04
1.797773082899792622e-04
6.477205158698714094e-04
3.171597701628146599e-03
3.982557437390468746e-03
-1.115414946838266114e-04
-4.374356180342060980e-03
-2.958260927195649134e-03
-2.709917567427980525e-03
-1.457573137517166693e-03
1.003110003593345873e-03
2.047726327705346079e-03
2.116376140623505136e-03
9.842943341595447940e-04
-1.533097628313787042e-03
-5.058553728278874194e-04
-1.977831956831861780e-03
-1.311400024015559832e-03
-9.165893980756848174e-04
-5.572781631568202209e-04
8.891123151839892130e-04
3.260497066641899686e-03
1.926949487259921497e-03
5.299728777976726304e-04
5.054454196952457706e-04
1.794830661746370020e-03
-1.809950988737556079e-03
-2.116885494084902539e-03
3.304473643258055158e-04
-1.501819460820112261e-04
3.759336597042332515e-04
2.126902716485226576e-05
-1.029284482483837273e-03
-2.605435775865046818e-04
-1.445523773017543846e-03
-3.502673815801670126e-03
-4.681329420251285943e-04
6.025930965108893499e-04
1.198805254419455391e-04
-1.085143979269188961e-03
4.353659777435296436e-04
1.439833449831540461e-03
9.513711384159449476e-04
3.250077459498841516e-04
6.228120785979850398e-04
2.004127575772478385e-03
4.595192726036261173e-03
2.002620360596239595e-03
-3.536240577820090776e-04
-2.092757445014831457e-04
-1.178213052633953623e-03
-2.066632088663284284e-03
-3.439472785878979789e-03
-1.149982374421750029e-03
7.131374868533961117e-04
1.018580049217476281e-03
2.197838317370776062e-03
7.105402427656985591e-04
-1.983914362400174790e-03
-1.447912080895824311e-03
-1.963257152271073724e-03
-2.461534645403356657e-03
2.369311196115964644e-04
2.012563891910577711e-03
5.042594060133832445e-04
7.652192018479111405e-04
1.026178997682365094e-03
1.501669423099438044e-03
6.835659691807655005e-04
6.191741386375309306e-05
-4.533519987558935847e-04
-3.816191161376140777e-03
-5.623036197296171247e-03
-9.858547421023695564e-04
8.092279437047272470e-04
1.649653097388758139e-03
1.451243180775178311e-03
1.840809475761030073e-03
-2.697763486683419851e-03
-8.198332820372623148e-04
-1.713877895602156174e-03
-4.044464248871538180e-04
5.578293285989797609e-04
6.061964622911708740e-04
1.724124356528236460e-03
1.424845273987645610e-03
-1.348948528465245510e-03
1.905101686555089012e-04
4.345509302475631351e-04
-1.218262527554126807e-03
1.061507219291123183e-03
1.005037137128433899e-03
6.608769115195151610e-04
1.536583733504518195e-03
1.356209517935411503e-03
-1.198659189064073998e-03
2.977654104778404854e-04
5.967122492947710263e-04
-1.198844917004339341e-03
2.437840869954935492e-03
1.216465321851731805e-03
-3.724693279717588559e-04
-4.172607853325509264e-03
-2.066813489546008142e-03
-3.975163383431736322e-03
-1.570059905485953530e-03
2.595542988245567138e-03
2.775352783359490150e-03
8.988218445797476700e-04
-5.977792051470695762e-04
-7.924535640593483119e-04
-1.987473356700789149e-03
-5.058353439528779499e-04
-1.021467380858852997e-03
-1.011145106628040134e-03
-4.045288971211740336e-04
1.307098665138573153e-03
2.080256122551747341e-03
1.120243533436525787e-04
-2.137801688222533154e-03
-1.600971835729693643e-03
-4.459635033112122407e-03
-3.656542115526002865e-03
-2.381783284767399929e-03
-8.530643986506887978e-04
3.938534917555093582e-04
1.509014355010824594e-04
1.753598220179213496e-03
7.645642633564697904e-04
-1.349517216322309839e-03
-1.252957263242734107e-03
-1.829339673828476228e-03
1.274708441030325372e-03
1.270736081510479530e-03
1.266763721990633688e-03
2.067556665649233558e-04
-9.826452391206116389e-04
3.764904264181309981e-05
-2.466922860195943637e-04
-1.054825888001858581e-03
-6.492769987589241520e-04
-2.501299583630555139e-03
9.536766078023068381e-04
4.619834104885128107e-03
2.739906036048632681e-03
-1.225906004662363075e-04
-1.194473551764889570e-03
-8.582253790289952593e-04
-9.343454226748686836e-04
2.353662982695699409e-03
-2.085884705299439167e-03
-8.689476240541882217e-04
-2.140161474708283332e-03
-1.949085312494018866e-03
-7.869706637765984739e-04
6.367352219095409084e-04
4.132085711950480526e-04
2.302409161040160860e-03
2.804134362254394677e-03
1.846534847113293076e-03
-7.459010815131133024e-04
4.574726109091303578e-04
1.211640190363904917e-03
-1.020647885000373293e-03
-2.614647194902130350e-03
-1.224054026154402673e-03
8.749167339803157585e-04
1.861862553356064464e-03
2.748713064374816526e-03
2.113517981881691057e-03
3.022512125764857064e-03
2.359439190428276947e-03
-8.421167647650689390e-04
1.515864207940041068e-03
1.094716919808973697e-03
-9.230409139898265031e-04
-1.139717551875499453e-03
1.096991932300507913e-03
2.083212047803600139e-04
1.395836664279361894e-03
1.163409306032083586e-03
2.224226247619531371e-03
1.211174258050583263e-04
-6.728752974048314182e-04
-4.059476921642853411e-06
-1.153885051472912414e-03
-3.706715005755650046e-03
-1.981425064222283074e-03
-3.333376920256413915e-04
1.157956448820587382e-03
9.493301259314859079e-04
1.603260893055403298e-03
1.368388432406146809e-03
-1.197144156536713959e-03
-1.101412424777612354e-03
-4.878269472071623293e-04
-7.351144195222614761e-04
-1.846498855392512484e-03
-1.812079814397935451e-03
1.600544145502752827e-03
1.944820548483761546e-03
1.945566365749348044e-03
2.549584602401466522e-03
2.948923170556782235e-03
3.348261738712098382e-03
-6.443047253225635696e-04
-8.919032603796070782e-04
-1.139501795436650370e-03
-4.029590013810152235e-03
-9.216904107907670368e-04
-1.065801605962561930e-03
-2.013038898372293203e-03
7.655384224692280727e-04
-7.138966061977897702e-04
9.414186216107358306e-04
3.407616186173555335e-03
2.113292749132663143e-03
8.189693120917709498e-04
-2.429754164212037312e-03
-2.504643585338606118e-03
-9.835225958241306139e-04
1.955877430422267669e-03
3.572070803977438549e-03
5.062404905391231988e-03
2.846365827721113878e-03
2.511393639851180939e-03
6.011873213364609010e-04
-1.446467350761383589e-03
-1.406554809963907107e-03
-1.028755333949345511e-03
-2.136191146991932473e-03
3.240380555508434127e-03
6.872693118547060220e-05
-9.039199365065623930e-04
9.316775366101457539e-05
2.284927725095045169e-03
1.857248459776663068e-03
8.363111019835237948e-04
-1.361183377011361984e-03
-6.835896434687033056e-04
-1.312418316840011784e-03
-5.004389733226791495e-04
1.322540986598910945e-03
-5.932426687199406513e-04
3.134105845033470159e-03
2.281805528887346710e-03
1.693288594937654087e-03
1.395854490485849394e-03
1.982592990589125085e-03
-2.199772455968281373e-04
-2.324479512438436257e-03
-2.837108081671730654e-03
9.431002775554062773e-04
2.076444993347941435e-03
1.082398853303079061e-03
5.419026047532051610e-03
3.027145427754813090e-03
-1.171463646044113797e-03
2.554140403195880862e-04
-1.367278967352094244e-03
-1.704704719007374067e-03
-1.930891359944758362e-03
2.252092534559436456e-03
1.993497297452034248e-03
4.449140499875363190e-03
3.831612401744894161e-03
-1.239140930335280721e-04
1.471238391896573607e-04
-9.922474820624395831e-04
-1.848519047892764697e-03
1.562608651526270704e-03
2.375237954863060243e-03
1.480896253196111205e-03
5.865545515291621659e-04
-1.985458211206499179e-03
1.022818876315124189e-03
6.402538289338907370e-04
2.313744953057792582e-04
-1.567381199395454861e-03
3.152709104691950055e-03
3.359887029694566887e-04
7.329331673879447163e-04
-4.657120359041625260e-04
4.216845667456284243e-04
-1.816531798636484337e-04
-7.946723561901318164e-04
-2.641635190032573695e-03
-2.492789940734781769e-03
-1.506101871494747602e-03
4.272573515845823626e-04
1.553163685579417221e-04
1.101210139851554418e-03
1.429578414612194112e-03
3.529896613798202184e-04
-1.201911445016245485e-04
4.606517363092263364e-04
1.774983244086330517e-03
4.129610267244688757e-03
1.156046139986337826e-04
-8.742695944687840955e-04
3.437871836144432234e-04
-1.743835930560264482e-03
-1.788559196419864210e-03
-3.315509987266289024e-03
2.268359471722703174e-03
7.962312056635470654e-04
7.640089420210642839e-04
3.676186219019334368e-04
8.452693091915878610e-04
-5.329027954101026119e-04
-3.017393805155693144e-03
-2.174125123133923473e-03
4.494589148491996700e-05
1.163078463142551552e-03
8.161196925290888950e-04
4.691609219156264547e-04
8.800590551772254034e-05
9.637086017223604924e-04
-1.064230606012272692e-03
1.131619359114724877e-03
5.007402177735928396e-04
-2.307670789773583122e-04
-6.023633121669657448e-04
2.682981217440919084e-03
2.220425028879567404e-03
1.074009092470875042e-03
5.717127458615365318e-04
2.045801374616558130e-03
-8.576880463624710505e-04
-5.716009731037156785e-04
6.163108900580682769e-05
4.138187456673668701e-04
-9.563094996338389895e-04
-1.002419232309945205e-03
4.211830560769107973e-04
-1.294325451885144571e-03
6.569303365893245684e-04
8.746146634768837969e-04
-7.289334731339662185e-04
-1.016004871426991370e-03
-6.442304263950464176e-06
1.508693975219713330e-03
-1.323030003052577501e-03
2.146776132045982201e-03
1.933700135484803934e-03
1.902395349187790529e-03
-1.702519017501883400e-03
2.520921558025123691e-04
-3.558547710217018455e-04
-9.638016978459160600e-04
2.397766968386874989e-03
-1.792337244214891982e-03
1.810443617385486985e-04
2.712416629012440270e-03
-3.344159820244774206e-03
-1.674032464571680815e-03
-5.557712849143569070e-04
4.592762344630151906e-04
2.220197470207742893e-04
6.940861088971472760e-04
1.925892619751264643e-03
-2.097984667549797778e-03
2.008067953168547227e-03
-6.609447588108948758e-04
-3.218129964946257575e-03
-2.212174735739965391e-03
-1.100903730868104183e-03
3.199324817883952322e-03
4.294886787956188508e-03
3.213638262157692688e-04
-8.148399870640470706e-04
-1.125132677802861405e-03
-3.555304279861901898e-03
-1.582234335239884968e-03
-9.730173509170265142e-04
8.767702395818437536e-04
3.619555035292530178e-03
2.184065026871558589e-03
-8.847231173030312406e-04
3.540500171283362521e-04
-1.795722187471625927e-03
-1.517368857177070051e-03
-1.551283011846808996e-03
-2.108579539241273778e-03
-2.748372506343793077e-03
1.034744845269078457e-03
-2.309933758563556712e-04
4.656479671347257994e-03
3.127384919661613336e-03
1.031859576059873836e-03
-1.616313307004043579e-03
-9.970975462154322167e-04
-8.852862402451019096e-04
-7.044873024492316269e-04
1.531156398165884908e-04
7.858382034748292912e-04
-4.692832006431275731e-04
-9.395844477948433419e-04
3.427765525169320943e-04
4.243513113796157366e-03
2.757018286779932669e-03
4.887134478107797719e-04
-4.357049412523936009e-04
5.263301041768583127e-04
1.729078987205199093e-03
2.182536330887750037e-03
-5.842584157809368496e-04
2.692927746560768408e-03
-4.594102656144344668e-04
-3.387060350290825323e-04
9.829224912677957636e-04
-2.958894675377888271e-03
-2.473164727317494344e-03
-2.177092126957154688e-03
-2.321106954809552900e-03
-1.778584424309696040e-03
-9.760303022799158516e-04
-2.692903512134726843e-04
-1.439577903818983241e-03
-8.428395372497433490e-04
-1.055317277587587092e-03
-1.254816159167136897e-03
-9.043806653885646521e-04
4.906339777319167813e-04
4.538009810479279793e-04
-4.128506577654774811e-04
-3.055931190015094925e-04
5.501547405813993381e-04
9.776701817498986962e-04
1.263387340853400773e-03
2.426152416104298583e-03
-6.427737757342135393e-04
3.928912445132790553e-03
1.075221433363660398e-03
-7.127937936543086994e-04
-1.129866697461672388e-03
-3.272369645778781377e-03
-2.935309877649459279e-03
-5.004072021783660847e-04
2.339715405460135109e-03
4.053180348814694283e-05
1.015682451495825058e-03
-2.729380406309789633e-04
-4.555331829452696009e-04
-1.165661893795979847e-03
-8.388894460796087957e-04
-2.911307616375010190e-04
-1.212829882038178294e-03
-2.442178162590222246e-03
-1.608808679283724521e-03
7.624587353791054123e-04
2.352648589069967870e-03
3.219864806686381122e-03
2.760748390071522326e-03
-8.052319580358260204e-04
-4.861541038567942716e-03
-1.393119844885367352e-04
-1.801405256292828603e-03
-1.907223279770653033e-03
-1.688242291426828370e-04
-6.852918371701878638e-04
3.298664251157182922e-04
-1.494413043789263006e-04
1.168175824917662637e-03
1.603898961004254341e-03
5.740932852512628439e-04
-1.127393671570190272e-03
-1.426740686216148701e-04
-2.026051770831215765e-03
-4.285993861854089926e-03
-2.135339483814992396e-03
-4.845893874912695449e-04
-7.272817703416465697e-04
-2.413627745987021074e-03
-3.353243102375406872e-03
4.511207906304319504e-04
2.055551351662345157e-03
4.073758268164254931e-03
5.686723331110495874e-04
1.857139350684877026e-03
-1.840532007161039749e-03
-6.871816189629450589e-04
1.051738788047981883e-03
5.388593999403100757e-05
1.388685065473052940e-06
7.088185350210956257e-04
6.513184034166793080e-04
3.912860440155227146e-03
1.491134643582411184e-03
-6.591874931994576086e-04
-1.009440385549384856e-05
-3.980295376559028113e-04
-4.803598448716728123e-04
-4.990968534338421306e-04
-6.924635825519089884e-04
5.571667502551559323e-05
5.688057549730580554e-04
-8.178099733028613375e-04
-1.355508756850264595e-04
1.379302610377652178e-04
-2.871469545285218646e-03
-1.573078058920565798e-03
7.144847512818896032e-05
1.695835320260023499e-03
-1.633550104616469673e-04
3.670748864675844967e-03
3.439722285025010630e-03
1.859475595060025750e-03
2.242936926430505831e-04
-8.150527082570673898e-04
-3.460460759851526590e-04
-2.666683645035459928e-03
-4.553950336757263753e-03
-1.768334637764163841e-03
9.534637426521328125e-04
3.403827937702732197e-03
2.338195494500778376e-03
-1.363695369591237661e-04
5.868313151926232013e-04
1.319150445831687160e-03
-1.129560261611689824e-04
-7.671208576734415323e-04
-4.973451287896353719e-04
-9.264695835990723570e-04
-5.023354072580324403e-04
1.587849456802343249e-03
1.424379506673576282e-03
1.903247068433442345e-03
3.619436166285692103e-04
1.137796527050930189e-03
7.945391266301158207e-04
-6.867044230049342522e-04
-2.637166319491253148e-03
7.104385337188532691e-04
2.967033889321055596e-03
-7.539320251284608535e-04
-2.457264560075304947e-04
8.205309312037482048e-04
-7.420680073122964092e-05
4.972154400765677051e-04
-2.303517053534184181e-04
-4.261531914023319423e-04
-3.500802515928349429e-03
-2.990828786663259770e-03
-2.864496013778618233e-04
-4.577145058443785530e-04
-1.759575104730046018e-04
2.335699528481584557e-03
2.129936254508149173e-03
1.494153695142529277e-03
-2.672726491292215512e-04
-1.310309747765306225e-03
-2.026620604887831474e-03
-1.335824189706314455e-03
-6.347737740199977698e-04
2.493127595342769804e-03
2.758167446395877465e-03
2.678242817514606307e-03
4.120169633739829301e-04
2.114033334385487532e-04
-1.029023423554944160e-03
-2.231149707232891587e-03
-2.853930028735828135e-03
-8.322232845723949359e-04
-5.636933404568444505e-04
-1.096276575195638276e-03
-1.033683589918179928e-03
2.194437288097193274e-04
6.994366639924590005e-04
1.512272197959023358e-03
2.084173749082117878e-03
1.936228223237569830e-03
-7.705557217198550192e-04
-1.447455365178963510e-03
-2.586457760608944223e-03
-3.505851039929902199e-03
6.020814289470289085e-04
-1.775480269533035067e-03
3.632636536257801362e-04
-1.078311333445168161e-03
4.103743533407432781e-03
1.811437847224738659e-03
1.322742317782400452e-03
6.772761901741130956e-04
-3.726137746425939312e-04
3.163102757071864501e-03
1.339608090846624872e-03
-2.211695522311159343e-04
-9.899334255650466593e-05
6.488148918838716056e-04
1.892301542277266806e-03
3.577709428014143322e-03
1.370913176204120384e-03
1.863980307782450458e-03
4.801155254950844817e-03
9.067888497741368597e-04
-1.026583293062504568e-03
-3.236909646971381904e-03
-1.670245029687643726e-03
1.302275814525932687e-03
-3.605269705298878033e-04
6.128756860970710051e-05
9.402395044520906082e-04
4.619767825365071745e-05
1.815550041431546538e-03
-2.500490620048061467e-04
-1.168816135332333920e-03
-2.371174899546272304e-04
4.434611545993727422e-03
2.299377104827181242e-03
1.641426636606350617e-04
-1.243548798014699813e-03
-1.296897090238924386e-04
-3.185774973572240995e-04
-9.590452899646841577e-04
-8.810820243676771926e-04
-1.130709311230258720e-03
-1.087368110149228946e-03
-2.735130021067938740e-04
-1.352302955122148143e-03
1.443709072487689947e-03
-1.101686942196070454e-03
-1.038369325422850049e-03
6.644629732772090389e-04
-1.959234547850097555e-03
-3.310493737147647032e-03
-4.861434220469387085e-03
2.396386011983886889e-03
1.221317250493038613e-03
9.629218854862872049e-04
2.049848839969461555e-03
3.321337956279356643e-03
1.850476596964746286e-03
-1.194298829583785235e-03
-1.531187154091864094e-03
-4.814543955082941674e-05
-7.292087265950899372e-04
-1.408468221849709569e-03
4.043554070035245383e-04
2.971277734246827867e-03
2.244736753738539245e-03
2.127519079106135729e-03
2.434137506695455838e-03
9.838998316835693373e-04
4.461567504415703917e-05
5.212323670902998347e-05
-8.528163192748412129e-04
-1.337241977094724655e-03
-5.740230359784544850e-04
-9.069414494819864371e-04
-5.359590429303087451e-04
1.031355734001006101e-03
2.996913102385637215e-04
1.225490872898462582e-03
1.701656229809844290e-03
-1.616963018468921178e-03
-1.464882849936477785e-03
-1.847458026874678871e-03
-2.074439279108427747e-03
-6.861923344589478070e-04
9.808575637017557559e-04
-1.387863121841308774e-03
3.546465763259727504e-03
2.337422426275576059e-03
2.967021017962285546e-03
3.148264648508417550e-03
4.730516515688981682e-04
2.226559632892818365e-03
-1.346299205476570674e-03
-4.531930562965769474e-05
5.931522064743369790e-04
-1.006979231103253582e-03
1.232108046866685650e-03
-3.405693521528660537e-03
-1.991226166844505679e-03
-1.052485418101853842e-03
7.997623500909938239e-04
-6.148195155079578915e-05
-5.315920781891111122e-05
-9.542966262866476364e-04
-1.458169943997621003e-03
-1.166979320356093712e-03
2.071908985990492287e-04
-6.635477132276113108e-04
-2.071716042143572842e-03
-8.533982640619918944e-04
4.618882259204211307e-04
7.690161512597519814e-04
9.896366059819489830e-04
1.165854363357917345e-03
6.788999233459233271e-04
2.395999432494706500e-03
-1.709451905447547521e-03
-2.081831540878871338e-03
-1.497529443123549620e-03
-5.510058365048823171e-04
-6.773716266474270539e-04
-8.890927951925140134e-04
5.208420145136614162e-04
2.756610990718376744e-03
3.084192369387097222e-03
2.674158406882379616e-03
3.710450311826939823e-04
-2.739029393930363619e-04
-2.339572482258692014e-03
-1.409126448928889634e-03
-9.681031336009417220e-04
-8.388628982308344445e-04
5.723150999904083125e-04
-9.179531644324731695e-04
-2.316403927904392510e-04
-5.594241112280899869e-04
-3.011568502082189250e-03
-1.867152716650288986e-03
-2.344077501156225860e-03
6.976947019525937127e-04
4.376293473159100617e-04
7.366398409195731032e-04
-2.203778648758667000e-03
-8.812105515374575246e-04
1.065946576918220569e-03
3.967408852447309531e-04
1.405837225185537593e-03
5.235325424153300464e-04
3.830071346958961341e-04
7.986138063927420696e-04
-2.057741113146242026e-03
-4.174546310661685078e-03
-1.029274806030198476e-03
1.730436604337562542e-03
3.983554476721428220e-04
-3.360580865655614954e-04
1.402050453161698008e-03
2.221943958350256886e-03
9.588995873896246063e-04
-6.840025360101999446e-04
-1.114157699285159894e-03
-6.066054795845807852e-04
1.136393345096094361e-03
2.340818798632250761e-03
8.526237702948351316e-04
-2.619295556031246437e-04
-1.910188344266563771e-03
-3.005902639396974135e-03
-3.003402826678982281e-03
7.022724174204306733e-04
-3.489980748176605471e-03
-4.175752477189180120e-03
-1.315284975832954270e-04
6.942881876092008974e-04
2.740008749988893412e-03
2.714763250919507206e-03
5.809068676577142966e-04
-5.021344406543758361e-04
-9.918840737880797644e-04
-1.879927419800416638e-03
-1.289137094066953974e-03
1.885751611971914080e-03
1.941295439863813558e-03
1.838903006458560054e-04
-9.748709680810693778e-05
-1.380953914577976805e-03
1.495730328799937166e-03
-1.968584790619240326e-04
-1.233361435399837371e-03
-1.523847765391483531e-03
3.729065470828630581e-04
1.643499216647833008e-03
1.187818045115033010e-03
7.321368735822327955e-04
4.425245769113081776e-03
3.120454587526017357e-03
1.974091315950853021e-03
7.180694258643397767e-05
-7.063462991722228596e-04
6.615621012427332515e-04
2.178265079095852239e-04
-7.437564254070766837e-04
2.281661111907260300e-04
1.628790006460695229e-03
6.998753799607572781e-04
3.189748167291032652e-04
5.888242486454101955e-06
-1.439049544810548642e-03
2.780963662103596787e-03
6.165552768938918973e-03
3.070968160771598166e-03
1.690057230844236539e-03
7.172521622851483558e-04
-1.848614804161865296e-03
-2.836323459122491730e-03
-2.781776356331635766e-03
-1.326996311263515822e-03
7.324556935298804901e-05
-4.883088617589701873e-04
3.025286265199895325e-03
-4.229506814825726921e-04
5.919453566369046581e-04
1.428643870629329538e-03
1.611623715376333654e-03
1.467083697927084717e-03
1.678569502183536056e-03
-9.452257590785726263e-04
-1.138509551754233236e-03
-2.384144515791227804e-04
-3.127215153675019354e-03
-1.460379967470543713e-03
-1.156437192971553410e-03
1.329833068929596506e-04
7.260476506756809341e-04
-1.054769690631467485e-03
-1.259157560169034970e-03
-2.619204104294409891e-03
-1.440247786645540342e-03
7.367734446874028148e-04
1.057569526462756593e-03
2.096237845681627951e-03
9.357285984831599859e-04
3.366110238064170222e-03
4.096855244257908112e-03
2.109801116287639798e-03
-1.359854665307841121e-03
-1.862385081766476875e-03
-1.935585764493374505e-03
-2.499242661882596951e-03
3.332923368395803235e-04
2.410839952680318438e-03
2.842217721292357620e-03
1.407308938562257770e-03
9.503019588939537899e-04
-5.459581413618997585e-04
1.929883090839660956e-03
-1.146159409593641015e-03
-1.605223890425985355e-03
-1.127737753840421693e-04
-1.267921794858642860e-03
-2.608157689799130412e-03
-1.379114865782250874e-04
-5.955798693148462884e-04
-6.312937235503462670e-04
2.824917680735771278e-04
1.196277259697500414e-03
-3.249921099857614598e-04
9.669501438897222436e-04
2.258892397765205947e-03
1.028130500468401459e-04
-1.372863474540669988e-03
-9.691990508070827317e-04
1.552681170200683229e-04
2.111710000086631372e-03
1.057519867168259329e-03
2.575997067155414051e-04
-3.253230644210939769e-04
6.279949408714037822e-04
1.927463762348068056e-04
-2.917986307401339643e-04
-6.037776270474108512e-04
-1.515941480872994235e-03
-2.464806661238291927e-03
-2.441215823472306888e-04
-2.121866351989703040e-03
4.802385970922226459e-03
1.210621933476939242e-03
3.442885358095155654e-04
1.281441759908184472e-03
-1.417766420044584176e-04
1.909647267502020962e-03
4.112325401635860429e-04
-4.766669325495459866e-04
-1.432595149078886004e-03
-1.693769039590461252e-03
-1.432955050705947333e-03
-1.778522372872406391e-03
8.469077784372530671e-04
1.888625698852753557e-03
1.561400224012639932e-03
1.373847861753198837e-03
-9.541489560682112937e-04
-1.067300856679816255e-03
-2.062982313038317153e-04
7.360186908038805287e-04
1.942334343989714305e-03
2.350222560338577956e-03
-6.884597752165291969e-04
2.125522085749616957e-03
-2.512689335201823138e-03
-2.244945711500022020e-03
-2.314624252405837485e-03
-1.964759718323799698e-03
-9.663528606573136125e-04
1.240918078244845424e-03
1.417413800116053019e-03
3.300391221562264804e-03
2.681729651699271254e-03
7.438845419752791038e-04
-1.531332063739618884e-03
-1.165839305793425198e-03
9.530890667995627974e-04
8.375670228824206210e-05
-9.425637887568896040e-06
-1.026079780633798542e-04
-5.045139417389540165e-04
-2.066239734979896485e-05
5.013548174677561094e-03
2.360462845868687397e-03
2.711470896899985492e-04
-9.476336757370555294e-04
1.361525439360408447e-03
7.223414854728570523e-04
-1.520050485190568281e-03
-1.847640804283918331e-04
7.741936546309555146e-04
5.237334091343828074e-04
8.406339323032861396e-04
1.672223412301991835e-03
-6.486163003202117042e-05
-1.496090752191047563e-03
-1.888961560378149031e-03
-2.281832368565250499e-03
-2.365924385440274468e-03
-1.506170428994789163e-03
-1.254204312078451705e-03
1.961900849781894086e-03
3.313774048759130647e-03
3.082746576486466560e-03
1.136716509163482715e-03
1.428622236104298057e-03
1.586562761436969594e-03
-2.385674787630701933e-03
-2.814527032562633840e-03
-3.243379277494565747e-03
-3.104489567305433739e-03
1.210697385832680203e-03
-2.044801207727977785e-03
-2.589227696748592350e-03
-2.137768829692074553e-03
-1.342259100684231295e-03
4.590291789389982884e-04
-6.530365660269264608e-04
-8.892290521970013396e-04
-2.179940385807685715e-03
-2.158788069080277549e-03
8.273974704580406951e-04
2.831257241504396560e-04
1.957438378431367119e-03
2.772058253101312032e-03
-6.766612907149098868e-04
-1.265710388589457889e-03
-1.948730886976322765e-04
-1.035777001258173565e-03
-2.076669858958638763e-04
-3.464840443798210268e-03
1.118791343060181881e-04
-3.037804247564839140e-04
1.856481374352451051e-03
8.399959337512747162e-04
8.134174547028948923e-04
8.699639770664914810e-04
-4.728451762083761382e-03
-3.320664747484926467e-03
-1.562047681470174346e-03
-2.316252386952531196e-03
-3.070457092434887830e-03
-2.478174559656355636e-03
2.035400184235479012e-03
2.000401144529797160e-03
5.353774810001260889e-04
1.250664220012256966e-04
-4.302204016321635460e-03
-4.561474120747965703e-03
-2.570278028902462514e-03
-2.906463285181229515e-04
7.413771964936170453e-04
1.648542996522922143e-03
2.156047792131153117e-03
3.798657286531450464e-04
-7.397149641418534170e-04
-6.995072247584987416e-04
-1.647069228388429833e-03
2.127157669947685615e-03
1.379999522143265066e-03
1.001387275288058692e-03
1.018333072093048283e-03
1.432736510368541692e-03
2.396229592682330885e-03
1.552455705317314864e-03
4.323065680868548783e-04
-2.507126832726661644e-03
-1.730500204649606123e-03
-1.281547150791693436e-03
-1.190730355186473202e-03
-1.099913559581253185e-03
1.288696891064585598e-03
1.866790020870064907e-03
3.919951385504676436e-03
3.175036180048228934e-03
1.574709548282740698e-03
-1.161296930658578010e-03
-1.476385934321286118e-03
2.286714055887372442e-03
-2.039406910388583648e-03
-2.797155529984913982e-03
-2.547507903614668837e-03
-1.735411903677181768e-03
8.232631889256870200e-04
-3.731497378674773248e-04
3.440626603622746419e-04
1.061275058592026175e-03
1.590651463537060082e-03
1.633809593229591274e-03
1.115203350910144633e-03
1.621672718162627241e-03
1.039237062464222743e-03
-6.697611979469762474e-04
-8.314251841738765645e-04
2.742494317609223044e-03
7.311071616132092978e-04
-6.454076372223901655e-04
7.762618531385499180e-04
4.955060332492589731e-04
-7.783082322571229471e-05
-6.511676797006835625e-04
-1.286024269868183550e-03
-2.754730097040216080e-03
-1.142044440845933805e-03
5.763303095607536647e-04
2.294705059967926206e-03
2.201576414718372284e-03
2.906325763820524592e-03
-6.875327439425126582e-04
-2.014943812999804573e-03
-8.805571604593878752e-04
-8.882943299663327704e-04
-1.013283521225820556e-03
6.337154456457124710e-04
1.543961472200289882e-03
-3.433114423925786858e-04
3.112774631080691403e-04
1.444062678112678503e-03
2.936734745088952214e-04
-1.651587004425318335e-03
-1.890611305847232030e-03
-1.426370749116261365e-03
1.460100906219995078e-03
1.325012838610573973e-03
-4.043546711326052173e-04
1.243283778268857755e-03
1.207729624348187567e-03
-5.169037288204679330e-04
7.868939605818628478e-04
2.090691649984193629e-03
9.101971362764648982e-04
2.028158706449370748e-03
1.203125780586007491e-03
2.111063238921541668e-04
-7.536440294862378157e-04
1.827550711777336558e-03
1.440735658250245389e-03
1.127994961345113109e-03
1.162691054057571121e-03
1.839589901798852588e-03
1.691874443224540515e-03
8.682260751340145069e-04
-1.007126824132141064e-04
1.717699657496005172e-04
9.843534056208937382e-04
1.314806280553231432e-03
7.656615134723415228e-04
5.059419659659298435e-03
4.235121422516706195e-03
2.942036924576857219e-03
-1.345705495813777613e-03
-3.022550188392815387e-03
-2.417497808235195573e-03
-2.193469597956878431e-03
-4.205518121592125361e-03
-2.282272654551264005e-03
-1.969411565478053176e-03
-1.284592122829018531e-04
-5.460924018774559845e-04
2.011744331985383834e-03
1.637202110214924788e-03
1.262659888444465743e-03
6.017829101565908608e-04
4.584963473901255320e-04
3.286444379639718444e-04
-1.595588967701495539e-03
-1.484262124137282132e-04
1.969522231119921838e-03
5.466461540584196047e-03
3.555655095982378743e-03
1.646979055797878925e-03
3.496674793351420112e-03
8.924330799183028632e-04
-1.302709686894397683e-03
-9.342958879506606164e-04
-1.566573584655200913e-03
-2.673373215401932557e-03
2.038312101116728458e-04
2.584096703750897212e-05
4.073501116607019601e-04
2.489169835528752366e-03
3.621853685414119957e-03
1.762506735260304519e-03
-5.883111054870260141e-04
1.509530166635973062e-03
1.155411118742238766e-03
9.232866110994572204e-04
2.090406570200513056e-03
-2.084304598608141719e-03
-1.616796212029014993e-03
7.615175409016393903e-05
-9.640740521841019146e-05
-2.280841004521951801e-04
-1.659253254220711613e-03
-2.066012968831484539e-03
-9.788713221362088483e-04
1.895813947270799226e-03
2.384720631171893292e-03
2.686786537399205033e-03
-1.355497731159977176e-03
1.522200612303434763e-03
5.197222367696884997e-05
-3.356241807283301122e-04
-7.232205851336290540e-04
-2.164709661086789815e-03
1.387641002556214359e-03
-1.492109782483254550e-03
-4.847660990399970966e-04
7.083358476071047703e-04
1.322240505692455059e-03
1.570992772224065297e-03
-1.321555759864406938e-03
-1.314361746273034256e-03
1.551827262238920230e-04
1.605135722585963876e-03
-2.052488777073948039e-03
-1.223766873215213725e-03
1.070356720731976876e-03
-3.223279192038842195e-03
1.776061037601799932e-04
2.392829904049505359e-03
9.009107588472953232e-05
-1.379852297237929570e-03
3.363027437020072244e-04
-1.945313261164389974e-03
9.074373294991290237e-04
-4.897075940005733707e-05
6.183830742313668402e-05
1.380685487524900210e-03
7.950192457565614761e-04
-6.128995589782315146e-05
7.773094030923007568e-04
5.582833370160857414e-04
4.165286368945861632e-05
-9.636354467789233318e-04
-1.484218258175853348e-03
3.176495282953377408e-04
7.145200764579246909e-04
1.366191153951825136e-03
1.983468568641664413e-04
-1.783770593804493917e-03
1.261785908946523160e-03
4.123810531865496412e-03
-3.249375534001823105e-04
1.056945481408545946e-03
3.893981102630564989e-04
-1.472281124825685142e-03
7.723826025145654264e-05
-1.837000581973926823e-03
-2.067771491139706094e-03
-1.645443727557381434e-03
-1.089123004091935775e-03
5.802641780233545616e-04
-1.569262140693620253e-03
-2.042879506753184169e-03
-2.261645567474051752e-04
2.462665694363042491e-03
9.560135088094441451e-04
-1.913664616311751233e-03
-2.774121456280632253e-03
-8.290694017724991541e-04
-6.357176601551243035e-04
-6.670520043291303797e-04
-7.193168737522523089e-04
-1.170087328840080593e-03
1.919947633304887671e-03
2.328543792875216684e-04
1.668840353983842666e-05
-8.760947223301180330e-05
-7.848986010253503846e-04
-2.387555895779689113e-03
-3.287546122510495044e-04
-1.211916243859141162e-03
-1.696071565006406628e-03
3.781733352684448282e-04
8.813158799735653975e-04
-3.959964556381529344e-04
9.994191084784886502e-04
3.683409059933549345e-03
7.862440020605379002e-04
-2.450852979980536715e-03
-2.340670932581011537e-03
1.680694954340632066e-04
2.440087428257799521e-03
9.332706915300215469e-05
9.995365748513616953e-06
4.614196924232696548e-03
7.198686301395007189e-04
-1.530748911987719896e-03
-1.252262813323592799e-03
1.674675791395931462e-03
-2.738861503840581656e-04
-1.545264392406128394e-03
-7.049611678203236524e-04
2.808727055429388413e-04
-3.135693775538006371e-03
-7.382666156001602663e-04
1.419738771326302558e-03
5.974348000413361170e-04
-2.328503363733987479e-04
4.652717858096306475e-04
-5.278126685276813548e-04
1.629713319470637960e-03
1.530859961830536090e-03
2.863485867079224208e-03
1.255006858021475834e-03
6.535803391301199961e-05
2.484417275283507844e-03
1.231317195977646006e-03
2.815322107569804503e-03
-1.384185612976819059e-03
-5.943067874028466584e-04
-1.290182590332764837e-03
-2.996600374052147200e-03
-4.539565213008612231e-03
-1.714444261919915091e-03
-1.737071780719542588e-03
-5.854607727141397395e-04
-2.013070247047060377e-03
-4.445997801424617785e-03
-4.827359908897653137e-03
1.270222571994778686e-03
2.619406380250497227e-03
3.968590188506215984e-03
3.565549294290953908e-03
4.675816067202073940e-04
-3.026719194024088660e-03
-1.578331554231999362e-03
-1.757912369581718674e-03
-8.015620597145952687e-04
-9.281817836728740263e-04
-1.300670665173142559e-03
