2.685000000000000000e+02
3.566351940776310585e+03
6.864203881552621169e+03
1.016205582232893175e+04
1.345990776310524234e+04
1.675775970388155110e+04
2.005561164465786351e+04
2.335346358543417591e+04
2.665131552621048468e+04
2.994916746698679344e+04
3.324701940776310221e+04
3.654487134853941825e+04
3.984272328931572702e+04
4.314057523009203578e+04
4.643842717086835182e+04
4.973627911164466059e+04
5.303413105242096935e+04
5.633198299319727812e+04
5.962983493397358689e+04
6.292768687474990293e+04
6.622553881552620442e+04
6.952339075630252773e+04
7.282124269707883650e+04
7.611909463785514527e+04
7.941694657863145403e+04
8.271479851940776280e+04
8.601265046018407156e+04
8.931050240096038033e+04
9.260835434173670365e+04
9.590620628251301241e+04
9.920405822328932118e+04
1.025019101640656299e+05
1.057997621048419387e+05
1.090976140456182475e+05
1.123954659863945562e+05
1.156933179271708650e+05
1.189911698679471738e+05
1.222890218087234971e+05
1.255868737494998059e+05
1.288847256902761146e+05
1.321825776310524088e+05
1.354804295718287467e+05
1.387782815126050555e+05
1.420761334533813642e+05
1.453739853941576730e+05
1.486718373349339818e+05
1.519696892757102905e+05
1.552675412164865993e+05
1.585653931572629081e+05
1.618632450980392168e+05
1.651610970388155256e+05
1.684589489795918344e+05
1.717568009203681431e+05
1.750546528611444519e+05
1.783525048019207607e+05
1.816503567426970694e+05
1.849482086834734073e+05
1.882460606242497161e+05
1.915439125650260248e+05
1.948417645058023336e+05
1.981396164465786424e+05
2.014374683873549511e+05
2.047353203281312599e+05
2.080331722689075687e+05
2.113310242096838774e+05
2.146288761504601862e+05
2.179267280912364949e+05
2.212245800320128037e+05
2.245224319727891125e+05
2.278202839135654212e+05
2.311181358543417300e+05
2.344159877951180388e+05
2.377138397358943475e+05
2.410116916766706854e+05
2.443095436174469942e+05
2.476073955582233029e+05
2.509052474989996117e+05
2.542030994397759205e+05
2.575009513805522292e+05
2.607988033213285380e+05
2.640966552621048177e+05
2.673945072028811555e+05
2.706923591436574934e+05
2.739902110844337731e+05
2.772880630252101109e+05
2.805859149659863906e+05
2.838837669067627285e+05
2.871816188475390081e+05
2.904794707883153460e+05
2.937773227290916257e+05
2.970751746698679635e+05
3.003730266106442432e+05
3.036708785514205811e+05
3.069687304921968607e+05
3.102665824329731986e+05
3.135644343737494783e+05
3.168622863145258161e+05
3.201601382553021540e+05
3.234579901960784337e+05
3.267558421368547715e+05
3.300536940776310512e+05
3.333515460184073891e+05
3.366493979591836687e+05
3.399472498999600066e+05
3.432451018407362862e+05
3.465429537815126241e+05
3.498408057222889038e+05
3.531386576630652416e+05
3.564365096038415213e+05
3.597343615446178592e+05
3.630322134853941388e+05
3.663300654261704767e+05
3.696279173669468146e+05
3.729257693077230942e+05
3.762236212484994321e+05
3.795214731892757118e+05
3.828193251300520496e+05
3.861171770708283293e+05
3.894150290116046672e+05
3.927128809523809468e+05
3.960107328931572847e+05
3.993085848339335644e+05
4.026064367747099022e+05
4.059042887154861819e+05
4.092021406562625198e+05
4.124999925970387994e+05
4.157978445378151373e+05
4.190956964785914170e+05
4.223935484193677548e+05
4.256914003601440927e+05
4.289892523009203724e+05
4.322871042416967102e+05
4.355849561824729899e+05
4.388828081232493278e+05
4.421806600640256074e+05
4.454785120048019453e+05
4.487763639455782250e+05
4.520742158863545628e+05
4.553720678271308425e+05
4.586699197679071804e+05
4.619677717086834600e+05
4.652656236494597979e+05
4.685634755902360776e+05
4.718613275310124154e+05
4.751591794717886951e+05
4.784570314125650330e+05
4.817548833533413708e+05
4.850527352941176505e+05
4.883505872348939884e+05
4.916484391756702680e+05
4.949462911164466059e+05
4.982441430572228855e+05
5.015419949979992234e+05
5.048398469387755031e+05
5.081376988795518409e+05
5.114355508203281206e+05
5.147334027611044585e+05
5.180312547018807381e+05
5.213291066426570760e+05
5.246269585834334139e+05
5.279248105242096353e+05
5.312226624649859732e+05
5.345205144057623111e+05
5.378183663465386489e+05
5.411162182873149868e+05
5.444140702280912083e+05
5.477119221688675461e+05
5.510097741096438840e+05
5.543076260504202219e+05
5.576054779911964433e+05
5.609033299319727812e+05
5.642011818727491191e+05
5.674990338135254569e+05
5.707968857543016784e+05
5.740947376950780163e+05
5.773925896358543541e+05
5.806904415766306920e+05
5.839882935174070299e+05
5.872861454581832513e+05
5.905839973989595892e+05
5.938818493397359271e+05
5.971797012805122649e+05
6.004775532212884864e+05
6.037754051620648243e+05
6.070732571028411621e+05
6.103711090436175000e+05
6.136689609843937214e+05
6.169668129251700593e+05
6.202646648659463972e+05
6.235625168067227351e+05
6.268603687474989565e+05
6.301582206882752944e+05
6.334560726290516322e+05
6.367539245698279701e+05
6.400517765106043080e+05
6.433496284513805294e+05
6.466474803921568673e+05
6.499453323329332052e+05
6.532431842737095430e+05
6.565410362144857645e+05
6.598388881552621024e+05
6.631367400960384402e+05
6.664345920368147781e+05
6.697324439775909996e+05
6.730302959183673374e+05
6.763281478591436753e+05
6.796259997999200132e+05
6.829238517406962346e+05
6.862217036814725725e+05
6.895195556222489104e+05
6.928174075630252482e+05
6.961152595038015861e+05
6.994131114445778076e+05
7.027109633853541454e+05
7.060088153261304833e+05
7.093066672669068212e+05
7.126045192076830426e+05
7.159023711484593805e+05
7.192002230892357184e+05
7.224980750300120562e+05
7.257959269707882777e+05
7.290937789115646156e+05
7.323916308523409534e+05
7.356894827931172913e+05
7.389873347338936292e+05
7.422851866746698506e+05
7.455830386154461885e+05
7.488808905562225264e+05
7.521787424969988642e+05
7.554765944377750857e+05
7.587744463785514235e+05
7.620722983193277614e+05
7.653701502601040993e+05
7.686680022008803207e+05
7.719658541416566586e+05
7.752637060824329965e+05
7.785615580232093344e+05
7.818594099639855558e+05
7.851572619047618937e+05
7.884551138455382315e+05
7.917529657863145694e+05
7.950508177270909073e+05
7.983486696678671287e+05
8.016465216086434666e+05
8.049443735494198045e+05
8.082422254901961423e+05
8.115400774309723638e+05
8.148379293717487017e+05
8.181357813125250395e+05
8.214336332533013774e+05
8.247314851940775989e+05
8.280293371348539367e+05
8.313271890756302746e+05
8.346250410164066125e+05
8.379228929571828339e+05
8.412207448979591718e+05
8.445185968387355097e+05
8.478164487795118475e+05
8.511143007202881854e+05
8.544121526610644069e+05
8.577100046018407447e+05
8.610078565426170826e+05
8.643057084833934205e+05
8.676035604241696419e+05
8.709014123649459798e+05
8.741992643057223177e+05
8.774971162464986555e+05
8.807949681872748770e+05
8.840928201280512149e+05
8.873906720688275527e+05
8.906885240096038906e+05
8.939863759503801120e+05
8.972842278911564499e+05
9.005820798319327878e+05
9.038799317727091257e+05
9.071777837134854635e+05
9.104756356542616850e+05
9.137734875950380228e+05
9.170713395358143607e+05
9.203691914765906986e+05
9.236670434173669200e+05
9.269648953581432579e+05
9.302627472989195958e+05
9.335605992396959336e+05
9.368584511804721551e+05
9.401563031212484930e+05
9.434541550620248308e+05
9.467520070028011687e+05
9.500498589435773902e+05
9.533477108843537280e+05
9.566455628251300659e+05
9.599434147659064038e+05
9.632412667066827416e+05
9.665391186474589631e+05
9.698369705882353010e+05
9.731348225290116388e+05
9.764326744697879767e+05
9.797305264105641982e+05
9.830283783513405360e+05
9.863262302921168739e+05
9.896240822328932118e+05
9.929219341736694332e+05
9.962197861144457711e+05
9.995176380552221090e+05
1.002815489995998447e+06
1.006113341936774785e+06
1.009411193877551006e+06
1.012709045818327344e+06
1.016006897759103682e+06
1.019304749699880020e+06
1.022602601640656241e+06
1.025900453581432579e+06
1.029198305522208917e+06
1.032496157462985255e+06
1.035794009403761476e+06
1.039091861344537814e+06
1.042389713285314152e+06
1.045687565226090490e+06
1.048985417166866828e+06
1.052283269107643049e+06
1.055581121048419271e+06
1.058878972989195725e+06
1.062176824929971946e+06
1.065474676870748401e+06
1.068772528811524622e+06
1.072070380752300844e+06
1.075368232693077298e+06
1.078666084633853519e+06
1.081963936574629974e+06
1.085261788515406195e+06
1.088559640456182417e+06
1.091857492396958871e+06
1.095155344337735092e+06
1.098453196278511314e+06
1.101751048219287768e+06
1.105048900160063989e+06
1.108346752100840444e+06
1.111644604041616665e+06
1.114942455982392887e+06
1.118240307923169341e+06
1.121538159863945562e+06
1.124836011804722017e+06
1.128133863745498238e+06
1.131431715686274460e+06
1.134729567627050914e+06
1.138027419567827135e+06
1.141325271508603357e+06
1.144623123449379811e+06
1.147920975390156033e+06
1.151218827330932487e+06
1.154516679271708708e+06
1.157814531212484930e+06
1.161112383153261384e+06
1.164410235094037605e+06
1.167708087034814060e+06
1.171005938975590281e+06
1.174303790916366503e+06
1.177601642857142957e+06
1.180899494797919178e+06
1.184197346738695400e+06
1.187495198679471854e+06
1.190793050620248076e+06
1.194090902561024530e+06
1.197388754501800751e+06
1.200686606442576973e+06
1.203984458383353427e+06
1.207282310324129649e+06
1.210580162264905870e+06
1.213878014205682324e+06
1.217175866146458546e+06
1.220473718087235000e+06
1.223771570028011221e+06
1.227069421968787443e+06
1.230367273909563897e+06
1.233665125850340119e+06
1.236962977791116573e+06
1.240260829731892794e+06
1.243558681672669016e+06
1.246856533613445470e+06
1.250154385554221692e+06
1.253452237494997913e+06
1.256750089435774367e+06
1.260047941376550589e+06
1.263345793317327043e+06
1.266643645258103264e+06
1.269941497198879486e+06
1.273239349139655940e+06
1.276537201080432162e+06
1.279835053021208616e+06
1.283132904961984837e+06
1.286430756902761059e+06
1.289728608843537513e+06
1.293026460784313735e+06
1.296324312725089956e+06
1.299622164665866410e+06
1.302920016606642632e+06
1.306217868547419086e+06
1.309515720488195308e+06
1.312813572428971529e+06
1.316111424369747983e+06
1.319409276310524205e+06
1.322707128251300659e+06
1.326004980192076880e+06
1.329302832132853102e+06
1.332600684073629556e+06
1.335898536014405778e+06
1.339196387955181999e+06
1.342494239895958453e+06
1.345792091836734675e+06
1.349089943777511129e+06
1.352387795718287351e+06
1.355685647659063572e+06
1.358983499599840026e+06
1.362281351540616248e+06
1.365579203481392469e+06
1.368877055422168924e+06
1.372174907362945145e+06
1.375472759303721599e+06
1.378770611244497821e+06
1.382068463185274042e+06
1.385366315126050496e+06
1.388664167066826718e+06
1.391962019007603172e+06
1.395259870948379394e+06
1.398557722889155615e+06
1.401855574829932069e+06
1.405153426770708291e+06
1.408451278711484512e+06
1.411749130652260967e+06
1.415046982593037188e+06
1.418344834533813642e+06
1.421642686474589864e+06
1.424940538415366085e+06
1.428238390356142540e+06
1.431536242296918761e+06
1.434834094237695215e+06
1.438131946178471437e+06
1.441429798119247658e+06
1.444727650060024112e+06
1.448025502000800334e+06
1.451323353941576555e+06
1.454621205882353010e+06
1.457919057823129231e+06
1.461216909763905685e+06
1.464514761704681907e+06
1.467812613645458128e+06
1.471110465586234583e+06
1.474408317527010804e+06
1.477706169467787258e+06
1.481004021408563480e+06
1.484301873349339701e+06
1.487599725290116156e+06
1.490897577230892377e+06
1.494195429171668598e+06
1.497493281112445053e+06
1.500791133053221274e+06
1.504088984993997728e+06
1.507386836934773950e+06
1.510684688875550171e+06
1.513982540816326626e+06
1.517280392757102847e+06
1.520578244697879069e+06
1.523876096638655523e+06
1.527173948579431744e+06
1.530471800520208199e+06
1.533769652460984420e+06
1.537067504401760641e+06
1.540365356342537096e+06
1.543663208283313317e+06
1.546961060224089772e+06
1.550258912164865993e+06
1.553556764105642214e+06
1.556854616046418669e+06
1.560152467987194890e+06
1.563450319927971112e+06
1.566748171868747566e+06
1.570046023809523787e+06
1.573343875750300242e+06
1.576641727691076463e+06
1.579939579631852685e+06
1.583237431572629139e+06
1.586535283513405360e+06
1.589833135454181815e+06
1.593130987394958036e+06
1.596428839335734257e+06
1.599726691276510712e+06
1.603024543217286933e+06
1.606322395158063155e+06
1.609620247098839609e+06
1.612918099039615830e+06
1.616215950980392285e+06
1.619513802921168506e+06
1.622811654861944728e+06
1.626109506802721182e+06
1.629407358743497403e+06
1.632705210684273625e+06
1.636003062625050079e+06
1.639300914565826301e+06
1.642598766506602755e+06
1.645896618447378976e+06
1.649194470388155198e+06
1.652492322328931652e+06
1.655790174269707873e+06
1.659088026210484328e+06
1.662385878151260549e+06
1.665683730092036771e+06
1.668981582032813225e+06
1.672279433973589446e+06
1.675577285914365668e+06
1.678875137855142122e+06
1.682172989795918344e+06
1.685470841736694798e+06
1.688768693677471019e+06
1.692066545618247241e+06
1.695364397559023695e+06
1.698662249499799917e+06
1.701960101440576371e+06
1.705257953381352592e+06
1.708555805322128814e+06
1.711853657262905268e+06
1.715151509203681489e+06
1.718449361144457711e+06
1.721747213085234165e+06
1.725045065026010387e+06
1.728342916966786841e+06
1.731640768907563062e+06
1.734938620848339284e+06
1.738236472789115738e+06
1.741534324729891960e+06
1.744832176670668414e+06
1.748130028611444635e+06
1.751427880552220857e+06
1.754725732492997311e+06
1.758023584433773533e+06
1.761321436374549754e+06
1.764619288315326208e+06
1.767917140256102430e+06
1.771214992196878884e+06
1.774512844137655105e+06
1.777810696078431327e+06
1.781108548019207781e+06
1.784406399959984003e+06
1.787704251900760224e+06
1.791002103841536678e+06
1.794299955782312900e+06
1.797597807723089354e+06
1.800895659663865576e+06
1.804193511604641797e+06
1.807491363545418251e+06
1.810789215486194473e+06
1.814087067426970927e+06
1.817384919367747148e+06
1.820682771308523370e+06
1.823980623249299824e+06
1.827278475190076046e+06
1.830576327130852267e+06
1.833874179071628721e+06
1.837172031012404943e+06
1.840469882953181397e+06
1.843767734893957619e+06
1.847065586834733840e+06
1.850363438775510294e+06
1.853661290716286516e+06
1.856959142657062970e+06
1.860256994597839192e+06
1.863554846538615413e+06
1.866852698479391867e+06
1.870150550420168089e+06
1.873448402360944310e+06
1.876746254301720764e+06
1.880044106242496986e+06
1.883341958183273440e+06
1.886639810124049662e+06
1.889937662064825883e+06
1.893235514005602337e+06
1.896533365946378559e+06
1.899831217887154780e+06
1.903129069827931235e+06
1.906426921768707456e+06
1.909724773709483910e+06
1.913022625650260132e+06
1.916320477591036353e+06
1.919618329531812808e+06
1.922916181472589029e+06
1.926214033413365483e+06
1.929511885354141705e+06
1.932809737294917926e+06
1.936107589235694380e+06
1.939405441176470602e+06
1.942703293117246823e+06
1.946001145058023278e+06
1.949298996998799499e+06
1.952596848939575953e+06
1.955894700880352175e+06
1.959192552821128396e+06
1.962490404761904851e+06
1.965788256702681072e+06
1.969086108643457526e+06
1.972383960584233748e+06
1.975681812525009969e+06
1.978979664465786424e+06
1.982277516406562645e+06
1.985575368347338866e+06
1.988873220288115321e+06
1.992171072228891542e+06
1.995468924169667996e+06
1.998766776110444218e+06
2.002064628051220439e+06
2.005362479991996894e+06
2.008660331932773115e+06
2.011958183873549569e+06
2.015256035814325791e+06
2.018553887755102012e+06
2.021851739695878467e+06
2.025149591636654688e+06
2.028447443577430909e+06
2.031745295518207364e+06
2.035043147458983585e+06
2.038340999399760040e+06
2.041638851340536261e+06
2.044936703281312482e+06
2.048234555222088937e+06
2.051532407162865158e+06
2.054830259103641380e+06
2.058128111044417834e+06
2.061425962985194055e+06
2.064723814925970510e+06
2.068021666866746731e+06
2.071319518807522953e+06
2.074617370748299407e+06
2.077915222689075628e+06
2.081213074629852083e+06
2.084510926570628304e+06
2.087808778511404525e+06
2.091106630452180980e+06
2.094404482392957201e+06
2.097702334333733656e+06
2.101000186274509877e+06
2.104298038215286098e+06
2.107595890156062320e+06
2.110893742096838541e+06
2.114191594037615228e+06
2.117489445978391450e+06
2.120787297919167671e+06
2.124085149859943893e+06
2.127383001800720114e+06
2.130680853741496801e+06
2.133978705682273023e+06
2.137276557623049244e+06
2.140574409563825466e+06
2.143872261504601687e+06
2.147170113445378374e+06
2.150467965386154596e+06
2.153765817326930817e+06
2.157063669267707039e+06
2.160361521208483260e+06
2.163659373149259947e+06
2.166957225090036169e+06
2.170255077030812390e+06
2.173552928971588612e+06
2.176850780912364833e+06
2.180148632853141520e+06
2.183446484793917742e+06
2.186744336734693963e+06
2.190042188675470185e+06
2.193340040616246406e+06
2.196637892557022627e+06
2.199935744497799315e+06
2.203233596438575536e+06
2.206531448379351757e+06
2.209829300320127979e+06
2.213127152260904200e+06
2.216425004201680887e+06
2.219722856142457109e+06
2.223020708083233330e+06
2.226318560024009552e+06
2.229616411964785773e+06
2.232914263905562460e+06
2.236212115846338682e+06
2.239509967787114903e+06
2.242807819727891125e+06
2.246105671668667346e+06
2.249403523609444033e+06
2.252701375550220255e+06
2.255999227490996476e+06
2.259297079431772698e+06
2.262594931372548919e+06
2.265892783313325141e+06
2.269190635254101828e+06
2.272488487194878049e+06
2.275786339135654271e+06
2.279084191076430492e+06
2.282382043017206714e+06
2.285679894957983401e+06
2.288977746898759622e+06
2.292275598839535844e+06
2.295573450780312065e+06
2.298871302721088286e+06
2.302169154661864974e+06
2.305467006602641195e+06
2.308764858543417417e+06
2.312062710484193638e+06
2.315360562424969859e+06
2.318658414365746547e+06
2.321956266306522768e+06
2.325254118247298989e+06
2.328551970188075211e+06
2.331849822128851432e+06
2.335147674069628119e+06
2.338445526010404341e+06
2.341743377951180562e+06
2.345041229891956784e+06
2.348339081832733005e+06
2.351636933773509227e+06
2.354934785714285914e+06
2.358232637655062135e+06
2.361530489595838357e+06
2.364828341536614578e+06
2.368126193477390800e+06
2.371424045418167487e+06
2.374721897358943708e+06
2.378019749299719930e+06
2.381317601240496151e+06
2.384615453181272373e+06
2.387913305122049060e+06
2.391211157062825281e+06
2.394509009003601503e+06
2.397806860944377724e+06
2.401104712885153946e+06
2.404402564825930633e+06
2.407700416766706854e+06
2.410998268707483076e+06
2.414296120648259297e+06
2.417593972589035518e+06
2.420891824529811740e+06
2.424189676470588427e+06
2.427487528411364648e+06
2.430785380352140870e+06
2.434083232292917091e+06
2.437381084233693313e+06
2.440678936174470000e+06
2.443976788115246221e+06
2.447274640056022443e+06
2.450572491996798664e+06
2.453870343937574886e+06
2.457168195878351573e+06
2.460466047819127794e+06
2.463763899759904016e+06
2.467061751700680237e+06
2.470359603641456459e+06
2.473657455582233146e+06
2.476955307523009367e+06
2.480253159463785589e+06
2.483551011404561810e+06
2.486848863345338032e+06
2.490146715286114719e+06
2.493444567226890940e+06
2.496742419167667162e+06
2.500040271108443383e+06
2.503338123049219605e+06
2.506635974989995826e+06
2.509933826930772513e+06
2.513231678871548735e+06
2.516529530812324956e+06
2.519827382753101178e+06
2.523125234693877399e+06
2.526423086634654086e+06
2.529720938575430308e+06
2.533018790516206529e+06
2.536316642456982750e+06
2.539614494397758972e+06
2.542912346338535659e+06
2.546210198279311880e+06
2.549508050220088102e+06
2.552805902160864323e+06
2.556103754101640545e+06
2.559401606042417232e+06
2.562699457983193453e+06
2.565997309923969675e+06
2.569295161864745896e+06
2.572593013805522118e+06
2.575890865746298339e+06
2.579188717687075026e+06
2.582486569627851248e+06
2.585784421568627469e+06
2.589082273509403691e+06
2.592380125450179912e+06
2.595677977390956599e+06
2.598975829331732821e+06
2.602273681272509042e+06
2.605571533213285264e+06
2.608869385154061485e+06
2.612167237094838172e+06
2.615465089035614394e+06
2.618762940976390615e+06
2.622060792917166837e+06
2.625358644857943058e+06
2.628656496798719745e+06
2.631954348739495967e+06
2.635252200680272188e+06
2.638550052621048409e+06
2.641847904561824631e+06
2.645145756502601318e+06
2.648443608443377540e+06
2.651741460384153761e+06
2.655039312324929982e+06
2.658337164265706204e+06
2.661635016206482425e+06
2.664932868147259112e+06
2.668230720088035334e+06
2.671528572028811555e+06
2.674826423969587777e+06
2.678124275910363998e+06
2.681422127851140685e+06
2.684719979791916907e+06
2.688017831732693128e+06
2.691315683673469350e+06
2.694613535614245571e+06
2.697911387555022258e+06
2.701209239495798480e+06
2.704507091436574701e+06
2.707804943377350923e+06
2.711102795318127144e+06
2.714400647258903831e+06
2.717698499199680053e+06
2.720996351140456274e+06
2.724294203081232496e+06
2.727592055022008717e+06
2.730889906962784939e+06
2.734187758903561626e+06
2.737485610844337847e+06
2.740783462785114069e+06
2.744081314725890290e+06
2.747379166666666511e+06
2.750677018607443199e+06
2.753974870548219420e+06
2.757272722488995641e+06
2.760570574429771863e+06
2.763868426370548084e+06
2.767166278311324771e+06
2.770464130252100993e+06
2.773761982192877214e+06
2.777059834133653436e+06
2.780357686074429657e+06
2.783655538015206344e+06
2.786953389955982566e+06
2.790251241896758787e+06
2.793549093837535009e+06
2.796846945778311230e+06
2.800144797719087917e+06
2.803442649659864139e+06
2.806740501600640360e+06
2.810038353541416582e+06
2.813336205482192803e+06
2.816634057422969025e+06
2.819931909363745712e+06
2.823229761304521933e+06
2.826527613245298155e+06
2.829825465186074376e+06
2.833123317126850598e+06
2.836421169067627285e+06
2.839719021008403506e+06
2.843016872949179728e+06
2.846314724889955949e+06
2.849612576830732170e+06
2.852910428771508858e+06
2.856208280712285079e+06
2.859506132653061301e+06
2.862803984593837522e+06
2.866101836534613743e+06
2.869399688475390431e+06
2.872697540416166652e+06
2.875995392356942873e+06
2.879293244297719095e+06
2.882591096238495316e+06
2.885888948179271538e+06
2.889186800120048225e+06
2.892484652060824446e+06
2.895782504001600668e+06
2.899080355942376889e+06
2.902378207883153111e+06
2.905676059823929798e+06
2.908973911764706019e+06
2.912271763705482241e+06
2.915569615646258462e+06
2.918867467587034684e+06
2.922165319527811371e+06
2.925463171468587592e+06
2.928761023409363814e+06
2.932058875350140035e+06
2.935356727290916257e+06
2.938654579231692944e+06
2.941952431172469165e+06
2.945250283113245387e+06
2.948548135054021608e+06
2.951845986994797830e+06
2.955143838935574517e+06
2.958441690876350738e+06
2.961739542817126960e+06
2.965037394757903181e+06
2.968335246698679402e+06
2.971633098639455624e+06
2.974930950580232311e+06
2.978228802521008532e+06
2.981526654461784754e+06
2.984824506402560975e+06
2.988122358343337197e+06
2.991420210284113884e+06
2.994718062224890105e+06
2.998015914165666327e+06
3.001313766106442548e+06
3.004611618047218770e+06
3.007909469987995457e+06
3.011207321928771678e+06
3.014505173869547900e+06
3.017803025810324121e+06
3.021100877751100343e+06
3.024398729691877030e+06
3.027696581632653251e+06
3.030994433573429473e+06
3.034292285514205694e+06
3.037590137454981916e+06
3.040887989395758137e+06
3.044185841336534824e+06
3.047483693277311046e+06
3.050781545218087267e+06
3.054079397158863489e+06
3.057377249099639710e+06
3.060675101040416397e+06
3.063972952981192619e+06
3.067270804921968840e+06
3.070568656862745062e+06
3.073866508803521283e+06
3.077164360744297970e+06
3.080462212685074192e+06
3.083760064625850413e+06
3.087057916566626634e+06
3.090355768507402856e+06
3.093653620448179543e+06
3.096951472388955764e+06
3.100249324329731986e+06
3.103547176270508207e+06
3.106845028211284429e+06
3.110142880152060650e+06
3.113440732092837337e+06
3.116738584033613559e+06
3.120036435974389780e+06
3.123334287915166002e+06
3.126632139855942223e+06
3.129929991796718910e+06
3.133227843737495132e+06
3.136525695678271353e+06
3.139823547619047575e+06
3.143121399559823796e+06
3.146419251500600483e+06
3.149717103441376705e+06
3.153014955382152926e+06
3.156312807322929148e+06
3.159610659263705369e+06
3.162908511204482056e+06
3.166206363145258278e+06
3.169504215086034499e+06
3.172802067026810721e+06
3.176099918967586942e+06
3.179397770908363629e+06
3.182695622849139851e+06
3.185993474789916072e+06
3.189291326730692293e+06
3.192589178671468515e+06
3.195887030612244736e+06
3.199184882553021424e+06
3.202482734493797645e+06
3.205780586434573866e+06
3.209078438375350088e+06
3.212376290316126309e+06
3.215674142256902996e+06
3.218971994197679218e+06
3.222269846138455439e+06
3.225567698079231661e+06
3.228865550020007882e+06
3.232163401960784569e+06
3.235461253901560791e+06
3.238759105842337012e+06
3.242056957783113234e+06
3.245354809723889455e+06
3.248652661664666142e+06
3.251950513605442364e+06
3.255248365546218585e+06
3.258546217486994807e+06
3.261844069427771028e+06
3.265141921368547250e+06
3.268439773309323937e+06
3.271737625250100158e+06
3.275035477190876380e+06
3.278333329131652601e+06
3.281631181072428823e+06
3.284929033013205510e+06
3.288226884953981731e+06
3.291524736894757953e+06
3.294822588835534174e+06
3.298120440776310395e+06
3.301418292717087083e+06
3.304716144657863304e+06
3.308013996598639525e+06
3.311311848539415747e+06
3.314609700480191968e+06
3.317907552420968655e+06
3.321205404361744877e+06
3.324503256302521098e+06
3.327801108243297320e+06
3.331098960184073541e+06
3.334396812124850228e+06
3.337694664065626450e+06
3.340992516006402671e+06
3.344290367947178893e+06
3.347588219887955114e+06
3.350886071828731336e+06
3.354183923769508023e+06
3.357481775710284244e+06
3.360779627651060466e+06
3.364077479591836687e+06
3.367375331532612909e+06
3.370673183473389596e+06
3.373971035414165817e+06
3.377268887354942039e+06
3.380566739295718260e+06
3.383864591236494482e+06
3.387162443177271169e+06
3.390460295118047390e+06
3.393758147058823612e+06
3.397055998999599833e+06
3.400353850940376054e+06
3.403651702881152742e+06
3.406949554821928963e+06
3.410247406762705185e+06
3.413545258703481406e+06
3.416843110644257627e+06
3.420140962585033849e+06
3.423438814525810536e+06
3.426736666466586757e+06
3.430034518407362979e+06
3.433332370348139200e+06
3.436630222288915422e+06
3.439928074229692109e+06
3.443225926170468330e+06
3.446523778111244552e+06
3.449821630052020773e+06
3.453119481992796995e+06
3.456417333933573682e+06
3.459715185874349903e+06
3.463013037815126125e+06
3.466310889755902346e+06
3.469608741696678568e+06
3.472906593637455255e+06
3.476204445578231476e+06
3.479502297519007698e+06
3.482800149459783919e+06
3.486098001400560141e+06
3.489395853341336828e+06
3.492693705282113049e+06
3.495991557222889271e+06
3.499289409163665492e+06
3.502587261104441714e+06
3.505885113045217935e+06
3.509182964985994622e+06
3.512480816926770844e+06
3.515778668867547065e+06
3.519076520808323286e+06
3.522374372749099508e+06
3.525672224689876195e+06
3.528970076630652416e+06
3.532267928571428638e+06
3.535565780512204859e+06
3.538863632452981081e+06
3.542161484393757768e+06
3.545459336334533989e+06
3.548757188275310211e+06
3.552055040216086432e+06
3.555352892156862654e+06
3.558650744097639341e+06
3.561948596038415562e+06
3.565246447979191784e+06
3.568544299919968005e+06
3.571842151860744227e+06
3.575140003801520448e+06
3.578437855742297135e+06
3.581735707683073357e+06
3.585033559623849578e+06
3.588331411564625800e+06
3.591629263505402021e+06
3.594927115446178708e+06
3.598224967386954930e+06
3.601522819327731151e+06
3.604820671268507373e+06
3.608118523209283594e+06
3.611416375150060281e+06
3.614714227090836503e+06
3.618012079031612724e+06
3.621309930972388946e+06
3.624607782913165167e+06
3.627905634853941854e+06
3.631203486794718076e+06
3.634501338735494297e+06
3.637799190676270518e+06
3.641097042617046740e+06
3.644394894557823427e+06
3.647692746498599648e+06
3.650990598439375870e+06
3.654288450380152091e+06
3.657586302320928313e+06
3.660884154261704534e+06
3.664182006202481221e+06
3.667479858143257443e+06
3.670777710084033664e+06
3.674075562024809886e+06
3.677373413965586107e+06
3.680671265906362794e+06
3.683969117847139016e+06
3.687266969787915237e+06
3.690564821728691459e+06
3.693862673669467680e+06
3.697160525610244367e+06
3.700458377551020589e+06
3.703756229491796810e+06
3.707054081432573032e+06
3.710351933373349253e+06
3.713649785314125940e+06
3.716947637254902162e+06
3.720245489195678383e+06
3.723543341136454605e+06
3.726841193077230826e+06
3.730139045018007047e+06
3.733436896958783735e+06
3.736734748899559956e+06
3.740032600840336177e+06
3.743330452781112399e+06
3.746628304721888620e+06
3.749926156662665308e+06
3.753224008603441529e+06
3.756521860544217750e+06
3.759819712484993972e+06
3.763117564425770193e+06
3.766415416366546880e+06
3.769713268307323102e+06
3.773011120248099323e+06
3.776308972188875545e+06
3.779606824129651766e+06
3.782904676070428453e+06
3.786202528011204675e+06
3.789500379951980896e+06
3.792798231892757118e+06
3.796096083833533339e+06
3.799393935774309561e+06
3.802691787715086248e+06
3.805989639655862469e+06
3.809287491596638691e+06
3.812585343537414912e+06
3.815883195478191134e+06
3.819181047418967821e+06
3.822478899359744042e+06
3.825776751300520264e+06
3.829074603241296485e+06
3.832372455182072707e+06
3.835670307122849394e+06
3.838968159063625615e+06
3.842266011004401837e+06
3.845563862945178058e+06
3.848861714885954279e+06
3.852159566826730967e+06
3.855457418767507188e+06
3.858755270708283409e+06
3.862053122649059631e+06
3.865350974589835852e+06
3.868648826530612539e+06
3.871946678471388761e+06
3.875244530412164982e+06
3.878542382352941204e+06
3.881840234293717425e+06
3.885138086234493647e+06
3.888435938175270334e+06
3.891733790116046555e+06
3.895031642056822777e+06
3.898329493997598998e+06
3.901627345938375220e+06
3.904925197879151907e+06
3.908223049819928128e+06
3.911520901760704350e+06
3.914818753701480571e+06
3.918116605642256793e+06
3.921414457583033480e+06
3.924712309523809701e+06
3.928010161464585923e+06
3.931308013405362144e+06
3.934605865346138366e+06
3.937903717286915053e+06
3.941201569227691274e+06
3.944499421168467496e+06
3.947797273109243717e+06
3.951095125050019938e+06
3.954392976990796160e+06
3.957690828931572847e+06
3.960988680872349069e+06
3.964286532813125290e+06
3.967584384753901511e+06
3.970882236694677733e+06
3.974180088635454420e+06
3.977477940576230641e+06
3.980775792517006863e+06
3.984073644457783084e+06
3.987371496398559306e+06
3.990669348339335993e+06
3.993967200280112214e+06
3.997265052220888436e+06
4.000562904161664657e+06
4.003860756102440879e+06
4.007158608043217566e+06
4.010456459983993787e+06
4.013754311924770009e+06
4.017052163865546230e+06
4.020350015806322452e+06
4.023647867747099139e+06
4.026945719687875360e+06
4.030243571628651582e+06
4.033541423569427803e+06
4.036839275510204025e+06
4.040137127450980246e+06
4.043434979391756933e+06
4.046732831332533155e+06
4.050030683273309376e+06
4.053328535214085598e+06
4.056626387154861819e+06
4.059924239095638506e+06
4.063222091036414728e+06
4.066519942977190949e+06
4.069817794917967170e+06
4.073115646858743392e+06
4.076413498799520079e+06
4.079711350740296301e+06
4.083009202681072522e+06
4.086307054621848743e+06
4.089604906562624965e+06
4.092902758503401652e+06
4.096200610444177873e+06
4.099498462384954095e+06
4.102796314325730316e+06
4.106094166266506538e+06
4.109392018207282759e+06
4.112689870148059446e+06
4.115987722088835668e+06
4.119285574029611889e+06
4.122583425970388111e+06
4.125881277911164332e+06
4.129179129851941019e+06
4.132476981792717241e+06
4.135774833733493462e+06
4.139072685674269684e+06
4.142370537615045905e+06
4.145668389555822592e+06
4.148966241496598814e+06
4.152264093437375035e+06
4.155561945378151257e+06
4.158859797318927478e+06
4.162157649259704165e+06
4.165455501200480387e+06
4.168753353141256608e+06
4.172051205082032830e+06
4.175349057022809051e+06
4.178646908963585738e+06
4.181944760904361960e+06
4.185242612845138181e+06
4.188540464785914402e+06
4.191838316726690624e+06
4.195136168667467311e+06
4.198434020608243532e+06
4.201731872549019754e+06
4.205029724489795975e+06
4.208327576430572197e+06
4.211625428371348418e+06
4.214923280312124640e+06
4.218221132252900861e+06
4.221518984193677083e+06
4.224816836134454235e+06
4.228114688075230457e+06
4.231412540016006678e+06
4.234710391956782900e+06
4.238008243897559121e+06
4.241306095838335343e+06
4.244603947779111564e+06
4.247901799719887786e+06
4.251199651660664007e+06
4.254497503601440229e+06
4.257795355542217381e+06
4.261093207482993603e+06
4.264391059423769824e+06
4.267688911364546046e+06
4.270986763305322267e+06
4.274284615246098489e+06
4.277582467186874710e+06
4.280880319127650931e+06
4.284178171068427153e+06
4.287476023009203374e+06
4.290773874949980527e+06
4.294071726890756749e+06
4.297369578831532970e+06
4.300667430772309192e+06
4.303965282713085413e+06
4.307263134653861634e+06
4.310560986594637856e+06
4.313858838535414077e+06
4.317156690476190299e+06
4.320454542416966520e+06
4.323752394357742742e+06
4.327050246298519894e+06
4.330348098239296116e+06
4.333645950180072337e+06
4.336943802120848559e+06
4.340241654061624780e+06
4.343539506002401002e+06
4.346837357943177223e+06
4.350135209883953445e+06
4.353433061824729666e+06
4.356730913765505888e+06
4.360028765706283040e+06
4.363326617647059262e+06
4.366624469587835483e+06
4.369922321528611705e+06
4.373220173469387926e+06
4.376518025410164148e+06
4.379815877350940369e+06
4.383113729291716591e+06
4.386411581232492812e+06
4.389709433173269033e+06
4.393007285114045255e+06
4.396305137054822408e+06
4.399602988995598629e+06
4.402900840936374851e+06
4.406198692877151072e+06
4.409496544817927293e+06
4.412794396758703515e+06
4.416092248699479736e+06
4.419390100640255958e+06
4.422687952581032179e+06
4.425985804521808401e+06
4.429283656462585554e+06
4.432581508403361775e+06
4.435879360344137996e+06
4.439177212284914218e+06
4.442475064225690439e+06
4.445772916166466661e+06
4.449070768107242882e+06
4.452368620048019104e+06
4.455666471988795325e+06
4.458964323929571547e+06
4.462262175870347768e+06
4.465560027811124921e+06
4.468857879751901142e+06
4.472155731692677364e+06
4.475453583633453585e+06
4.478751435574229807e+06
4.482049287515006028e+06
4.485347139455782250e+06
4.488644991396558471e+06
4.491942843337334692e+06
4.495240695278110914e+06
4.498538547218888067e+06
4.501836399159664288e+06
4.505134251100440510e+06
4.508432103041216731e+06
4.511729954981992953e+06
4.515027806922769174e+06
4.518325658863545395e+06
4.521623510804321617e+06
4.524921362745097838e+06
4.528219214685874060e+06
4.531517066626650281e+06
4.534814918567427434e+06
4.538112770508203655e+06
4.541410622448979877e+06
4.544708474389756098e+06
4.548006326330532320e+06
4.551304178271308541e+06
4.554602030212084763e+06
4.557899882152860984e+06
4.561197734093637206e+06
4.564495586034413427e+06
4.567793437975190580e+06
4.571091289915966801e+06
4.574389141856743023e+06
4.577686993797519244e+06
4.580984845738295466e+06
4.584282697679071687e+06
4.587580549619847909e+06
4.590878401560624130e+06
4.594176253501400352e+06
4.597474105442176573e+06
4.600771957382953726e+06
4.604069809323729947e+06
4.607367661264506169e+06
4.610665513205282390e+06
4.613963365146058612e+06
4.617261217086834833e+06
4.620559069027611054e+06
4.623856920968387276e+06
4.627154772909163497e+06
4.630452624849939719e+06
4.633750476790715940e+06
4.637048328731493093e+06
4.640346180672269315e+06
4.643644032613045536e+06
4.646941884553821757e+06
4.650239736494597979e+06
4.653537588435374200e+06
4.656835440376150422e+06
4.660133292316926643e+06
4.663431144257702865e+06
4.666728996198479086e+06
4.670026848139256239e+06
4.673324700080032460e+06
4.676622552020808682e+06
4.679920403961584903e+06
4.683218255902361125e+06
4.686516107843137346e+06
4.689813959783913568e+06
4.693111811724689789e+06
4.696409663665466011e+06
4.699707515606242232e+06
4.703005367547018453e+06
4.706303219487795606e+06
4.709601071428571828e+06
4.712898923369348049e+06
4.716196775310124271e+06
4.719494627250900492e+06
4.722792479191676714e+06
4.726090331132452935e+06
4.729388183073229156e+06
4.732686035014005378e+06
4.735983886954781599e+06
4.739281738895558752e+06
4.742579590836334974e+06
4.745877442777111195e+06
4.749175294717887416e+06
4.752473146658663638e+06
4.755770998599439859e+06
4.759068850540216081e+06
4.762366702480992302e+06
4.765664554421768524e+06
4.768962406362544745e+06
4.772260258303320967e+06
4.775558110244098119e+06
4.778855962184874341e+06
4.782153814125650562e+06
4.785451666066426784e+06
4.788749518007203005e+06
4.792047369947979227e+06
4.795345221888755448e+06
4.798643073829531670e+06
4.801940925770307891e+06
4.805238777711084113e+06
4.808536629651861265e+06
4.811834481592637487e+06
4.815132333533413708e+06
4.818430185474189930e+06
4.821728037414966151e+06
4.825025889355742373e+06
4.828323741296518594e+06
4.831621593237294815e+06
4.834919445178071037e+06
4.838217297118847258e+06
4.841515149059623480e+06
4.844813001000400633e+06
4.848110852941176854e+06
4.851408704881953076e+06
4.854706556822729297e+06
4.858004408763505518e+06
4.861302260704281740e+06
4.864600112645057961e+06
4.867897964585834183e+06
4.871195816526610404e+06
4.874493668467386626e+06
4.877791520408163778e+06
4.881089372348940000e+06
4.884387224289716221e+06
4.887685076230492443e+06
4.890982928171268664e+06
4.894280780112044886e+06
4.897578632052821107e+06
4.900876483993597329e+06
4.904174335934373550e+06
4.907472187875149772e+06
4.910770039815926924e+06
4.914067891756703146e+06
4.917365743697479367e+06
4.920663595638255589e+06
4.923961447579031810e+06
4.927259299519808032e+06
4.930557151460584253e+06
4.933855003401360475e+06
4.937152855342136696e+06
4.940450707282912917e+06
4.943748559223689139e+06
4.947046411164466292e+06
4.950344263105242513e+06
4.953642115046018735e+06
4.956939966986794956e+06
4.960237818927571177e+06
4.963535670868347399e+06
4.966833522809123620e+06
4.970131374749899842e+06
4.973429226690676063e+06
4.976727078631452285e+06
4.980024930572229438e+06
4.983322782513005659e+06
4.986620634453781880e+06
4.989918486394558102e+06
4.993216338335334323e+06
4.996514190276110545e+06
4.999812042216886766e+06
5.003109894157662988e+06
5.006407746098439209e+06
5.009705598039215431e+06
5.013003449979991652e+06
5.016301301920768805e+06
5.019599153861545026e+06
5.022897005802321248e+06
5.026194857743097469e+06
5.029492709683873691e+06
5.032790561624649912e+06
5.036088413565426134e+06
5.039386265506202355e+06
5.042684117446978576e+06
5.045981969387754798e+06
5.049279821328531951e+06
5.052577673269308172e+06
5.055875525210084394e+06
5.059173377150860615e+06
5.062471229091636837e+06
5.065769081032413058e+06
5.069066932973189279e+06
5.072364784913965501e+06
5.075662636854741722e+06
5.078960488795517944e+06
5.082258340736294165e+06
5.085556192677071318e+06
5.088854044617847539e+06
5.092151896558623761e+06
5.095449748499399982e+06
5.098747600440176204e+06
5.102045452380952425e+06
5.105343304321728647e+06
5.108641156262504868e+06
5.111939008203281090e+06
5.115236860144057311e+06
5.118534712084834464e+06
5.121832564025610685e+06
5.125130415966386907e+06
5.128428267907163128e+06
5.131726119847939350e+06
5.135023971788715571e+06
5.138321823729491793e+06
5.141619675670268014e+06
5.144917527611044236e+06
5.148215379551820457e+06
5.151513231492596678e+06
5.154811083433373831e+06
5.158108935374150053e+06
5.161406787314926274e+06
5.164704639255702496e+06
5.168002491196478717e+06
5.171300343137254938e+06
5.174598195078031160e+06
5.177896047018807381e+06
5.181193898959583603e+06
5.184491750900359824e+06
5.187789602841136977e+06
5.191087454781913199e+06
5.194385306722689420e+06
5.197683158663465641e+06
5.200981010604241863e+06
5.204278862545018084e+06
5.207576714485794306e+06
5.210874566426570527e+06
5.214172418367346749e+06
5.217470270308122970e+06
5.220768122248899192e+06
5.224065974189676344e+06
5.227363826130452566e+06
5.230661678071228787e+06
5.233959530012005009e+06
5.237257381952781230e+06
5.240555233893557452e+06
5.243853085834333673e+06
5.247150937775109895e+06
5.250448789715886116e+06
5.253746641656662337e+06
5.257044493597439490e+06
5.260342345538215712e+06
5.263640197478991933e+06
5.266938049419768155e+06
5.270235901360544376e+06
5.273533753301320598e+06
5.276831605242096819e+06
5.280129457182873040e+06
5.283427309123649262e+06
5.286725161064425483e+06
5.290023013005202636e+06
5.293320864945978858e+06
5.296618716886755079e+06
5.299916568827531300e+06
5.303214420768307522e+06
5.306512272709083743e+06
5.309810124649859965e+06
5.313107976590636186e+06
5.316405828531412408e+06
5.319703680472188629e+06
5.323001532412964851e+06
5.326299384353742003e+06
5.329597236294518225e+06
5.332895088235294446e+06
5.336192940176070668e+06
5.339490792116846889e+06
5.342788644057623111e+06
5.346086495998399332e+06
5.349384347939175554e+06
5.352682199879951775e+06
5.355980051820727997e+06
5.359277903761505149e+06
5.362575755702281371e+06
5.365873607643057592e+06
5.369171459583833814e+06
5.372469311524610035e+06
5.375767163465386257e+06
5.379065015406162478e+06
5.382362867346938699e+06
5.385660719287714921e+06
5.388958571228491142e+06
5.392256423169267364e+06
5.395554275110044517e+06
5.398852127050820738e+06
5.402149978991596960e+06
5.405447830932373181e+06
5.408745682873149402e+06
5.412043534813925624e+06
5.415341386754701845e+06
5.418639238695478067e+06
5.421937090636254288e+06
5.425234942577030510e+06
5.428532794517807662e+06
5.431830646458583884e+06
5.435128498399360105e+06
5.438426350340136327e+06
5.441724202280912548e+06
5.445022054221688770e+06
5.448319906162464991e+06
5.451617758103241213e+06
5.454915610044017434e+06
5.458213461984793656e+06
5.461511313925569877e+06
5.464809165866347030e+06
5.468107017807123251e+06
5.471404869747899473e+06
5.474702721688675694e+06
5.478000573629451916e+06
5.481298425570228137e+06
5.484596277511004359e+06
5.487894129451780580e+06
5.491191981392556801e+06
5.494489833333333023e+06
5.497787685274110176e+06
5.501085537214886397e+06
5.504383389155662619e+06
5.507681241096438840e+06
5.510979093037215061e+06
5.514276944977991283e+06
5.517574796918767504e+06
5.520872648859543726e+06
5.524170500800319947e+06
5.527468352741096169e+06
5.530766204681872390e+06
5.534064056622649543e+06
5.537361908563425764e+06
5.540659760504201986e+06
5.543957612444978207e+06
5.547255464385754429e+06
5.550553316326530650e+06
5.553851168267306872e+06
5.557149020208083093e+06
5.560446872148859315e+06
5.563744724089635536e+06
5.567042576030412689e+06
5.570340427971188910e+06
5.573638279911965132e+06
5.576936131852741353e+06
5.580233983793517575e+06
5.583531835734293796e+06
5.586829687675070018e+06
5.590127539615846239e+06
5.593425391556622460e+06
5.596723243497398682e+06
5.600021095438175835e+06
5.603318947378952056e+06
5.606616799319728278e+06
5.609914651260504499e+06
5.613212503201280721e+06
5.616510355142056942e+06
5.619808207082833163e+06
5.623106059023609385e+06
5.626403910964385606e+06
5.629701762905161828e+06
5.632999614845938049e+06
5.636297466786715202e+06
5.639595318727491423e+06
5.642893170668267645e+06
5.646191022609043866e+06
5.649488874549820088e+06
5.652786726490596309e+06
5.656084578431372531e+06
5.659382430372148752e+06
5.662680282312924974e+06
5.665978134253701195e+06
5.669275986194478348e+06
5.672573838135254569e+06
5.675871690076030791e+06
5.679169542016807012e+06
5.682467393957583234e+06
5.685765245898359455e+06
5.689063097839135677e+06
5.692360949779911898e+06
5.695658801720688120e+06
5.698956653661464341e+06
5.702254505602240562e+06
5.705552357543017715e+06
5.708850209483793937e+06
5.712148061424570158e+06
5.715445913365346380e+06
5.718743765306122601e+06
5.722041617246898822e+06
5.725339469187675044e+06
5.728637321128451265e+06
5.731935173069227487e+06
5.735233025010003708e+06
5.738530876950780861e+06
5.741828728891557083e+06
5.745126580832333304e+06
5.748424432773109525e+06
5.751722284713885747e+06
5.755020136654661968e+06
5.758317988595438190e+06
5.761615840536214411e+06
5.764913692476990633e+06
5.768211544417766854e+06
5.771509396358543076e+06
5.774807248299320228e+06
5.778105100240096450e+06
5.781402952180872671e+06
5.784700804121648893e+06
5.787998656062425114e+06
5.791296508003201336e+06
5.794594359943977557e+06
5.797892211884753779e+06
5.801190063825530000e+06
5.804487915766306221e+06
5.807785767707083374e+06
5.811083619647859596e+06
5.814381471588635817e+06
5.817679323529412039e+06
5.820977175470188260e+06
5.824275027410964482e+06
5.827572879351740703e+06
5.830870731292516924e+06
5.834168583233293146e+06
5.837466435174069367e+06
5.840764287114845589e+06
5.844062139055622742e+06
5.847359990996398963e+06
5.850657842937175184e+06
5.853955694877951406e+06
5.857253546818727627e+06
5.860551398759503849e+06
5.863849250700280070e+06
5.867147102641056292e+06
5.870444954581832513e+06
5.873742806522608735e+06
5.877040658463385887e+06
5.880338510404162109e+06
5.883636362344938330e+06
5.886934214285714552e+06
5.890232066226490773e+06
5.893529918167266995e+06
5.896827770108043216e+06
5.900125622048819438e+06
5.903423473989595659e+06
5.906721325930371881e+06
5.910019177871149033e+06
5.913317029811925255e+06
5.916614881752701476e+06
5.919912733693477698e+06
5.923210585634253919e+06
5.926508437575030141e+06
5.929806289515806362e+06
5.933104141456582583e+06
5.936401993397358805e+06
5.939699845338135026e+06
5.942997697278911248e+06
5.946295549219688401e+06
5.949593401160464622e+06
5.952891253101240844e+06
5.956189105042017065e+06
5.959486956982793286e+06
5.962784808923569508e+06
5.966082660864345729e+06
5.969380512805121951e+06
5.972678364745898172e+06
5.975976216686674394e+06
5.979274068627451546e+06
5.982571920568227768e+06
5.985869772509003989e+06
5.989167624449780211e+06
5.992465476390556432e+06
5.995763328331332654e+06
5.999061180272108875e+06
6.002359032212885097e+06
6.005656884153661318e+06
6.008954736094437540e+06
6.012252588035213761e+06
6.015550439975990914e+06
6.018848291916767135e+06
6.022146143857543357e+06
6.025443995798319578e+06
6.028741847739095800e+06
6.032039699679872021e+06
6.035337551620648243e+06
6.038635403561424464e+06
6.041933255502200685e+06
6.045231107442976907e+06
6.048528959383754060e+06
6.051826811324530281e+06
6.055124663265306503e+06
6.058422515206082724e+06
6.061720367146858945e+06
6.065018219087635167e+06
6.068316071028411388e+06
6.071613922969187610e+06
6.074911774909963831e+06
6.078209626850740053e+06
6.081507478791516274e+06
6.084805330732293427e+06
6.088103182673069648e+06
6.091401034613845870e+06
6.094698886554622091e+06
6.097996738495398313e+06
6.101294590436174534e+06
6.104592442376950756e+06
6.107890294317726977e+06
6.111188146258503199e+06
6.114485998199279420e+06
6.117783850140056573e+06
6.121081702080832794e+06
6.124379554021609016e+06
6.127677405962385237e+06
6.130975257903161459e+06
6.134273109843937680e+06
6.137570961784713902e+06
6.140868813725490123e+06
6.144166665666266344e+06
6.147464517607042566e+06
6.150762369547818787e+06
6.154060221488595940e+06
6.157358073429372162e+06
6.160655925370148383e+06
6.163953777310924605e+06
6.167251629251700826e+06
6.170549481192477047e+06
6.173847333133253269e+06
6.177145185074029490e+06
6.180443037014805712e+06
6.183740888955581933e+06
6.187038740896359086e+06
6.190336592837135307e+06
6.193634444777911529e+06
6.196932296718687750e+06
6.200230148659463972e+06
6.203528000600240193e+06
6.206825852541016415e+06
6.210123704481792636e+06
6.213421556422568858e+06
6.216719408363345079e+06
6.220017260304121301e+06
6.223315112244898453e+06
6.226612964185674675e+06
6.229910816126450896e+06
6.233208668067227118e+06
6.236506520008003339e+06
6.239804371948779561e+06
6.243102223889555782e+06
6.246400075830332004e+06
6.249697927771108225e+06
6.252995779711884446e+06
6.256293631652661599e+06
6.259591483593437821e+06
6.262889335534214042e+06
6.266187187474990264e+06
6.269485039415766485e+06
6.272782891356542706e+06
6.276080743297318928e+06
6.279378595238095149e+06
6.282676447178871371e+06
6.285974299119647592e+06
6.289272151060424745e+06
6.292570003001200967e+06
6.295867854941977188e+06
6.299165706882753409e+06
6.302463558823529631e+06
6.305761410764305852e+06
6.309059262705082074e+06
6.312357114645858295e+06
6.315654966586634517e+06
6.318952818527410738e+06
6.322250670468186960e+06
6.325548522408964112e+06
6.328846374349740334e+06
6.332144226290516555e+06
6.335442078231292777e+06
6.338739930172068998e+06
6.342037782112845220e+06
6.345335634053621441e+06
6.348633485994397663e+06
6.351931337935173884e+06
6.355229189875950105e+06
6.358527041816727258e+06
6.361824893757503480e+06
6.365122745698279701e+06
6.368420597639055923e+06
6.371718449579832144e+06
6.375016301520608366e+06
6.378314153461384587e+06
6.381612005402160808e+06
6.384909857342937030e+06
6.388207709283713251e+06
6.391505561224489473e+06
6.394803413165266626e+06
6.398101265106042847e+06
6.401399117046819068e+06
6.404696968987595290e+06
6.407994820928371511e+06
6.411292672869147733e+06
6.414590524809923954e+06
6.417888376750700176e+06
6.421186228691476397e+06
6.424484080632252619e+06
6.427781932573029771e+06
6.431079784513805993e+06
6.434377636454582214e+06
6.437675488395358436e+06
6.440973340336134657e+06
6.444271192276910879e+06
6.447569044217687100e+06
6.450866896158463322e+06
6.454164748099239543e+06
6.457462600040015765e+06
6.460760451980791986e+06
6.464058303921569139e+06
6.467356155862345360e+06
6.470654007803121582e+06
6.473951859743897803e+06
6.477249711684674025e+06
6.480547563625450246e+06
6.483845415566226467e+06
6.487143267507002689e+06
6.490441119447778910e+06
6.493738971388555132e+06
6.497036823329332285e+06
6.500334675270108506e+06
6.503632527210884728e+06
6.506930379151660949e+06
6.510228231092437170e+06
6.513526083033213392e+06
6.516823934973989613e+06
6.520121786914765835e+06
6.523419638855542056e+06
6.526717490796318278e+06
6.530015342737094499e+06
6.533313194677871652e+06
6.536611046618647873e+06
6.539908898559424095e+06
6.543206750500200316e+06
6.546504602440976538e+06
6.549802454381752759e+06
6.553100306322528981e+06
6.556398158263305202e+06
6.559696010204081424e+06
6.562993862144857645e+06
6.566291714085634798e+06
6.569589566026411019e+06
6.572887417967187241e+06
6.576185269907963462e+06
6.579483121848739684e+06
6.582780973789515905e+06
6.586078825730292127e+06
6.589376677671068348e+06
6.592674529611844569e+06
6.595972381552620791e+06
6.599270233493397944e+06
6.602568085434174165e+06
6.605865937374950387e+06
6.609163789315726608e+06
6.612461641256502829e+06
6.615759493197279051e+06
6.619057345138055272e+06
6.622355197078831494e+06
6.625653049019607715e+06
6.628950900960383937e+06
6.632248752901160158e+06
6.635546604841937311e+06
6.638844456782713532e+06
6.642142308723489754e+06
6.645440160664265975e+06
6.648738012605042197e+06
6.652035864545818418e+06
6.655333716486594640e+06
6.658631568427370861e+06
6.661929420368147083e+06
6.665227272308923304e+06
6.668525124249700457e+06
6.671822976190476678e+06
6.675120828131252900e+06
6.678418680072029121e+06
6.681716532012805343e+06
6.685014383953581564e+06
6.688312235894357786e+06
6.691610087835134007e+06
6.694907939775910228e+06
6.698205791716686450e+06
6.701503643657462671e+06
6.704801495598239824e+06
6.708099347539016046e+06
6.711397199479792267e+06
6.714695051420568489e+06
6.717992903361344710e+06
6.721290755302120931e+06
6.724588607242897153e+06
6.727886459183673374e+06
6.731184311124449596e+06
6.734482163065225817e+06
6.737780015006002970e+06
6.741077866946779191e+06
6.744375718887555413e+06
6.747673570828331634e+06
6.750971422769107856e+06
6.754269274709884077e+06
6.757567126650660299e+06
6.760864978591436520e+06
6.764162830532212742e+06
6.767460682472988963e+06
6.770758534413765185e+06
6.774056386354542337e+06
6.777354238295318559e+06
6.780652090236094780e+06
6.783949942176871002e+06
6.787247794117647223e+06
6.790545646058423445e+06
6.793843497999199666e+06
6.797141349939975888e+06
6.800439201880752109e+06
6.803737053821528330e+06
6.807034905762305483e+06
6.810332757703081705e+06
6.813630609643857926e+06
6.816928461584634148e+06
6.820226313525410369e+06
6.823524165466186590e+06
6.826822017406962812e+06
6.830119869347739033e+06
6.833417721288515255e+06
6.836715573229291476e+06
6.840013425170067698e+06
6.843311277110844851e+06
6.846609129051621072e+06
6.849906980992397293e+06
6.853204832933173515e+06
6.856502684873949736e+06
6.859800536814725958e+06
6.863098388755502179e+06
6.866396240696278401e+06
6.869694092637054622e+06
6.872991944577830844e+06
6.876289796518607996e+06
6.879587648459384218e+06
6.882885500400160439e+06
6.886183352340936661e+06
6.889481204281712882e+06
6.892779056222489104e+06
6.896076908163265325e+06
6.899374760104041547e+06
6.902672612044817768e+06
6.905970463985593989e+06
6.909268315926370211e+06
6.912566167867147364e+06
6.915864019807923585e+06
6.919161871748699807e+06
6.922459723689476028e+06
6.925757575630252250e+06
6.929055427571028471e+06
6.932353279511804692e+06
6.935651131452580914e+06
6.938948983393357135e+06
6.942246835334133357e+06
6.945544687274910510e+06
6.948842539215686731e+06
6.952140391156462952e+06
6.955438243097239174e+06
6.958736095038015395e+06
6.962033946978791617e+06
6.965331798919567838e+06
6.968629650860344060e+06
6.971927502801120281e+06
6.975225354741896503e+06
6.978523206682673655e+06
6.981821058623449877e+06
6.985118910564226098e+06
6.988416762505002320e+06
6.991714614445778541e+06
6.995012466386554763e+06
6.998310318327330984e+06
7.001608170268107206e+06
7.004906022208883427e+06
7.008203874149659649e+06
7.011501726090435870e+06
7.014799578031213023e+06
7.018097429971989244e+06
7.021395281912765466e+06
7.024693133853541687e+06
7.027990985794317909e+06
7.031288837735094130e+06
7.034586689675870351e+06
7.037884541616646573e+06
7.041182393557422794e+06
7.044480245498199016e+06
7.047778097438976169e+06
7.051075949379752390e+06
7.054373801320528612e+06
7.057671653261304833e+06
7.060969505202081054e+06
7.064267357142857276e+06
7.067565209083633497e+06
7.070863061024409719e+06
7.074160912965185940e+06
7.077458764905962162e+06
7.080756616846738383e+06
7.084054468787515536e+06
7.087352320728291757e+06
7.090650172669067979e+06
7.093948024609844200e+06
7.097245876550620422e+06
7.100543728491396643e+06
7.103841580432172865e+06
7.107139432372949086e+06
7.110437284313725308e+06
7.113735136254501529e+06
7.117032988195278682e+06
7.120330840136054903e+06
7.123628692076831125e+06
7.126926544017607346e+06
7.130224395958383568e+06
7.133522247899159789e+06
7.136820099839936011e+06
7.140117951780712232e+06
7.143415803721488453e+06
7.146713655662264675e+06
7.150011507603040896e+06
7.153309359543818049e+06
7.156607211484594271e+06
7.159905063425370492e+06
7.163202915366146713e+06
7.166500767306922935e+06
7.169798619247699156e+06
7.173096471188475378e+06
7.176394323129251599e+06
7.179692175070027821e+06
7.182990027010804042e+06
7.186287878951581195e+06
7.189585730892357416e+06
7.192883582833133638e+06
7.196181434773909859e+06
7.199479286714686081e+06
7.202777138655462302e+06
7.206074990596238524e+06
7.209372842537014745e+06
7.212670694477790967e+06
7.215968546418567188e+06
7.219266398359343410e+06
7.222564250300120562e+06
7.225862102240896784e+06
7.229159954181673005e+06
7.232457806122449227e+06
7.235755658063225448e+06
7.239053510004001670e+06
7.242351361944777891e+06
7.245649213885554112e+06
7.248947065826330334e+06
7.252244917767106555e+06
7.255542769707883708e+06
7.258840621648659930e+06
7.262138473589436151e+06
7.265436325530212373e+06
7.268734177470988594e+06
7.272032029411764815e+06
7.275329881352541037e+06
7.278627733293317258e+06
7.281925585234093480e+06
7.285223437174869701e+06
7.288521289115646854e+06
7.291819141056423075e+06
7.295116992997199297e+06
7.298414844937975518e+06
7.301712696878751740e+06
7.305010548819527961e+06
7.308308400760304183e+06
7.311606252701080404e+06
7.314904104641856626e+06
7.318201956582632847e+06
7.321499808523409069e+06
7.324797660464186221e+06
7.328095512404962443e+06
7.331393364345738664e+06
7.334691216286514886e+06
7.337989068227291107e+06
7.341286920168067329e+06
7.344584772108843550e+06
7.347882624049619772e+06
7.351180475990395993e+06
7.354478327931172214e+06
7.357776179871949367e+06
7.361074031812725589e+06
7.364371883753501810e+06
7.367669735694278032e+06
7.370967587635054253e+06
7.374265439575830474e+06
7.377563291516606696e+06
7.380861143457382917e+06
7.384158995398159139e+06
7.387456847338935360e+06
7.390754699279711582e+06
7.394052551220488735e+06
7.397350403161264956e+06
7.400648255102041177e+06
7.403946107042817399e+06
7.407243958983593620e+06
7.410541810924369842e+06
7.413839662865146063e+06
7.417137514805922285e+06
7.420435366746698506e+06
7.423733218687474728e+06
7.427031070628251880e+06
7.430328922569028102e+06
7.433626774509804323e+06
7.436924626450580545e+06
7.440222478391356766e+06
7.443520330332132988e+06
7.446818182272909209e+06
7.450116034213685431e+06
7.453413886154461652e+06
7.456711738095237873e+06
7.460009590036014095e+06
7.463307441976791248e+06
7.466605293917567469e+06
7.469903145858343691e+06
7.473200997799119912e+06
7.476498849739896134e+06
7.479796701680672355e+06
7.483094553621448576e+06
7.486392405562224798e+06
7.489690257503001019e+06
7.492988109443777241e+06
7.496285961384554394e+06
7.499583813325330615e+06
7.502881665266106836e+06
7.506179517206883058e+06
7.509477369147659279e+06
7.512775221088435501e+06
7.516073073029211722e+06
7.519370924969987944e+06
7.522668776910764165e+06
7.525966628851540387e+06
7.529264480792316608e+06
7.532562332733093761e+06
7.535860184673869982e+06
7.539158036614646204e+06
7.542455888555422425e+06
7.545753740496198647e+06
7.549051592436974868e+06
7.552349444377751090e+06
7.555647296318527311e+06
7.558945148259303533e+06
7.562243000200079754e+06
7.565540852140856907e+06
7.568838704081633128e+06
7.572136556022409350e+06
7.575434407963185571e+06
7.578732259903961793e+06
7.582030111844738014e+06
7.585327963785514235e+06
7.588625815726290457e+06
7.591923667667066678e+06
7.595221519607842900e+06
7.598519371548619121e+06
7.601817223489396274e+06
7.605115075430172496e+06
7.608412927370948717e+06
7.611710779311724938e+06
7.615008631252501160e+06
7.618306483193277381e+06
7.621604335134053603e+06
7.624902187074829824e+06
7.628200039015606046e+06
7.631497890956382267e+06
7.634795742897159420e+06
7.638093594837935641e+06
7.641391446778711863e+06
7.644689298719488084e+06
7.647987150660264306e+06
7.651285002601040527e+06
7.654582854541816749e+06
7.657880706482592970e+06
7.661178558423369192e+06
7.664476410364145413e+06
7.667774262304922566e+06
7.671072114245698787e+06
7.674369966186475009e+06
7.677667818127251230e+06
7.680965670068027452e+06
7.684263522008803673e+06
7.687561373949579895e+06
7.690859225890356116e+06
7.694157077831132337e+06
7.697454929771908559e+06
7.700752781712684780e+06
7.704050633653461933e+06
7.707348485594238155e+06
7.710646337535014376e+06
7.713944189475790597e+06
7.717242041416566819e+06
7.720539893357343040e+06
7.723837745298119262e+06
7.727135597238895483e+06
7.730433449179671705e+06
7.733731301120447926e+06
7.737029153061225079e+06
7.740327005002001300e+06
7.743624856942777522e+06
7.746922708883553743e+06
7.750220560824329965e+06
7.753518412765106186e+06
7.756816264705882408e+06
7.760114116646658629e+06
7.763411968587434851e+06
7.766709820528211072e+06
7.770007672468987294e+06
7.773305524409764446e+06
7.776603376350540668e+06
7.779901228291316889e+06
7.783199080232093111e+06
7.786496932172869332e+06
7.789794784113645554e+06
7.793092636054421775e+06
7.796390487995197996e+06
7.799688339935974218e+06
7.802986191876750439e+06
7.806284043817527592e+06
7.809581895758303814e+06
7.812879747699080035e+06
7.816177599639856257e+06
7.819475451580632478e+06
7.822773303521408699e+06
7.826071155462184921e+06
7.829369007402961142e+06
7.832666859343737364e+06
7.835964711284513585e+06
7.839262563225289807e+06
7.842560415166066960e+06
7.845858267106843181e+06
7.849156119047619402e+06
7.852453970988395624e+06
7.855751822929171845e+06
7.859049674869948067e+06
7.862347526810724288e+06
7.865645378751500510e+06
7.868943230692276731e+06
7.872241082633052953e+06
7.875538934573830105e+06
7.878836786514606327e+06
7.882134638455382548e+06
7.885432490396158770e+06
7.888730342336934991e+06
7.892028194277711213e+06
7.895326046218487434e+06
7.898623898159263656e+06
7.901921750100039877e+06
7.905219602040816098e+06
7.908517453981592320e+06
7.911815305922369473e+06
7.915113157863145694e+06
7.918411009803921916e+06
7.921708861744698137e+06
7.925006713685474358e+06
7.928304565626250580e+06
7.931602417567026801e+06
7.934900269507803023e+06
7.938198121448579244e+06
7.941495973389355466e+06
7.944793825330132619e+06
7.948091677270908840e+06
7.951389529211685061e+06
7.954687381152461283e+06
7.957985233093237504e+06
7.961283085034013726e+06
7.964580936974789947e+06
7.967878788915566169e+06
7.971176640856342390e+06
7.974474492797118612e+06
7.977772344737895764e+06
7.981070196678671986e+06
7.984368048619448207e+06
7.987665900560224429e+06
7.990963752501000650e+06
7.994261604441776872e+06
7.997559456382553093e+06
8.000857308323329315e+06
8.004155160264105536e+06
8.007453012204881757e+06
8.010750864145657979e+06
8.014048716086435132e+06
8.017346568027211353e+06
8.020644419967987575e+06
8.023942271908763796e+06
8.027240123849540018e+06
8.030537975790316239e+06
8.033835827731092460e+06
8.037133679671868682e+06
8.040431531612644903e+06
8.043729383553421125e+06
8.047027235494198278e+06
8.050325087434974499e+06
8.053622939375750721e+06
8.056920791316526942e+06
8.060218643257303163e+06
8.063516495198079385e+06
8.066814347138855606e+06
8.070112199079631828e+06
8.073410051020408049e+06
8.076707902961184271e+06
8.080005754901960492e+06
8.083303606842737645e+06
8.086601458783513866e+06
8.089899310724290088e+06
8.093197162665066309e+06
8.096495014605842531e+06
8.099792866546618752e+06
8.103090718487394974e+06
8.106388570428171195e+06
8.109686422368947417e+06
8.112984274309723638e+06
8.116282126250500791e+06
8.119579978191277012e+06
8.122877830132053234e+06
8.126175682072829455e+06
8.129473534013605677e+06
8.132771385954381898e+06
8.136069237895158119e+06
8.139367089835934341e+06
8.142664941776710562e+06
8.145962793717486784e+06
8.149260645658263005e+06
8.152558497599040158e+06
8.155856349539816380e+06
8.159154201480592601e+06
8.162452053421368822e+06
8.165749905362145044e+06
8.169047757302921265e+06
8.172345609243697487e+06
8.175643461184473708e+06
8.178941313125249930e+06
8.182239165066026151e+06
8.185537017006803304e+06
8.188834868947579525e+06
8.192132720888355747e+06
8.195430572829131968e+06
8.198728424769908190e+06
8.202026276710684411e+06
8.205324128651460633e+06
8.208621980592236854e+06
8.211919832533013076e+06
8.215217684473789297e+06
8.218515536414565518e+06
8.221813388355342671e+06
8.225111240296118893e+06
8.228409092236895114e+06
8.231706944177671336e+06
8.235004796118447557e+06
8.238302648059223779e+06
8.241600500000000000e+06
