1.961566606868681006e-02
-1.519328783700446550e-02
-1.195280280705490750e-02
5.046971430590185825e-03
8.892074672085303888e-03
5.378459456053974463e-03
-4.076351360649432820e-03
-3.587387395066143903e-03
-7.382466516940855428e-04
3.436776654046402868e-03
4.983462365115709503e-04
2.464803064687326462e-03
3.257068485093439492e-03
-8.991771386317459758e-04
6.445006986801615767e-04
-6.077215960194060074e-04
-2.194054959541280603e-03
1.429507913980332390e-04
2.552393197480906650e-03
1.959704199667733349e-04
1.190292428384309709e-03
2.180063104513463301e-03
-1.906706464616547692e-03
-1.890979532207182068e-03
-1.762670000646782142e-03
-3.768927385315867795e-04
-4.367512058138345310e-03
-1.465812844296032758e-03
4.522711438568305375e-03
1.464180337833687062e-03
1.433776971293543312e-03
3.836902382099438569e-04
1.034532301469326399e-03
8.746936395004345499e-04
7.944919817439721754e-04
1.090369928924972420e-03
3.268370070854120790e-03
1.474742660238947956e-03
-1.444837326777137498e-03
-1.771526251298838339e-03
-1.227612176224579521e-03
-3.124550032537753985e-03
1.474601250853413426e-03
-1.833439803185066275e-03
-2.612425000114382279e-03
9.320620453603378763e-04
-4.682763524659239174e-03
-2.365827105332396485e-03
-2.243801199073969244e-03
-2.779949879891940867e-03
1.984926679264753524e-03
-3.020425429895556846e-03
-3.112096124399776897e-03
-3.429566076828427512e-03
2.325047700463156453e-03
2.706110918335391524e-03
1.485668505060155908e-04
1.568469244352166392e-03
-2.961740890419228833e-03
-1.073774830351315046e-03
-7.310096445486413685e-04
-4.180063908949538387e-04
6.882013158936439723e-04
-4.032581033230897560e-04
4.081725137734637521e-03
1.061914173633105030e-03
-3.725509911127855567e-03
2.328285422169451557e-03
-2.062216656007032078e-03
2.102090228642938818e-03
-2.414327349797629196e-03
-2.160242030719405903e-03
-2.132828690942334404e-03
1.635790016385585410e-03
2.561629971396861549e-03
-2.125795890184356551e-05
1.267849179653501857e-03
-1.589667232979929956e-03
-3.874501984649336706e-03
-9.135023397149888424e-04
4.472278517895666994e-03
4.000321686955521372e-03
4.944197095752000948e-04
1.089963999811871531e-03
-3.174880054453987910e-04
-1.527450784804651462e-03
1.061556570432942159e-03
-1.147049050348125654e-03
-4.743323268249888258e-03
-5.676325998587028465e-04
3.789936522720083190e-04
-1.419698742051167528e-03
-2.437335704387200153e-03
-2.893569806956097779e-03
9.514327676980460780e-04
1.945359288807790854e-03
-2.082998374431932476e-03
-9.450276405204016683e-04
1.223085881095764549e-03
-5.061600978951696916e-04
-5.921619925636223414e-04
3.598103643377426053e-03
1.645244908083154378e-03
-1.892390631794693689e-03
6.728041791532746174e-04
-1.201765606722804414e-03
-3.194413109163796172e-03
-5.244526413737515824e-03
-9.451368959417782989e-04
2.363351720303663583e-03
3.510955449646302462e-03
2.038307502134184546e-03
1.666033106493269855e-03
1.890874817699450539e-03
-3.179470995121613797e-04
2.459927690445784521e-04
2.162809216201933005e-03
-3.448443192788364087e-05
6.781995211216917951e-04
6.102949736931373437e-04
6.546769501086791010e-04
-1.320931236503675166e-03
1.573213592358291280e-03
-8.512279180694637404e-05
-3.390362582075923115e-03
-8.265313093797077570e-04
-1.320517490737804778e-03
-2.787220621304209445e-03
-2.320142840282590768e-03
-4.236798760794191487e-03
1.022157544825486042e-04
-1.023287985207343986e-03
2.334565260343923754e-03
-1.354179915434627901e-03
-3.328194171422271808e-03
-8.378250066817249930e-04
2.466068360841955354e-03
-1.006631228301801961e-03
-3.855144914554187174e-03
-2.788372536474570396e-03
3.028934919059422803e-03
-2.338847316192271819e-04
-2.948278942166426830e-04
2.177169667315181911e-03
3.124406104711319188e-03
3.092956492409038027e-03
2.521174642451384784e-04
-3.929743121458217914e-03
-1.875609421206902994e-04
-3.908469244554679811e-03
-2.061319229414548815e-03
-2.621178898860598849e-04
-6.806938159185094150e-04
2.718898051777607350e-03
8.657124335278432170e-04
3.195607717551451898e-03
-4.178012981398415704e-04
-3.970278379440417282e-04
-4.529548319878173857e-04
-3.627206163342000522e-03
-7.127383255734587308e-03
-2.823554290491525620e-03
-1.870730305739143340e-03
1.977936557882475910e-03
5.962757264889040343e-04
1.399923264699509673e-03
-1.256659686471817139e-03
-2.027233460073163407e-03
-1.829047102167358219e-03
-5.863530195566513115e-03
-7.318546971003536683e-04
4.737916024899480050e-04
-1.724760138462566594e-03
-3.272109673761569582e-03
2.285749627279454188e-03
3.809360391033855819e-03
2.275189485764328445e-03
8.589584251947890436e-04
-4.500090069085027622e-04
-3.152279084808529142e-03
9.026968193381890160e-04
-4.155456289887893284e-03
1.516183624433287136e-03
3.692416183119107131e-03
3.546873743649703314e-03
2.154774810988135947e-03
-1.656261419574311944e-03
-2.129962967141185715e-03
-4.811978924723403495e-03
-1.587250906750714563e-03
5.366244119967555903e-04
3.007659891159475407e-03
2.016481632801214730e-03
2.953236279482185367e-03
2.631218780177024819e-03
2.193443779634596247e-03
1.366444681775158543e-03
-1.035762417272212410e-03
-1.068538543663510865e-03
-2.857079164420239792e-03
-1.901117460656465141e-03
-5.171755082877815823e-05
3.738648914995312822e-03
-1.034291707099455060e-03
1.609918701553247899e-03
3.508319207210730539e-03
2.708885757925827420e-03
8.938790804464691320e-04
-2.110554978730250220e-03
-2.065200961667734703e-03
-3.111680674987571393e-03
-2.242314381700971637e-03
2.231990015622020707e-04
2.026144214361313978e-03
2.643722935711911859e-03
2.365728780281295407e-03
1.873426436729164202e-03
3.077631334917896311e-04
-1.855998243910472745e-03
-4.817039353655738765e-03
-4.406776004423740289e-03
-1.079329316584387577e-03
-2.815153590190244692e-03
1.069172193539302818e-03
6.859188381265202139e-04
3.107346469324312466e-04
1.197377903369489793e-03
-2.685652483009226543e-03
-6.953206862242433672e-04
-2.600175668266979656e-04
8.453779561456986613e-05
1.435615540157031411e-03
3.190725530003546417e-03
-9.218419999401650244e-04
-1.673151507160630658e-03
-5.506386742093472009e-04
-4.285240450121019506e-03
-1.368523843327529299e-03
-4.101363440645044989e-04
2.636827792157903083e-03
2.700900387381244272e-03
2.116682078208809159e-03
-1.851477981902327485e-04
-3.266933747215317041e-03
-4.070511959080036490e-03
-3.180994256047120494e-03
1.537401224804835209e-05
1.119969917402485748e-03
-5.669065099532799579e-04
1.524235103373072775e-03
4.020207755287996676e-03
5.436054878067420049e-04
5.579588162069493151e-03
-9.785174237560978483e-04
-4.313636855966862527e-03
-1.641507982285017597e-03
-6.199685516312003486e-03
-1.510823956645368504e-03
1.671843403091677338e-03
2.622050017483168460e-03
6.521624842831474922e-03
3.827948489749211092e-03
-2.536934159677373124e-03
-4.479283230751196498e-03
-5.089225454254053815e-03
-6.639445378861741354e-03
-5.328409741444106729e-03
2.483117840006099364e-03
4.491458254789471027e-03
2.551924839871544393e-03
5.447967535248343651e-03
1.009601262704773461e-04
-7.185082644983742384e-04
-4.629850666291179806e-04
-4.600351971701277520e-03
-2.359754224673049627e-03
-2.114751688256921724e-03
1.107365199413123946e-03
1.117684504955640534e-03
4.123559009723831714e-03
3.789750397414359817e-03
3.158563082491960827e-03
4.335679464820385576e-03
-2.121177322916834029e-03
-9.364379929805988212e-04
-3.720136413257302266e-03
2.108933317746863878e-03
-3.703486586698390148e-03
1.059228231277908883e-03
1.631159695247963448e-03
-5.318837371767193289e-04
6.304110711948585077e-03
9.816957128516712316e-04
1.602975071536505425e-03
-1.009926353278012279e-03
-6.601009878656194374e-04
-3.817909294800081454e-03
-2.884437003052520154e-03
-9.509905917125527353e-04
1.890995526333871801e-03
2.657707249549612349e-03
2.777852633137567473e-03
-9.777386095545237410e-04
2.630809554617363766e-03
-2.196144342033190533e-03
-4.150338455399249504e-03
1.136822176836971288e-03
-3.159882443695249954e-03
2.143182736911275477e-03
5.767888603171900108e-03
2.451568999843001251e-03
2.213339400429892301e-03
-1.887427997993351703e-03
-2.931409949497476575e-03
-2.718762303237975964e-03
-7.102589426807304207e-04
-1.815773468150205794e-03
2.175211608013150055e-05
1.327166893469233777e-03
1.585036432014574892e-03
1.313177870942094927e-03
2.092319690320976200e-03
-8.380127861884467677e-05
1.832452811428852968e-04
-8.770294089402996818e-04
-4.770223110498239549e-03
-3.336171280182598231e-03
-1.598739199141108180e-03
-5.313135458852036308e-04
2.094482152235288552e-03
2.677818111071816887e-03
-1.115676797531439668e-03
-1.514359448613333825e-03
-1.342731516370543332e-03
-8.747197007858975581e-04
2.171055945075495153e-03
-3.319826729863417647e-03
-3.620946389948365152e-05
-4.700636320817963565e-04
-3.505356719899266338e-03
2.720103050697142422e-03
-2.264927683794937252e-04
5.859707470938779750e-04
1.198014654237078425e-03
3.752296432257606895e-03
4.629212322532216817e-04
-8.404145401413876115e-04
-4.175104850077326901e-03
-1.759496060616760893e-03
-6.103406909123143542e-03
1.314134274326139717e-04
2.097101449143323748e-03
2.767573715216631314e-04
3.130628730739215548e-03
1.136816129575390910e-03
1.748150486120647606e-03
-1.977543693577721307e-03
-2.613488399606067603e-03
-4.819419647227318748e-04
-2.487015411803628062e-03
-1.151493798358882437e-03
-3.792813473009748471e-03
2.131296659329207088e-03
2.668230645293312442e-03
3.970254553551266774e-03
3.149522705045870730e-03
6.056678438429718980e-04
-1.958353864562112356e-03
-4.182612678686470353e-03
-2.907288507220995299e-03
-1.098641034959824125e-03
-2.230050590670273891e-03
4.039410645964358615e-03
-3.047877937113474545e-04
7.862455212805929960e-04
2.774996048891753553e-03
1.787187492857666982e-03
8.585891333646733514e-04
-5.786323901022516480e-04
-1.758361899265592498e-04
-1.321539336604837800e-03
-7.925205854577566100e-04
-2.238483245112776743e-04
5.433562566199423571e-04
1.664691696835585155e-03
7.014892262429128778e-04
3.146295703840729097e-03
6.254126367059020808e-04
2.649197344923970299e-03
-4.955950422220745111e-04
7.819821436860774355e-04
1.468774183639554032e-03
1.635316225026439696e-03
-8.885962933781188511e-04
-8.652992844204732137e-04
-3.503002258307463812e-03
-5.230707654723110167e-04
1.565420796947325499e-03
2.966941418333646219e-03
2.080036765726434034e-03
3.323718440721323830e-03
4.692443784512501104e-03
1.568473517751356461e-03
2.723958346689814292e-03
2.941819695950753655e-04
-1.200244507308045883e-03
-3.217814002289043351e-03
-4.600220736332927274e-03
-1.271401246085046566e-03
3.976378202488195512e-04
1.568502003521543564e-03
3.432970560599546417e-04
2.904415146015582039e-04
2.161875275059066404e-03
-3.262631775213797880e-05
-4.375297423562685140e-03
-2.174091353259077763e-03
-1.169207208074118931e-03
-7.611706069993173784e-04
1.037683940838807217e-04
3.153532293092564665e-03
3.127519313373738896e-03
2.288683540375702208e-03
-1.853194552622450253e-03
-1.563881977063807938e-03
-4.217879383521139225e-03
8.360931221955691939e-04
-1.877625050658804362e-03
-1.830304866563992050e-03
-3.233264130587665264e-04
-1.561933685886196521e-03
-4.617720516442158640e-04
1.807700480073171079e-03
-1.952691806045958600e-03
2.204067848567969889e-04
-9.349297852693227995e-04
-5.271040365769641411e-04
-6.783456919183805667e-04
-2.305753420916656360e-03
-1.554410669636352438e-04
-1.422508623551088647e-03
6.041136794808776855e-04
4.183556112568709295e-03
1.203098125638679683e-03
-4.310432601941305286e-03
-2.048700777608658541e-03
-3.438427122997023133e-03
-3.453360953127315724e-04
6.823246744225297533e-04
2.383836393615723637e-05
3.270279822051858076e-04
5.106337170000752046e-03
4.629819767287157717e-03
-2.409722367835320789e-03
-1.098428726597711069e-03
-1.248337992103554228e-04
-1.270064002148796334e-03
3.157766782858506538e-03
-2.106219977966561352e-03
5.123746975703280526e-03
1.993140673826387932e-03
-7.996178117464225465e-04
2.787708382187559231e-03
9.414810055021760604e-04
-6.920397585467918944e-03
-1.380439247834042149e-03
-2.474776340063211677e-03
-3.026590239785242886e-05
2.013625947981712017e-03
-1.778763974199515374e-04
5.520721345764534327e-03
-8.073735419492633625e-04
-3.494431404436948441e-03
-3.311620485834998462e-03
-4.568510589518570697e-03
-4.391514565927900904e-03
-2.929931830610410515e-03
1.270247021287751465e-04
4.262905155359097975e-03
2.331756068554291517e-04
-2.293917144100210415e-03
-2.271011634041641969e-03
1.865033308221408781e-03
-2.630485340120891635e-03
-1.646511717665499752e-03
3.057920206553821352e-03
-4.900546002317707206e-04
-2.889057328566146943e-03
-1.779131907447717431e-03
1.551310459085519788e-03
1.698066468032166654e-04
-1.355609449278483147e-03
1.217004235157248537e-03
2.092422736391097438e-03
-4.087179700931198312e-04
1.009321506661997603e-03
1.449250127919188280e-03
-2.971126123550216214e-03
-1.468354882159794705e-03
-5.348402129208285061e-04
-1.088320358654026876e-03
1.382003983179225237e-03
3.504764009293892535e-03
1.818036498843045301e-03
-3.196993378093981875e-04
1.755025736327575636e-03
-8.431765418726033801e-04
2.128503738084708274e-04
4.149379274202003032e-04
-4.873956000943202582e-03
-3.869365513006206569e-04
1.822106378302934537e-03
-2.543106541406103815e-03
-3.007165829303160010e-03
1.384439580588425756e-04
3.070351383922975685e-03
5.534773114853619447e-04
1.995364579660985349e-03
5.116825811726233297e-04
-3.061827557563345792e-03
2.938901328262133461e-04
-2.848883762758269711e-03
1.026770844012592221e-03
2.797294132192762461e-03
2.782876188619165525e-03
2.849813917255028528e-04
1.833817721449859661e-03
1.562066142725471174e-03
-1.626947334297912384e-03
-9.437077986257369488e-04
-2.569915607277151182e-03
-7.272110972842416032e-04
-8.068798475820981864e-04
8.956671588256082117e-04
5.041260423180871086e-04
1.365826165084293997e-03
2.146877345596154285e-03
7.532183237694001221e-04
-9.171553538551702189e-04
1.462543502252167116e-03
-5.793383727660250671e-04
1.394407143264109195e-03
-4.976977193273945943e-04
1.211656695599305777e-03
3.721181830355191344e-03
1.109501573669624541e-03
-1.001055739639045150e-03
9.478357437842088729e-05
-4.667092087363711173e-04
-1.496566700909585101e-03
4.956768373899356206e-04
-1.028391164421549320e-03
6.165824032033917490e-04
-8.344989054204221546e-04
3.820621535326806928e-03
9.869736887424540583e-05
1.399148636075153718e-03
-1.616592883321610330e-03
-2.875887063739868132e-03
-1.846567837143542334e-03
4.013527297775931757e-04
3.126388753202813398e-03
2.943675437850568066e-03
-6.032038999685962466e-04
1.186020596798509352e-03
-4.429229431681114271e-03
-3.528423221388798936e-03
-3.258698875052701283e-05
-2.446940266072394898e-03
-5.537193988984778770e-04
1.639437566876567054e-03
1.441661768314284053e-03
2.873687670425617569e-03
2.163023244971307157e-03
-1.633603891724622059e-03
1.041992876265385171e-03
-4.719953564208623220e-03
-2.383439635307516014e-03
-3.672124514413566132e-03
5.501463515469318111e-04
-2.189722233240209981e-03
3.757767002098177933e-03
-9.407157019947209875e-05
4.743002007911667484e-03
2.471169022251307190e-03
1.926302652238698343e-04
-1.670736619688306668e-03
-2.531841104340237791e-03
-1.796640916687186618e-03
2.902429104900350332e-03
-1.967719946470047887e-03
2.420406128053165240e-03
-1.498950809037724596e-03
2.048182553352595470e-03
9.495665656000795707e-05
-2.942762215299432604e-03
1.252743969340830432e-03
3.090019862026505137e-04
2.996851669502365034e-03
-1.350505452404782147e-03
6.345947101936699752e-04
4.663639773525796173e-03
-6.749432926652643161e-04
-2.196484425824873910e-03
-1.088768141027984804e-03
2.858026058775497980e-03
9.638832633588334531e-04
1.787840659520312236e-03
4.404157664459340538e-04
-1.088200785541171278e-03
-1.262582496869502080e-03
-6.161712837322808056e-03
-2.394002921639604153e-03
-1.431944818619523829e-03
2.098218623900471869e-03
2.742999583118188589e-03
6.121834463599262754e-03
1.863834684068588210e-03
1.929408850007030551e-03
-7.027277808047127650e-05
-2.024792239116668391e-03
7.077044484925520962e-04
1.856212180615934848e-03
-1.822474564272535957e-05
1.040238644946733793e-03
3.839975898251912767e-03
1.886159869954329160e-03
4.033646012172598105e-04
4.024841601443229777e-04
-3.550529450484840588e-03
-4.802736044678179717e-03
-4.129618281307312344e-03
-1.109900947159347950e-04
4.527139883016229049e-03
7.570682210820134372e-04
4.629788245610555464e-03
-1.948841712414162153e-03
-3.058594057952168654e-03
-3.306551626690690249e-03
-2.503035105447248831e-03
-4.667767803004929661e-04
-4.568006432054128041e-04
4.745733136052643353e-03
-1.239520608588562389e-03
2.525010481468914492e-05
3.107012400540565267e-03
7.047051121988889832e-04
2.359693485058267370e-03
-1.049508495004292108e-03
-2.074030754927624898e-03
4.450291048535559568e-04
3.006891281409629357e-04
-1.948934382941525101e-04
-5.523819340329527705e-04
2.139161551692358998e-03
1.395747227514454458e-03
5.025822801871582257e-03
-2.053069871806423308e-03
-6.060176817191953447e-04
-2.310732877631060944e-03
-2.621100628177330805e-04
-2.152287378029416054e-03
-2.379872102230451425e-03
-1.715796824600657189e-03
-9.960079845783287311e-05
6.096745426871441609e-03
3.699983100053927387e-03
8.083280767946510181e-04
1.008668836557369275e-03
-2.168002856003270473e-03
-1.821654916321246986e-03
-1.805024859004578097e-03
-6.262622449068055985e-04
1.066251155512842885e-03
2.527964104371283049e-03
2.612942110716609534e-03
2.371428390130159158e-03
1.856191929930806062e-03
2.630557502228070277e-03
1.310604795025205327e-03
-1.265708777587581935e-03
-1.534403024246344671e-03
1.142750120611490949e-03
-3.304342982384023131e-03
-3.835948526523913493e-03
1.178858611399991041e-03
-1.084802713315902167e-04
1.661836315461462377e-03
-5.471665161922434351e-04
4.350876121236080252e-03
-2.369572150606402694e-03
-3.375315521545130260e-03
2.221354920936557953e-03
1.304377351232566262e-03
2.541006206727147720e-03
3.402939148746564335e-03
-3.119915470043199690e-03
2.692600274369905122e-03
-7.149962005427168421e-04
9.285798453876337177e-04
-2.212921417238722377e-03
6.360925043550347269e-04
-2.821598310125517095e-03
-5.023694695358571494e-04
3.028613281972347693e-04
5.953447405035561246e-03
3.449913179754959813e-04
6.526594704704402616e-04
-4.203760303457260150e-04
-3.293590151474679040e-03
-1.320940862820974004e-03
-1.942684229816582508e-03
-7.547044410461944963e-04
5.674776486887744831e-03
-9.897467723749553414e-04
2.309702627582344014e-03
-1.104771936412340949e-03
-3.207423296757716535e-03
-2.922235573933340547e-04
-3.940666615395160832e-04
-1.450607756840138762e-03
1.642274240840180255e-03
7.353433727375069395e-06
6.444656755535405068e-04
1.242452019183382106e-03
-2.528688918003063613e-03
-2.098331204447689835e-03
-1.878935470083775705e-03
-2.097029637007641334e-03
-2.065240492218789470e-03
-6.925753877224938293e-04
3.568191438716672437e-03
2.023708436275528655e-03
1.409303849792875596e-03
2.703845436070051456e-03
-2.124940905830818849e-03
-1.515964302504446692e-03
-6.195010924946453557e-04
-2.870558008950530038e-04
3.355685764672489135e-03
9.539337969288741448e-04
-6.877271575526089364e-04
-4.273292844851894756e-04
-3.946419821912128256e-03
-3.142883662162199165e-03
9.030900315436518611e-04
2.890572743622032981e-03
1.619505347286831487e-03
1.130467321371786404e-03
2.060398688082720753e-03
2.914312770970206579e-03
-3.579067413644887452e-04
-2.824999131240124584e-04
3.521183698871332979e-04
-2.562360637204164071e-03
-5.143079314284815240e-04
-6.464609435594681486e-04
9.969807330615365615e-04
2.153124315716681281e-03
1.647611130132342616e-03
5.478353074670483380e-04
2.935957453376047965e-05
1.575625339143127412e-03
-6.089942060024666759e-04
5.556175051568690293e-04
-2.696116705856566043e-03
-7.867685891816966759e-04
-7.559441838519420642e-04
-5.674588670808722313e-04
-7.087482537320166642e-04
2.042146229201735608e-03
-1.069004003291462723e-03
1.460857959397099393e-03
-2.125428710865073789e-03
-1.335976612901190741e-03
-3.019759722680093184e-03
6.248098997451156933e-04
1.686364507984983163e-03
-7.728136293621012953e-04
1.497654437032203134e-03
-1.928240664961111683e-03
5.132033211145969887e-04
1.038388619773789046e-03
-1.192583917380973801e-04
1.360473639768877696e-03
1.817723242624080804e-03
8.069317147284538194e-04
3.289291051900677942e-03
6.149307483155341814e-04
6.361112221088260910e-04
1.684852561475880250e-03
-3.633016295419788655e-03
-3.978232271063752989e-03
-1.140983477914581101e-03
-1.563518896025017924e-04
1.056055420795343203e-03
-1.803605830759558160e-03
5.406055846851609559e-04
1.434540355035318626e-03
-4.343095302374866407e-04
6.023822223122365926e-05
-3.704630311103573881e-03
-1.552376021972778908e-03
-6.679742272875932585e-04
3.631994244442382502e-03
-2.826583942150406870e-04
-2.045923707303942685e-03
1.738943140918269847e-03
-5.814053539832109152e-05
8.814488360920913479e-04
-1.599181604187149830e-04
-2.295193383035964985e-03
1.416893419927678366e-03
-5.113698176562042619e-04
3.564178124099925959e-03
3.185579844361297042e-03
3.721810975278572187e-03
-5.201849956207871273e-04
8.815855948801631925e-04
-1.709665768443224820e-03
-1.641669942455403763e-03
-1.662670403452470858e-03
1.982074604900074810e-03
-1.652916006154914186e-03
3.587236353986278381e-03
-4.160710966860658999e-05
1.256029037393746606e-03
-1.595375502787543809e-03
-1.020862661488375345e-03
-3.806521391390593756e-03
-1.115885737771549202e-03
-2.973463606312454210e-03
-2.936577355112102161e-03
-1.383339333437261232e-04
3.741462658612970671e-05
-1.013118807211332850e-03
-2.635604382605016838e-03
2.803151358950151106e-03
1.316119453072861489e-03
4.607721296867595129e-04
-2.086578261015215041e-03
-4.447189857037070482e-03
-3.486953571613105041e-03
-2.534038058635612600e-03
-2.171749003745726547e-03
-1.939239210233312249e-03
4.508047690936378693e-03
3.851570014006044929e-03
-5.906250026117554341e-04
1.919912994485017954e-03
-2.988182278960360705e-03
-8.842601767462543449e-04
-9.405154411109561963e-04
-3.521479866669063874e-03
5.529450943376312821e-03
2.650176931937586744e-03
1.794741479306583010e-03
3.320516669516271335e-03
-1.193393120567765031e-03
-4.254744278128441692e-03
-1.547848979511878831e-03
8.707305870558901262e-05
5.243233882884612562e-03
1.913698846050082558e-03
-7.518154006462829386e-04
1.551503400460951809e-03
2.660820655289164449e-03
7.185583073712198399e-04
3.724380422936102164e-03
-1.027155503023569061e-03
1.766880105666723821e-03
-1.661360048332061190e-03
2.173851969683004981e-03
1.157899140782348013e-03
-1.306085080310048774e-03
-1.266916888615576831e-03
-2.817256780178079012e-03
2.285111139765372279e-03
-1.879851555184663958e-03
-1.759537486747619894e-03
-1.675248881466750994e-03
-2.967712316382375981e-03
-2.299127440107628928e-03
-7.248388417324669319e-05
-1.919323864767674692e-03
1.270833448471120342e-03
5.710087268995245324e-04
-1.783640795796403999e-03
-9.909942728711929050e-04
-2.356484277549752981e-03
-1.938084468236955793e-03
-1.895011366648269302e-05
6.145921309874680105e-05
4.379748528959837017e-06
8.575087677598070002e-06
-8.012761651278177411e-04
-1.372849273481024923e-03
-1.293158238529046322e-03
-1.666312702946370905e-03
-6.057577043856454679e-04
-7.411797716218027077e-04
1.623909432515779905e-03
1.437538615135847131e-03
2.830696101579377455e-03
-2.304282583429850817e-03
-1.435253776187361829e-03
6.241791072831848197e-04
-1.831035682544501775e-03
-1.325421173896668137e-03
-6.317560103089592261e-04
-1.750426565305995830e-03
3.637408765488903128e-05
2.875102590952693937e-03
2.734833980359563377e-03
1.530666825955040444e-03
-5.023229670972906291e-04
-6.005960467978521677e-04
-4.277004828088237787e-04
-1.655383727235171243e-03
1.879489892389507588e-03
2.011709723806709427e-03
-7.119568964532030364e-04
-2.004916856243044165e-04
-3.325325673565915352e-03
-3.239264188604429329e-03
-8.562597844711250517e-04
2.308577997902627743e-04
-2.631016273449304776e-03
1.697550120815738417e-03
-2.698225055258740568e-04
-1.290622497071458596e-03
-1.439555617630761120e-03
-4.910710479403279649e-04
-2.075712949532348972e-03
-1.606359948134961080e-03
1.919972528221736141e-03
2.054070658502493707e-03
3.411730996738526756e-03
-9.407118393410796031e-04
-8.333960906116155698e-04
-1.770776938044060778e-03
-1.485858926207894726e-03
-1.060261978015786255e-03
-1.159133527547817621e-03
1.431484049950193516e-03
8.018570650192291538e-05
2.998229990337608619e-03
2.821403426402580017e-03
3.048357259584077994e-03
-3.162678691774556405e-03
-1.270909724668256580e-03
1.423577919680507620e-03
-2.074401519938429139e-03
-9.372332944509453867e-04
3.745711974673882061e-03
-4.326304328223784523e-04
2.415386884756398622e-03
1.245700328624144149e-03
1.742966464739481580e-03
8.504675422701390985e-04
8.958584625363696929e-04
1.956646370094961007e-03
9.704899789575449631e-05
-1.841787385617243977e-03
4.060270831069967556e-04
8.704568773998389020e-06
-1.867661643655926795e-03
1.523330439831105387e-03
3.565956540788617346e-04
-2.509982855519621303e-03
2.635190781333784926e-04
7.781193120495188964e-04
-7.913582887731918092e-04
-7.234861486660193464e-05
4.907620104185550503e-03
-3.089174825521401324e-03
-2.570468980453877172e-03
-3.513926146635926173e-03
-3.256480294378305551e-03
-5.672096740267584813e-03
-3.278458641882808777e-03
-3.298134796129392754e-03
-2.443534367046806821e-03
3.266956023560640965e-03
9.284206804827110915e-04
-1.999580722886085127e-03
-1.003471498862706923e-03
-5.124397292092242040e-04
-1.337617875548313684e-03
2.391799761617519060e-03
-1.216695953517588080e-04
3.187586848959034214e-03
6.561478683314581062e-04
1.412045464885158808e-03
-3.541502611840163794e-03
-7.266347260955763332e-04
-2.866817472536031808e-03
-2.730417774552518217e-03
-1.781208992385430179e-03
-1.069806068197176607e-03
-1.546683536441828544e-03
-3.031049781801242737e-03
3.564264631278346585e-04
-9.503631178547911063e-04
6.994189467223188572e-04
-2.185334040394781852e-03
2.335099227022241486e-03
1.550878742681893740e-03
1.745468230249791475e-03
-3.054254691577384939e-03
2.789783302803550136e-03
-2.603307148630884527e-03
-4.286561063387317461e-03
-3.223704089647339011e-03
-3.648007605090652916e-03
7.527930823285622353e-04
-6.459666866752700187e-04
2.753628659532880718e-03
-9.109636539639254238e-05
3.322058117712578529e-03
1.235284766033517556e-03
-1.318750740707641533e-03
2.368249934936561552e-03
2.641542251358153237e-04
3.854751059787386858e-03
1.068379478416758843e-03
8.055307872733008523e-04
-4.036999201804003512e-03
-1.705717829308839306e-03
-1.794836713927661087e-03
1.155201170932484978e-03
-2.316934693976646642e-04
-1.066323021931658843e-03
6.190589171535254565e-04
2.250433111898542116e-03
-4.363328686977752113e-03
-6.394644543747940446e-04
-1.553070001601986050e-04
-1.557402930864038026e-04
2.879348599026276823e-03
1.331239650355975357e-03
4.974274924574029200e-03
-1.027233226864376903e-03
9.159688489741579787e-04
-1.483366270002006715e-03
-1.143051629998725893e-03
-3.167585738751754754e-03
-4.254478504046588228e-04
4.451506633351698383e-04
1.300705184631434363e-03
-3.666872280521094041e-04
3.013795656463313932e-03
1.156909761605429132e-03
-3.770808373204648234e-04
2.291491216423136024e-03
-1.955810887703801626e-03
-3.456022755868870533e-03
3.478668437096099630e-03
9.179698721517581816e-04
1.214359740582149350e-03
3.001978184959952500e-04
1.070373781415279169e-03
-2.403032123680093335e-03
-1.239530210343842143e-03
-3.787399437049643325e-05
-5.439832465656158078e-03
1.722977237208489498e-04
3.947140755456546302e-03
1.257901998271027111e-03
1.241402096724408821e-04
-5.626014369385368141e-04
-2.998270323011031913e-03
-2.993512583538970873e-04
-1.608309011229769325e-03
-2.146590763937306079e-03
-8.560113944561242860e-04
-8.980876846502727773e-04
-1.828263886379577485e-03
3.243683743822334264e-03
3.400377559471201572e-03
3.938182239652365801e-03
-6.987691505677684489e-05
1.272097707380237530e-03
-1.640820004475740390e-03
-1.166634835890967281e-03
-2.099405304189727595e-03
1.579503037174578850e-04
7.904273392470573256e-04
1.149395083184456823e-03
-1.524463186460822683e-04
3.640149185948016175e-03
1.042067199556129253e-03
1.430162924546451997e-03
-3.244174856222525882e-03
1.609261883836921037e-03
-1.516708908433361813e-04
-1.347989972837693173e-03
1.883635800430938367e-03
1.508891178990556803e-03
4.656977055673250376e-03
1.073046063132965244e-03
6.114589862945551957e-04
-3.111800240416351393e-03
-2.029907396975838552e-03
-1.837935872277651761e-03
1.530070140511208265e-03
-3.150538387267087792e-03
3.227431680166259476e-03
1.303379427411988090e-03
3.788550550620217727e-03
1.901278832251995787e-03
6.548145066032073913e-05
-5.005402574942419136e-05
2.863432618044559064e-03
5.709962415544334036e-04
-7.516781849922216097e-04
4.827203841645255622e-03
-2.028108721416121973e-03
-5.544412840606027792e-03
1.519564600573564128e-03
-1.576801870454946908e-03
1.943622364558361681e-03
-1.150024658548187695e-03
-6.722927305999881753e-04
-2.509530765928413842e-04
-2.028702898874246152e-03
6.337679040380184148e-05
-1.546130688811264697e-03
6.688662132604550337e-04
1.149436172491191677e-03
-3.808605813455989697e-03
2.274360762605343034e-03
-2.459192799866949386e-03
-1.022928596754901776e-03
-1.640799510010726436e-03
6.332564299338372393e-04
1.455100146526833171e-04
2.688550830144409431e-04
1.999464240485027133e-03
4.315328459222445012e-03
3.507914313938265138e-05
2.041630176022990462e-03
-2.811042300977839581e-03
-1.434688336470202330e-03
-2.592974074086096259e-03
-8.519404868252422602e-04
1.983527656341799172e-03
1.413476239098931941e-03
3.960606481013151381e-03
1.414686070399961970e-03
1.289226725533221263e-03
-4.186733179487367451e-03
6.528080189049934035e-05
-3.036055039992158200e-04
4.649589164495981919e-04
-2.380649999488171353e-03
2.706463926735458436e-03
-3.493365836113815348e-03
-8.271053268439354511e-04
-2.497433466043585959e-03
1.557977214194594673e-03
6.646598053132724004e-04
2.405137890598374462e-03
4.370694953217402201e-04
2.681548210532902488e-03
7.572886471018946963e-04
-1.945625149015417499e-03
-2.732085350361290743e-03
9.547489590887581201e-04
-8.957893766017299697e-04
-8.712974743871892969e-04
-7.052689993445326877e-04
-4.803691791229747210e-04
7.382524759123043623e-04
-7.007982731177531122e-05
2.342712831587934197e-03
-1.574296244373663001e-03
-1.972298985286613515e-03
-1.777197945625696995e-03
-4.623166003836498561e-05
-1.002660401410171431e-03
4.202403878949101390e-03
1.251982560506292863e-03
-1.501579094248195467e-03
-1.300283649319222690e-04
1.242135121583110013e-03
7.918781787515927206e-04
-4.884355459713329850e-04
3.484372464013452131e-03
1.303033804923470207e-03
2.999741546145462401e-03
6.625661934902549177e-04
2.061223408682533176e-03
-2.000596664192388907e-03
-4.468445536921161754e-03
-8.930383772576266921e-05
1.323102647252882846e-03
5.337626341817003350e-04
2.630746562562458202e-03
-3.263664212832528833e-04
-9.469725013007135317e-04
-4.272789551538425101e-03
1.210894937630380142e-03
-6.293176626859242617e-04
2.703984105308920860e-04
-1.999824344616762950e-03
7.961177028665833433e-04
-1.053472691411316831e-04
5.507482724206314018e-04
1.440976659681014738e-03
-2.638706537979484956e-03
-2.536979936710315187e-04
-1.157125507965872657e-03
-1.261511536335691019e-03
-3.945659963760173028e-03
-3.375986869710856375e-03
-8.345296473493135636e-04
-5.714067142248424602e-04
2.806891245304976579e-03
5.931135184042979347e-04
-1.365409880196288839e-04
3.939432712106727408e-04
-9.635329818643567634e-04
-3.437933407886006876e-03
-2.524734383317350783e-03
-2.324188760543521859e-03
3.590459824864833394e-05
1.365426819530002334e-03
-4.304576020682793214e-04
-9.893661056030733647e-04
-1.819055118887913380e-04
8.022587086253807342e-05
-2.225196182921052035e-03
-1.007241323474850070e-03
1.162553135776178692e-04
3.402108434699568917e-03
-1.799338392479143955e-03
-1.649308731958787355e-03
2.399460885741500071e-03
2.482805128928067262e-03
-4.398798322213792744e-04
-3.104866735028632974e-04
-1.164847205841423872e-03
-5.594729510454143906e-04
-6.937351263479607510e-04
-1.083836283338079909e-03
6.205753729583429745e-04
4.020238317442692555e-03
-1.253587096180619476e-03
7.696897400868429884e-04
-3.289208354232964204e-03
9.868039913090154158e-04
2.831805384424290750e-03
-7.281421479930272334e-03
9.838091069780396936e-04
-3.293014969699692429e-04
2.746568351189582202e-03
4.422290978704390696e-03
-1.000120694049311254e-03
-2.927790173921196448e-03
-4.815779851296331238e-03
-2.791264049150421478e-03
-3.742133161568572675e-03
-2.067746091477085102e-03
2.283707676205559700e-03
-2.982945797562419621e-03
1.616650677508602030e-03
2.349036419204808546e-03
1.685001448501255439e-03
-1.559206003090229942e-03
4.915984933402395285e-04
-2.501753513493576442e-03
-1.470455858047614583e-03
-1.124984570873843737e-03
-5.257424497771001626e-04
2.022343003146964691e-03
5.657655310305487184e-03
5.501688871883958498e-04
5.000221889055467273e-04
2.171039608096281270e-03
-1.754385660650004120e-03
-2.179022274359732059e-03
-3.708766189229439902e-03
-6.524113473904691318e-05
1.203259205607043469e-03
-1.077953242365370379e-03
8.277851292600724165e-04
-1.314510061446561018e-03
-1.996362530838347027e-04
-3.302986972617549810e-04
-3.695929797495223212e-03
-6.947682290242562786e-04
8.013285255233926208e-04
-5.309963665408590217e-04
-1.982181507634517281e-03
3.254276573607661760e-04
1.546650562955775854e-03
3.127262783485518227e-04
6.565531137917579585e-04
3.388607950637334554e-03
3.690653142611632909e-03
4.680142530006259349e-03
-3.660882628299111374e-04
-2.015990828879710151e-04
-1.446892720204151495e-03
-2.707046658372180836e-03
-3.583384319823412767e-03
-1.155927343389206996e-03
7.716804088171436149e-04
1.046272979263629388e-03
2.665942722197889303e-03
1.163040611422694326e-04
-2.110812772794345982e-03
-1.175596680671020522e-03
-1.930925590437837513e-03
-2.471455536503630590e-03
-5.355242071656274305e-04
2.774578350382417291e-03
8.208328329292191583e-04
3.682033281138252789e-04
1.096201481090908203e-03
1.889089995809389855e-03
-4.027735691803924212e-04
3.806836840291039081e-04
1.701103957485461393e-05
-3.159259244501000374e-03
-5.770213352366826420e-03
-1.053656080337139755e-03
2.152109268719892832e-03
4.825287233632957751e-04
1.543916225221542149e-03
4.248626698321600337e-03
-2.974125183300535546e-03
-8.250671453791103005e-05
-1.866567243170136337e-03
4.939308124076724482e-04
1.630801404590709325e-04
9.431749353819851578e-04
5.031782577411547663e-04
2.679572404931884755e-03
-2.203802320874137521e-03
2.473603875877472547e-03
1.421763047562696336e-03
-2.212124224635791947e-03
1.139246282951145162e-03
9.715162794404763602e-04
4.043019684385473766e-04
3.308353478356118593e-03
-2.121968584547384573e-03
-1.210595059509489424e-03
7.428303873314723305e-04
5.592531939092593163e-04
-1.420820417548318559e-03
2.530693387260862792e-03
1.020912848870292322e-04
-4.625181198721795006e-03
-2.021873416775621379e-03
-5.261548688260453410e-03
4.271295626323556860e-05
3.252908261906495291e-03
3.146640839976733162e-03
2.119745413365348163e-03
-7.923589225972138550e-04
6.800168847007626027e-04
-2.237905368069115219e-03
-1.940849867663074768e-03
-1.080006988927850742e-03
-1.276484648561337920e-04
-1.264732256287981471e-03
-5.803929461705159554e-04
2.582211906300480031e-03
-5.057469701934547146e-04
1.203706174772500859e-03
-2.926294148957397923e-03
-1.123261492699256792e-03
-4.921258802543015953e-03
-2.537772557266171347e-03
-2.150940038262105780e-03
6.349392305992074270e-04
4.429514288439850844e-05
1.561267007159639064e-04
2.691739103396262323e-03
-7.260920741958276636e-05
-1.823926736962411255e-03
-6.732400642263103308e-04
-1.630303900765794900e-03
-2.566096922797300728e-03
1.275439983432491431e-03
1.266330127808856787e-03
-1.325547786121150651e-03
-1.237290919840927650e-03
-2.105411679750313070e-04
2.559111508900757670e-04
-1.794262700739679417e-03
8.698925884398356345e-06
-2.573185884851891814e-03
1.243131800156005440e-03
2.635756531901511934e-03
5.113173656502767450e-03
1.472157281252162164e-03
-1.435196161277185745e-03
-7.679798585671360200e-04
-1.680714876728051088e-03
-2.174292592594828655e-03
2.904672638214811364e-03
-2.651068989180216384e-03
5.084975648805833970e-04
-2.508169864453457798e-03
-1.624844794758328881e-03
-2.999862725247992579e-03
2.375256155085714305e-03
-7.825022375295143107e-04
3.088298700422487109e-03
2.789524183738678609e-03
2.065086146504357956e-03
-1.273059591409886337e-03
1.279024539698858653e-03
1.188900505900924998e-03
-2.184995378472276428e-03
-2.718957131361943169e-03
3.660900303970038294e-05
-2.363170475213394184e-03
8.413110916625221591e-04
2.787908209245237856e-03
1.930125218776446161e-03
3.600349675544900485e-03
1.247083081666100490e-03
-1.289641292446130905e-03
1.776300597164492956e-03
8.418438814392636971e-04
-2.249856022058738247e-03
1.567234982329912540e-03
-2.714225172094630878e-04
1.899254618858980947e-03
6.584502887989618358e-04
3.088702361534467755e-03
-5.842506626663190872e-04
-7.458495049821323164e-04
2.527244313668131070e-04
-1.887047572308508947e-03
-4.186101369674788408e-03
-2.970485547872936394e-03
-1.541928721108254408e-03
9.280210459976512283e-04
1.443122203428015560e-03
8.100832379802636041e-04
2.049395180396484939e-03
2.539922309955700008e-03
-2.204736801781015387e-03
4.711453743995175358e-04
-6.063779096737720309e-04
-3.336262775924803137e-04
-2.616818394230890910e-03
-3.248958781207456070e-03
2.387090602266161987e-03
1.514926976101449441e-03
2.340598266134197303e-03
2.363594160543103229e-03
3.474357394148586131e-03
-2.529198156586143220e-03
-6.361573311722823476e-04
-1.192190404688875383e-03
-4.492546328157209778e-03
-9.627099632190105893e-04
-8.485770415425086810e-04
-2.247667399201347394e-03
9.167687222357834287e-04
-1.189649705325090956e-03
1.448031330193555455e-03
-1.200049941934011599e-04
3.533615247932497816e-03
5.902512672549820039e-04
8.254869946897613886e-04
-3.748835119200433219e-03
-2.093419494048287532e-03
-6.855873855006189288e-04
2.022969694641107985e-03
3.422409735864717639e-03
5.564935453081121253e-03
2.451388437999635350e-03
2.558166673607864539e-03
-8.319357312412956063e-04
-1.968298897226383737e-03
-1.935861392305948669e-04
-4.324072841500270492e-03
4.179194156948340400e-03
-3.127369201572083313e-05
-4.979579432297098762e-04
-1.034811405970392784e-03
2.702579605118549111e-03
1.319834609069037157e-03
6.382476843385109788e-04
-3.501169909837398286e-03
-6.115530146005854206e-04
-1.718254533878527113e-03
1.909386990118222549e-03
-1.566625554636824624e-03
3.284719935933821944e-03
2.456905618474558572e-03
2.314390565180235448e-03
1.250533313627788523e-03
2.056311958239187554e-03
-2.562877839672461633e-04
-2.793624175848163915e-03
-2.854802436617065453e-03
-9.297313309650778734e-04
2.324036641514926060e-03
8.615356080808878048e-04
6.682957710780867977e-03
9.606515288754780002e-04
-4.358548177846754967e-03
8.950116316476242062e-04
-1.364104811909405690e-03
-1.891292271087641197e-03
-1.945685639110905640e-03
2.429230598676057618e-03
1.877020392544892502e-03
3.472506797503660536e-03
6.174250949059545412e-03
-7.680217068768424582e-04
6.323636415270783573e-04
-2.751125552238331551e-04
-2.390643464007080610e-03
9.472778152391780893e-04
2.568120187724121095e-03
2.769785591054674256e-04
-1.259615068794572856e-03
-2.599106732163125599e-03
1.124451681455140850e-03
9.766218722855324330e-04
1.257228880123806292e-04
-1.810549113187787107e-03
3.494404778219495356e-03
-1.274384937052230882e-04
9.815689494954149552e-04
-3.428050622632849986e-03
8.892043855928122298e-04
-7.802940350626341726e-04
-2.658422578890706767e-03
-2.387029279796726300e-03
-1.585813625906817848e-03
4.600907069917115066e-04
1.120420823249590470e-04
4.588682009907252279e-04
2.080292018945995025e-03
3.672644648836653758e-04
-1.232988485584396443e-04
1.282771225006196225e-03
7.039542637155005167e-05
4.929153937714425560e-03
3.650815323088529851e-04
-9.195518872564534263e-04
1.146214460706396210e-03
-2.030778193673588028e-03
-2.668986123874672600e-03
-1.195023855195653795e-03
-4.215579341825148596e-03
2.876057083484151455e-03
6.675423511304234836e-04
2.176299521719493590e-03
8.534286559058745780e-05
5.973417410986003873e-04
1.101239324383662677e-03
-3.287496930969968645e-03
-1.905878557894702396e-03
-8.851031540882958737e-04
1.203375841989595685e-03
4.294694439868074198e-04
-2.828390869328289980e-04
1.244531455779740448e-03
-1.714221127088411123e-03
-1.231784880157960060e-03
1.207028059488468585e-03
-1.955959857747879838e-04
-9.660734254349767625e-04
2.374899522972206967e-03
2.949421051979150832e-03
1.444496712159737406e-03
4.152222101180269576e-04
2.726578946617874699e-03
-9.404303218342180415e-04
-4.092196354358312860e-04
3.417915909581514811e-04
1.260388845584881068e-03
-9.923059623084817815e-05
-1.660105717429916083e-03
4.911497456961955166e-04
-1.827584354130218358e-03
9.615705115377792822e-04
8.093482105064886412e-06
8.904852361628634583e-04
-1.343057585570184287e-03
-5.817692442663391361e-04
2.368108368591026469e-03
-2.223989793413094773e-03
3.070462580012200959e-03
1.960197796562535011e-03
1.881505155697293930e-03
-2.519515699368146677e-03
3.276729738795891578e-04
-1.035476018595660186e-03
5.053284954448233890e-04
2.565026383312130065e-03
-1.835894798836168462e-03
1.505304374318505722e-04
2.892717651181486715e-03
-5.857969783604421998e-03
-1.837158151907214432e-04
-2.670590470356004609e-03
2.208251629900015445e-03
-1.523086487461577931e-04
6.131384869568767826e-04
2.060706849195570456e-03
4.368662691104585605e-03
-2.633265610755164410e-03
3.244704283141497392e-03
-4.438221408366249676e-03
-1.654434507354363149e-03
-2.862304095114787117e-03
-1.670312505704152350e-03
3.519401869406579841e-03
4.692264036025739493e-03
-1.606672087500982116e-03
-1.834245657381661232e-04
-4.161922301579079608e-03
-1.310829142468161734e-03
-1.828397981721074927e-03
1.292207019520486000e-03
3.794115355085558861e-03
3.301240497227686532e-03
7.258166343591110348e-04
-1.809794493989436148e-03
4.132109769522385179e-04
-2.252287263256880223e-03
-1.206409242677897176e-03
-1.899509660289955271e-03
-2.805794387285898139e-03
-3.257555443177850840e-03
1.283400781910803978e-03
-4.625366559428689683e-04
5.080938864426620682e-03
9.243304777140082251e-04
-2.055536478808406287e-03
-1.016152637229872369e-03
-9.879609052467763775e-04
-6.636540122333389746e-04
8.807649959854391142e-04
7.266484168605424898e-04
-9.408508796127090790e-04
-1.584041758678988998e-03
1.695626167159680620e-04
4.317090461432471216e-03
2.991663194040650176e-03
3.624986946426655976e-04
-2.906437466294042871e-03
-1.861724268481745881e-03
-9.881707373913251047e-04
1.330093588394865023e-03
3.233265973464738430e-03
-5.899146565309099088e-04
-1.785727764508582283e-03
3.376006443267853818e-03
-1.245654735759993414e-03
-1.517751603001826766e-04
1.812636795489153130e-03
-3.101707926987717912e-03
-3.695381913093043202e-03
-1.617097043046689109e-03
-2.561136019743726067e-03
-1.644580536671158555e-03
-1.289673399974433643e-03
-5.311994866394886827e-04
1.474702324103516204e-04
-1.732916158806441231e-03
-7.451757102558964618e-04
-1.262896006116842607e-03
-7.766954032460970936e-04
4.941269155517291622e-04
4.443532287186080509e-04
-3.478935896583656984e-04
-7.137125922114240240e-04
1.044827011306481701e-03
8.720726216988605728e-04
2.572930884514046390e-03
1.832103395443485105e-03
-8.387254112577346987e-04
4.569168725553351962e-03
-2.285875409180349038e-04
-1.206941766285440920e-03
-1.720141871908165143e-03
-2.144196073374793343e-04
-3.483354855200349043e-03
-2.869353197939683575e-03
2.388729099621400565e-03
-3.419685753147660989e-05
1.520111666108436843e-03
-2.797772002387510781e-04
-1.676834514768854589e-04
-1.290417632655471714e-03
9.382306647853777548e-05
-2.774264229694511918e-03
-2.323578814515170343e-03
-1.068841059702729801e-03
-6.798659467248668875e-04
6.885663171979361508e-04
3.381836235706536797e-03
2.535746092156898612e-03
6.364967451097935935e-04
-5.345536277429285832e-03
1.002091602849364271e-03
-6.993496206820770666e-04
-3.488558704215272144e-03
1.579113871378323708e-04
-7.118456371819625872e-04
5.436149010975555029e-04
-2.604989277899760758e-03
8.034072980971362909e-04
1.796181899064830390e-03
-1.124855937224111813e-03
-1.133628378883755339e-03
1.629106005654246125e-03
-2.124329547273928753e-03
-1.788405701236395196e-03
-5.333654385700770106e-03
-3.433214895994796123e-04
-7.858980566112228061e-04
-2.737152629034955709e-03
-3.462175047212245893e-03
-4.593989240034845878e-04
2.425835347599436531e-03
4.862887809376159609e-03
5.401130901633299786e-04
1.970852341982132216e-03
-3.712376323150023971e-03
-1.456840652985902373e-03
1.226004783910550344e-03
-5.260365716803772074e-04
7.226896509576752337e-04
6.506543388848928799e-04
5.024103059504958502e-03
-7.165553310751748839e-04
3.422597559554763080e-05
-5.453647177429132853e-04
-4.796892763735405296e-04
-5.165229574149998726e-04
-9.175068457983881487e-04
4.750727830571399579e-06
6.637995213146785645e-04
-8.225236713749195516e-04
4.749232751678489350e-04
-1.408706214383270705e-03
-4.858165492634181071e-03
-2.056004943158606935e-03
-9.538961527361111692e-04
2.052069117675858756e-03
-1.905753170526214291e-03
5.979992090859864717e-04
3.766834473674762762e-03
3.424482265319439556e-03
5.249331576847593439e-04
-9.205779655911960901e-04
-2.779759003748161206e-04
-4.007350480193627718e-03
8.533234579917170493e-04
-4.953958236008526583e-03
4.870208762437489014e-04
4.819188813376729108e-03
5.757665997113692313e-04
-8.183807806749765490e-04
2.601019952284899794e-03
1.347184220594654924e-03
8.264427843118760109e-05
-7.767925875413750347e-04
-2.961972073802776606e-04
-2.447102150799906894e-03
-9.544773832339537023e-04
1.651601587297268914e-03
1.387871776111326838e-03
1.999961479715373081e-03
-1.222147516932725608e-05
1.190009110834666650e-03
1.038162712320045422e-03
2.523453880932668980e-04
-3.073288218538916539e-03
4.025850913558892685e-03
8.995329730261403256e-04
-2.123425804242629056e-03
3.213333358563774667e-04
1.409912926622736151e-03
-8.812108933620166340e-05
1.526593858997449260e-03
-8.495348100190369678e-05
-4.857767611413654762e-04
-2.798735747445268984e-03
-4.068343475401081655e-03
3.160144563031375142e-04
-1.021390257345489161e-03
8.727415049836206862e-04
2.848152231151757086e-03
7.722768522190337492e-04
2.727199819470671471e-03
-8.914172975950096500e-04
-1.251058424361350951e-03
-2.031802806512383874e-03
-3.630663495802766150e-04
-1.226293746478757107e-03
2.763131062530899129e-04
2.826427530581598901e-03
2.656028714699054660e-03
4.296801803692629207e-04
1.687049232484971739e-04
2.984406642259074260e-04
-6.585065910266196809e-04
-3.292513417849862734e-03
-9.653553672347436887e-04
-4.239558045836533395e-04
-2.241714825364615749e-03
-3.797956635397392589e-04
2.859092371049198888e-04
9.203536475602680511e-04
2.429083082661653847e-03
7.116815062619963328e-04
2.482852916425470902e-03
-1.264567475118827389e-04
-3.766623054141104987e-04
-8.904550311575887278e-04
-2.550108550044338784e-03
-3.814400761034009157e-03
4.787415981534870468e-03
-7.095153235558315785e-03
4.125342106507945417e-04
-1.492419773559183760e-03
4.274385340416353429e-03
1.528082617081816252e-03
1.206558976016069984e-03
-5.913548426700332428e-04
3.770918565991987492e-03
2.396051853474912008e-04
-7.819836620498454849e-04
1.074770043636874561e-03
2.429606752569757333e-04
2.449809892499099639e-03
4.292285236582649155e-03
1.116974385937385961e-04
5.359620388169394900e-03
-1.131665740443654755e-04
3.246037646843169533e-03
-3.773784488964038175e-04
-3.368289360438647684e-03
-9.067571260292783819e-04
1.395889524838045403e-03
-4.022926562325945810e-04
3.659098487822642909e-04
3.097939448238995475e-03
-1.773822772323851993e-03
2.237103156425335193e-03
6.400608164016663437e-04
-1.534180768720694310e-03
-5.369027092138045631e-04
-2.052062186450598347e-03
4.739469209021573981e-03
-1.149523143697317451e-03
-1.458593331546853555e-03
9.859360877482181706e-04
1.017383738588506503e-04
-1.388830460731904637e-03
-7.255451523329181640e-04
-1.224784293467506835e-03
-1.033707223136670628e-03
-2.363069441739806820e-04
-1.395624867152722715e-03
3.261436074507240157e-03
-1.614628591688704873e-03
-6.614827821652680129e-04
2.074765367053421627e-03
-3.844489333309719648e-03
-2.938424288511765070e-03
-5.089594022170684795e-03
3.113836185215990149e-03
6.057463253094086397e-04
1.596699580646565586e-03
4.416521443541210346e-03
1.445617895826867283e-03
3.266529397978890081e-03
-1.164352560772408118e-03
-1.665212964673479235e-03
1.559797856104938596e-03
-3.267477865007251125e-03
1.284188020789112095e-03
1.249297310091046498e-03
-1.569886295737066284e-03
3.237796805848680570e-03
1.946685654489521689e-03
2.462697987268835931e-03
-2.770440550181607620e-05
2.298306794433768729e-04
-1.824838039717890936e-04
-1.439822526017930926e-03
-7.209689617985182153e-04
5.536323103986218186e-04
-2.346301517999749287e-03
1.514896958047740050e-03
1.526359793170284362e-04
1.423351522536253633e-03
1.929723157665708122e-03
-3.712842428438722919e-03
-1.357895817471699296e-03
-1.855277476981997964e-03
-2.534720142284174749e-03
-1.656136993722689965e-03
1.078089121057446143e-03
-1.527615102040358330e-03
3.821558629739540969e-03
2.970202424991796875e-03
1.843303394360562564e-03
3.511203650360616990e-03
-4.961176127554756121e-04
2.580082979544595645e-03
2.052300366108594787e-03
-1.782625162104589656e-03
-1.415342257345630905e-03
1.083533708803430251e-03
-1.912601898398258449e-03
2.046177451758945942e-03
4.567080566555414833e-04
-4.856000985535291470e-03
-2.619772125783570438e-03
-1.403727757942951904e-03
1.008366785734460258e-03
-2.971376278123605275e-04
1.468231948510423379e-04
-1.910858147806004936e-03
1.154121349896675142e-04
-2.183294997203599763e-03
6.545480728498143108e-04
-1.993203952135425006e-03
-5.127961635095212856e-04
-2.362870951456041979e-03
5.561210099758184811e-06
8.055488785605469104e-04
7.249289727996321986e-04
1.436604845422184695e-03
6.697524342988980806e-04
8.802038063913109056e-04
5.240641287201364129e-03
-2.506287360539594111e-03
-1.627436039073226759e-03
-4.812529808544407928e-04
-9.761044164108279020e-04
5.477945587940569183e-04
1.115838248737510696e-03
3.337053276729506912e-03
2.600003411126428077e-03
-3.839792584930945551e-04
-1.607482047109032308e-03
7.848676515912478280e-04
-1.507000658813373306e-03
-2.927549312739530230e-03
-4.470840227361883024e-04
-1.486865411813753646e-03
6.069635002773354771e-04
5.070360672017049097e-04
-9.284410601343440206e-04
2.329113871337717967e-04
-3.219056905857775597e-03
4.203111112666135796e-04
-3.647039978492139234e-03
1.473383463435951057e-03
-2.622258862217119457e-05
9.427919438199650060e-04
-2.579538182601592844e-03
1.205130570739454399e-03
3.653568018148201091e-04
1.916599755532266691e-03
2.396797628152591564e-03
1.253301076579171891e-04
9.886537363679170909e-04
-3.605075226399634403e-03
-4.919632487270453325e-03
7.174087025619835245e-04
2.753953454603608186e-03
3.736338930049321050e-05
-4.071751037507675974e-04
2.702919189617070117e-03
5.052182667586446740e-05
-2.948106209123446675e-03
-1.092080757903457489e-03
-1.143719776781737529e-03
2.553051787911209125e-03
1.614517388687786159e-03
7.042754391569649997e-04
4.721041415857163415e-03
8.339559838118626445e-04
-3.006739380608580703e-03
-3.002599874803557611e-03
1.037273956405959652e-03
-3.412226387013106432e-03
-4.268855698577156410e-03
-7.394304483164804154e-04
6.960476243442759170e-04
3.013404903273508850e-03
3.000548281502646297e-03
-1.920758368600949950e-05
-2.537334651245393147e-03
6.091460320045705146e-06
-2.007134951396150058e-03
-9.348686525503246969e-04
1.785188835269790886e-03
2.468018397000726338e-03
-1.097807908887693529e-03
1.967906960466225819e-03
-2.176218428724396858e-03
1.961054442030985001e-03
9.430599752346946474e-05
-1.535006482887957269e-03
6.351356604662461436e-04
-1.842540286275284878e-03
1.764790564678264673e-03
7.015328205723925237e-04
-9.793607700709916486e-04
5.839750586482339578e-03
1.834894092775707364e-03
3.826448477023736139e-03
3.160042728177492322e-04
-1.088533364029031780e-03
1.111960093104769065e-03
1.377904847838284930e-03
1.243301375300820411e-03
-9.444125907108746887e-04
1.660064685420459263e-03
-7.010943874985464674e-05
5.674935429044181134e-04
-2.722674112551892733e-04
-3.949251530148134570e-03
-5.548299225610620056e-07
6.179293845798961016e-03
2.587237533752118068e-03
6.636356033873358484e-04
1.872935228109717798e-03
1.167785320293712736e-03
-1.393957483670438258e-03
-3.402558298215896393e-03
-9.168995828812143145e-06
6.730637859853061400e-04
-1.786563576423483291e-03
3.648634900819569538e-03
-7.899409059577422454e-04
1.333392488468976289e-03
1.650958334424745821e-03
1.245172494654611661e-03
1.785037011044598998e-03
1.088565586261247553e-03
-1.556401436914378600e-03
-1.025244886915466225e-03
-1.458418894095814267e-05
-4.853850537627435457e-03
1.798592594039249981e-03
-1.509801878922911733e-03
-7.852679047717359140e-04
1.558490005043711157e-03
-2.812835175248773467e-04
-3.234111519012650149e-05
-2.897356843951093275e-03
-9.287008522558259926e-04
-3.137947800790685804e-03
-5.293958823938682556e-04
1.203768070000776902e-03
5.712352596534131521e-04
2.120185885378100821e-03
9.075435540478737906e-04
4.885632839040199293e-03
7.513744963630886176e-04
-2.142345969881165324e-03
-1.685788508011598630e-03
-2.653944311425182612e-03
-2.981714470290941499e-03
1.716399452830530414e-03
3.136968166014719728e-03
1.982753160636452350e-04
1.433162977219182288e-03
1.359381098928746923e-04
-1.310106186158566111e-03
3.180066889631349980e-03
-2.827253050686429070e-03
2.479683008407285172e-04
-1.363111702442521000e-03
-2.882753665147785860e-03
-1.056347970067705866e-03
-6.068937515790739923e-05
-9.124376493342412076e-04
1.262818587398184533e-03
2.251623931417645608e-03
-2.218810167073259620e-03
2.749003064690169751e-03
-8.227938861743444576e-04
2.481835635793072647e-03
-6.153504170761658898e-04
-1.465753502706279576e-03
-6.185651603137776178e-04
-1.178125032814558715e-03
-1.102855993506679511e-05
2.758250011134610880e-03
4.810020206081899730e-04
4.658867182359971437e-04
-5.781363032790753920e-04
7.826217245400224343e-04
-1.459452591340282268e-04
-6.527683375293635848e-04
-2.516208828632793271e-03
-8.297480943608714909e-05
-2.233166193864710714e-03
-2.339422176781180696e-03
4.928061050782028829e-03
-2.196754237030473789e-04
1.917715248056173216e-03
-4.072284513211399393e-03
2.274277834703464229e-03
-8.363242904773082742e-04
4.504206381340525311e-04
-1.842692654023481147e-03
-1.381937493837748221e-03
-1.516142806311182589e-03
-1.829908094457821655e-03
2.767695839615003095e-04
1.889262321147944235e-03
1.637568687794299649e-03
1.311214063586252365e-03
-1.869441030343255150e-03
1.175571866658398079e-04
-1.388396191083995923e-03
4.519555333923896967e-04
2.921758131138374459e-03
-1.278961918329657443e-03
1.380259182945708929e-03
2.357911335453821700e-03
-2.597524942338558240e-03
-2.232190676850209776e-03
-2.356933119171955582e-03
-8.353387732927819442e-04
1.124162498631453566e-03
1.480193579114663649e-03
-1.168924088298495256e-03
3.739755959521029460e-03
2.341026673483903586e-03
-1.587658177720774333e-03
-9.541840787335997831e-04
3.342240653261274730e-04
1.610215889030763847e-03
8.679170556946669279e-05
-1.135536692022931504e-04
-7.352953038138876352e-04
1.295991064758084121e-04
5.851461436912508418e-03
2.456294843049544596e-03
5.368209065704787619e-04
-1.119952735645690645e-03
1.736536177588399177e-03
1.696214630722003847e-04
-3.134614649363043348e-03
-1.563532565134528873e-03
-6.973310094459117536e-04
7.803823962000411285e-04
4.045992146102239673e-04
2.155100532990283924e-03
-4.864197615104259853e-04
-2.407908122226465331e-03
-1.217953858683284984e-03
-2.371959431781478500e-03
-2.363650064046596277e-03
-1.510155283358183276e-03
-1.132685759868246045e-03
1.139259813527027099e-03
3.461252376051993096e-03
3.005096243903326858e-03
1.095919093927921750e-03
1.655238408943882078e-03
1.570047820893427648e-03
-3.287679835612067336e-03
-2.353038526354045423e-03
-3.451615366747984304e-03
-2.563711786617517419e-03
1.531270515914728847e-03
-2.000623160980374848e-04
-2.980895132885019727e-03
-2.090120501187842095e-03
-1.147620237514357378e-03
1.493998457183121076e-03
-6.979579847233852163e-04
1.283885083103175617e-05
-2.239941010024226742e-03
-2.148608200845503191e-03
2.698140703407903018e-03
1.785890079675223063e-04
1.829141406460066399e-03
2.843319902866126014e-03
3.252531192541652239e-03
-1.943263937490113946e-03
-1.115888601462833307e-04
-1.057839652264469521e-03
2.775414202588200041e-04
-3.985361822702482293e-03
3.090769036737661679e-04
-1.738519177331587784e-03
3.118357782924907617e-03
7.577201354972418201e-04
8.822120875295880182e-04
2.919470307895966066e-03
-2.834803516448269889e-04
-5.043845884545206104e-03
-1.540382580407784197e-03
-3.310144600712883189e-03
-3.015893269875835614e-03
-9.404635298906338647e-04
2.039747572734507131e-03
1.992128487954603067e-03
-4.992802513091865180e-04
1.053729461741537143e-03
-3.710464155354586957e-03
-5.057122322991380869e-03
-2.025815836637301359e-03
5.818938975651333223e-04
8.093509080219218887e-04
2.295146085064869723e-03
2.316094724480133316e-03
-6.967641429065363212e-04
-1.061919167881009152e-03
-2.180286409771969858e-04
-2.049307466888916629e-03
2.071797968833277714e-03
2.217431025381189080e-03
3.949475443032479660e-05
1.422278369828777755e-03
6.849148093794887870e-04
2.671114200015534124e-03
1.774823512199374953e-03
-1.952266820037795725e-05
5.498661330947118842e-04
-2.901878909299382414e-03
-2.438964570278367994e-03
-1.327189997677891142e-03
-1.096337548498693693e-03
2.887284668862122317e-04
1.531730604365399984e-03
1.551550643221433212e-03
4.322944865522315716e-03
1.883821385615380706e-03
-1.008455640836181111e-03
-1.854774801374414750e-03
2.783128956852842784e-03
-2.602508670429437565e-03
-1.709693784180066345e-03
-2.860490968357165542e-03
-2.316888757839863366e-03
1.983463162555376691e-03
-4.946777469533314431e-04
4.517268648564165545e-03
-9.200151712447368624e-04
1.201489089824203660e-03
1.972076006197198694e-03
1.319528967768435201e-03
1.086579511050511648e-03
1.485247014303414659e-03
1.841568064965826146e-03
-5.489648248807599273e-04
-8.895412513224565387e-04
3.199675476065366730e-03
-4.722772344072367900e-04
-6.850974000539578057e-04
9.812802312292312479e-05
9.464767167604026810e-04
-7.117199019062159238e-04
-3.216438433465085289e-03
-6.493719541581510768e-04
-3.478637590223598863e-03
-1.608526234418206080e-03
2.658945276906909960e-03
1.875167462662585827e-03
1.302242262154251762e-03
5.079882175774486086e-03
5.034825799427045112e-04
-2.177600129637413673e-03
-6.282685750047534157e-05
-2.275854675391486559e-03
1.801516394428492873e-04
1.812071364358458503e-03
-6.161775289168502923e-04
-2.422645700336234498e-04
1.176699976277006954e-03
3.558744334130725662e-03
-2.711394036504777283e-03
-6.448189635843704082e-05
-1.878265308383086918e-03
-2.023377686057092895e-03
2.457068576848353558e-03
-7.553574370960935980e-04
5.985642031305360433e-04
1.552289860378253117e-03
2.087890752880849909e-03
-8.346461694801465825e-04
2.293541330340653772e-03
4.323989853838305919e-05
2.157777230848090255e-03
1.707116579173884041e-03
1.271548652496456988e-03
-7.733425032349083850e-04
2.090127758771487265e-03
1.344691947773424268e-03
1.125397641506098445e-03
7.148931749882958542e-04
5.583037887815223144e-04
2.048759112775355717e-03
1.442748156944118065e-03
1.418434350703989821e-04
-3.510455284060354231e-04
1.162822511829308958e-03
1.353203335505703819e-03
1.602718759509236257e-03
7.490750244367738730e-04
5.455996644394112138e-03
2.922664011028475173e-03
3.803266588769838030e-03
-1.077083702058723169e-03
-3.711953111902310809e-03
-1.250025068380233861e-03
-4.627587441366265431e-03
-1.582166368909510012e-03
-2.026745814914021615e-03
1.832933047771767576e-04
-6.012920776472530093e-04
2.074204855101680067e-03
1.235649169732955244e-03
2.985753078282860074e-04
1.108065287344861538e-03
4.987126336191138876e-04
2.330318891261562442e-04
-2.143226444788037810e-03
1.860257793437791740e-03
2.976959021264824479e-03
6.079619118626977681e-03
1.271648939316083471e-03
3.700210817151772247e-03
1.184005735213045085e-03
-1.379660711373742465e-03
-6.897047682878909569e-04
-1.606529416555591006e-03
-2.871822093956200028e-03
-2.100792223642677925e-03
2.068428841257574646e-04
-1.080812201058600763e-04
4.069632995079897064e-03
1.569719558989879360e-03
-2.184459452443054950e-03
-1.616416759873784414e-03
1.628963702684949055e-03
8.296903634529284588e-04
2.191332463608697267e-03
1.042598218378820718e-03
5.482781310975903821e-04
-3.008032207546307291e-03
8.920030028736203320e-05
-2.408901573945909647e-04
-1.997570000024095904e-04
-7.900137674101692653e-04
-8.728176089951578120e-04
-2.302066120445922515e-03
-1.709025395154939453e-03
2.104592765851842628e-03
2.866386256647923680e-03
-1.036466075942210630e-03
-1.644852388810291721e-03
2.834606300251674149e-03
1.118240850278562348e-04
-8.207173771064280032e-04
-2.939912980030601197e-03
1.283636154936207419e-03
1.411879484084388459e-03
-1.628849325566728012e-03
7.294236287335165159e-04
1.579242380565726300e-03
1.563496185499224644e-03
1.117027641506562752e-03
-2.714768699519476414e-03
-1.028824750115786557e-03
1.642805007865510980e-03
-2.795179408823789124e-03
-7.738008160633746968e-04
-1.618768709860329835e-03
1.125297163384386678e-03
3.072481750861388861e-03
-3.640478714416639505e-03
3.088245360733266054e-03
-1.124671097991081226e-03
-1.582928855040743876e-03
1.478568053217110823e-03
-4.804656324836065195e-04
-3.538080597356052515e-03
3.029832168486845667e-03
-1.925846679583287369e-03
1.709804574930529064e-03
6.870625152763931709e-04
-7.386543775922405075e-05
9.045020243513279823e-04
2.132793757260165179e-04
-8.713120263218465666e-04
-1.681740208577586770e-03
4.900168697484774682e-04
5.692167400244141362e-04
1.447111242462328917e-03
6.863290319126802430e-04
-2.633825043459436799e-03
3.518512231132087109e-03
4.976879182975624261e-03
-1.288707729948490588e-03
1.565691861714624267e-03
-2.197349658633496183e-03
1.501753717618736772e-04
-4.647300017155187035e-03
-7.997717561040174061e-04
-2.376481700070320890e-03
-1.268493871588782795e-03
9.858874496662117792e-04
-8.200771573785292645e-04
-2.427068222353945259e-03
-2.248026880649844905e-03
7.943378211350271556e-05
3.005580143225827783e-03
-4.096532101037775320e-04
-3.265851181165069228e-03
-2.283617274622895543e-03
1.705450093749671936e-04
-6.277947495443303438e-04
-6.968227151753492166e-04
-1.190806209262706972e-03
1.675284092422679727e-03
2.257222223382426840e-03
4.003363796959424903e-04
-1.154897327844128796e-04
-4.880963495579315747e-05
-2.915061029563958961e-03
-2.844723790914938100e-03
-2.544715589121171462e-04
-1.725625664786178959e-03
-1.692988609770296193e-03
1.847558083210576463e-03
-6.981551115216033665e-04
4.886033230899755608e-06
4.646736838855858309e-03
2.082546570434495870e-03
-1.381104455504100770e-03
-3.883659235987324543e-03
-1.567542781101161076e-03
3.325989028893916455e-03
-2.258982723079339117e-03
6.118008876874192481e-04
-4.358745779893258288e-04
4.936175578938661879e-03
-2.049840349487963564e-03
1.529964176218978622e-04
-3.082112598818631533e-03
-1.860335741261764930e-03
2.248440445814292588e-03
-1.749304248260807881e-03
-2.064708778615198526e-04
9.825723424120580418e-04
-3.219093736484546220e-03
-2.099796242242657485e-03
1.974619705774394163e-03
-5.128606591662254743e-04
1.012788831753264063e-03
-1.253134677420053578e-03
1.655530662825310806e-03
1.467541983050324461e-03
4.480808650247469771e-03
1.521284565807023981e-03
-8.725500255892804091e-04
3.501443136536441791e-03
1.146322814457034767e-04
3.335378732598148765e-03
-1.685279776954429209e-03
-4.726248228512641703e-04
-1.385332431749985993e-03
-4.697108998723109607e-03
-1.403317009752047539e-03
-4.145814380337231597e-03
-2.143967307227767627e-03
-1.557951903996546150e-04
-4.336275951734691603e-03
-4.937083624628746392e-03
-2.545991821629067786e-03
4.476344016176581064e-04
9.171686863764794140e-04
4.746028043383643258e-03
1.621958711081727955e-03
-2.470922757037419260e-03
-3.940393454718638111e-03
-9.827592062821022267e-04
-1.933052809016677642e-03
-1.148106790894720675e-03
-6.407664823149250566e-04
-1.300670665173142559e-03
