8.506669416406866802e-01
8.407770033387391706e-01
8.520243203201669502e-01
8.613328909885313855e-01
8.681625138566092525e-01
8.747846308890988576e-01
8.735059737110864031e-01
8.543799444716045910e-01
8.461977253370605023e-01
8.422832238994348852e-01
8.616278014353802028e-01
8.734891178041216397e-01
8.744459017082049090e-01
8.791779668303462136e-01
8.674666106282762357e-01
8.415949850827474377e-01
8.435341502194655394e-01
8.571423244813953790e-01
8.714803072677439477e-01
8.673684621285217000e-01
8.757376795145918047e-01
8.700648226447430522e-01
8.631373015677257232e-01
8.441736013223253288e-01
8.492741404756157797e-01
8.626932491091162669e-01
8.801236194577485294e-01
8.805350770454686282e-01
8.742957944103247891e-01
8.588383116164125530e-01
8.513544647203705740e-01
8.470703231952104728e-01
8.610905379893158962e-01
8.680812794076506744e-01
8.826258852612274275e-01
8.728919403127248788e-01
8.697853383110845105e-01
8.481320175409146067e-01
8.346810176130508019e-01
8.542019796661037834e-01
