8.853136484512960092e-01
8.883466845681816659e-01
8.812960397883641273e-01
8.993059001168585143e-01
9.026265804089567135e-01
9.115654406238671292e-01
9.098157423729420490e-01
9.016493046049353088e-01
8.780640612802502742e-01
8.862952018222194361e-01
8.871831916490077186e-01
8.968785478063052707e-01
9.073901564323182400e-01
9.225330569307972350e-01
9.037443237185847078e-01
8.950239197187230822e-01
8.877796398997257477e-01
8.846370552302321721e-01
8.944075570018032995e-01
9.072080436255819391e-01
9.249598888980720135e-01
8.983000246744203832e-01
8.948779873162312493e-01
8.834639432625344124e-01
8.859575478363028722e-01
8.956810865441903191e-01
9.122496256181537033e-01
9.158382515080313313e-01
9.035656608245330457e-01
8.978354462497161181e-01
8.904353763166478197e-01
8.809979333861404083e-01
8.805408565922110409e-01
9.039494746504996847e-01
8.974786879559669694e-01
9.151941613742001769e-01
9.235593742301059228e-01
