4.408692175839202393e-02
3.995355307849154936e-02
5.523661517477183175e-02
3.893523594601932397e-02
2.735590837669529471e-02
3.044685522785899393e-02
2.805582155529077679e-02
2.498333742760936588e-02
3.374159382764367610e-02
1.321878959475503504e-02
2.816650315073054855e-02
3.291027528280675296e-02
2.872239790136000420e-02
2.860319704737671054e-02
2.966979067529052633e-02
2.558061640266377779e-02
2.074984259041134579e-02
6.948263818675409244e-03
1.959491485762308860e-02
2.520275108822449955e-02
2.178139131354846908e-02
1.127724515084313484e-02
2.026894825129197872e-02
1.511402227117805870e-02
1.847456371300733660e-02
8.451155886663589897e-03
5.588026056437635225e-03
7.337530442220996894e-03
6.745239828089102593e-03
1.034531830110613920e-02
6.880092382901200308e-03
7.681412241313954371e-03
4.054734021260419582e-03
6.658827511417646922e-03
5.190995243152661531e-03
1.441029178461100506e-02
6.376904650646981684e-03
3.953208773162786988e-03
5.235691372865960980e-03
7.497900563973093971e-03
1.623193831157165520e-02
4.104014079645873676e-03
7.602524369903692139e-03
8.744399501001852773e-03
2.328510434268558828e-03
5.031707660194970587e-03
6.970793422023121612e-03
5.136126216451418827e-03
9.570387675840490854e-03
7.666833813089818199e-03
