3.298300357968233371e-02
6.619050294865727602e-02
6.417859668852657351e-02
6.354912258810233028e-02
4.144020837789697681e-02
3.848511738650566699e-02
3.857639613467586659e-02
4.278937091881522548e-02
3.086705519300560543e-02
2.781769146841503795e-02
2.614388619523814669e-02
2.649086080291481252e-02
2.759111588005300555e-02
2.623196654602266698e-02
2.388761333403311218e-02
1.781253301831640240e-02
3.064675072833391439e-02
3.005127848960487125e-02
2.451042169201699331e-02
1.878376281250224156e-02
2.820940926761626374e-02
1.935202740401463506e-02
2.323697968358658453e-02
1.666394393687574069e-02
1.756017277295397055e-02
2.341547059629384489e-02
2.457656381977969817e-02
1.974459744158809163e-02
2.060908844538328344e-02
1.862968882754235250e-02
1.829450171686669915e-02
2.300509879526611498e-02
2.199643980659991838e-02
2.090943944477417771e-02
1.805850480686915782e-02
2.174536176784064995e-02
1.532467762594219053e-02
1.469046011042238545e-02
1.634123461095262145e-02
1.496064667338511435e-02
1.180708734969194464e-02
1.560389380326127236e-02
1.290697712786226248e-02
1.255933155036457333e-02
1.253879195950030438e-02
1.734472519107972677e-02
6.027781218705367469e-03
1.474606380106118463e-02
1.514483923723030853e-02
1.292092794571235263e-02
