1.042188734326895405e+00
1.056725799671432764e+00
1.063361377589507439e+00
1.054895950924918946e+00
1.038051830035154222e+00
1.038119757965040524e+00
1.036969880502841557e+00
1.037540125831070359e+00
1.035958096168182907e+00
1.024172012189443315e+00
1.030808966330842402e+00
1.033354339700718993e+00
1.031810528548564587e+00
1.031071353454557915e+00
1.030432473662520110e+00
1.025350346368348209e+00
1.029352068317230806e+00
1.022153542811998328e+00
1.025706439932678293e+00
1.025647028608221545e+00
1.028649171948440522e+00
1.018968407935286979e+00
1.025406735625297383e+00
1.019542754761884940e+00
1.021671139900838909e+00
1.019587084899336915e+00
1.018736066595966827e+00
1.017194835599762648e+00
1.017330935794594549e+00
1.018141275222182340e+00
1.016241068707742112e+00
1.018997027176148151e+00
1.016679358571788372e+00
1.017437905135954113e+00
1.015278521682869028e+00
1.021731598434084010e+00
1.014504562796152864e+00
1.012975606099650872e+00
1.014442234649767460e+00
1.014883045276537388e+00
1.017673284488489927e+00
1.013507725599311682e+00
1.013908522406741231e+00
1.014305637183541275e+00
1.011087422854742623e+00
1.014841988083495572e+00
1.010153058978222385e+00
1.013594866666614358e+00
1.016011385114393484e+00
1.013947652537259270e+00
