5.070485218759809287e-01
4.761011186367608561e-01
5.132978309693323471e-01
5.778455363412863255e-01
4.671823170576359652e-01
5.209162188176555963e-01
4.454184095325169901e-01
4.276706630863477132e-01
3.688649837424776701e-01
4.840171920568871466e-01
5.029312450593145245e-01
6.081962828033251611e-01
5.973838847590389189e-01
5.857314510938425034e-01
4.867618969298324605e-01
4.125745707402954099e-01
3.345211908640440823e-01
3.986666816220620357e-01
5.589354202557138551e-01
5.731923817144938260e-01
6.085657955827608045e-01
5.833327591756705122e-01
4.357663560154768634e-01
4.429816703930508637e-01
3.893960797353408498e-01
4.569366164147222742e-01
4.369925415100467947e-01
5.705967150844371005e-01
6.072299190660351842e-01
5.611157102791056728e-01
5.483233991755821490e-01
4.507237923975372373e-01
4.188925311208584468e-01
4.058145914459116987e-01
4.130775026737364408e-01
5.501169187215332324e-01
5.541220869531663373e-01
6.310501437174921291e-01
5.593102104677307729e-01
4.549372398034127185e-01
4.131153778101234186e-01
3.902098601861579419e-01
4.247751172462305713e-01
5.012243303169632291e-01
5.749496750773355203e-01
5.531965464121121334e-01
5.694151834417519042e-01
5.164987569678376467e-01
4.410883581303134404e-01
3.562349095279530031e-01
4.160714250665213942e-01
4.574646308139646012e-01
5.405428596673925723e-01
6.036066590609356908e-01
5.792648360124776907e-01
5.334582089805902649e-01
4.743310871878074209e-01
4.161615997657793775e-01
4.220297819923153892e-01
4.870796322098234765e-01
5.153642752095550783e-01
5.720932376478091719e-01
6.169962629797417497e-01
5.098020171701024283e-01
4.579861484379207370e-01
3.938775713263824030e-01
3.923666937799188958e-01
4.520854965390710412e-01
4.639686485965317519e-01
5.624162252983997412e-01
5.856127284677734579e-01
5.507529406241984393e-01
5.295633191612103552e-01
4.340673619858214094e-01
3.770542971018349121e-01
4.164124782614687659e-01
5.160181020916848604e-01
5.329120987378813679e-01
5.638350913176370938e-01
5.591489045673316838e-01
5.435211095244875112e-01
4.533581507383809273e-01
4.194784293687610077e-01
4.185955209038281222e-01
4.053320391744605899e-01
5.079867966669009416e-01
5.734984801169871194e-01
5.806700312035657507e-01
5.613351655348158831e-01
4.970234892200237620e-01
4.252067178986920215e-01
4.006970108901466987e-01
4.252064368782031423e-01
5.034147601331576682e-01
5.804798603478779073e-01
6.009971682218937516e-01
5.846762008625902007e-01
5.542859000816867665e-01
4.976418580238574640e-01
3.740293031405693691e-01
4.102045546704689016e-01
4.617265987189830279e-01
5.527152622410670402e-01
5.864565686845816250e-01
6.112256660413148968e-01
5.505225750767682724e-01
4.246761860937413036e-01
4.293375867236253196e-01
3.618709397789761084e-01
4.481169126642295386e-01
4.838884035266806105e-01
5.384928871310408205e-01
5.750674623118525730e-01
5.702537036675456861e-01
4.961265869221070934e-01
4.272796744063478980e-01
4.011704519224680854e-01
3.580771244042433854e-01
4.863114930317317119e-01
5.087893783325446728e-01
5.571812394052180206e-01
5.546854635405430445e-01
5.675496944954180334e-01
4.801500905021706123e-01
3.759429709938155173e-01
3.890614429541240371e-01
3.800380281704552332e-01
5.140243827894214190e-01
5.668278320609998477e-01
6.042844042768978907e-01
5.265110519878277717e-01
5.110204958411775911e-01
4.366724997551515441e-01
4.047657018443915899e-01
3.724792600651622432e-01
4.304115590540907865e-01
5.355310095268601689e-01
5.819649991777007259e-01
6.387760457216578036e-01
5.063218258560008289e-01
4.925020586540283518e-01
4.250371050003083906e-01
4.042614068795281068e-01
4.098898853175764745e-01
4.901237742262612995e-01
5.297086468476598364e-01
5.316067847281771286e-01
5.652228184212954032e-01
4.918387815173519417e-01
4.174060496559983680e-01
4.196123719746025493e-01
4.246069402172170104e-01
4.627480356098941927e-01
5.415908339147367245e-01
5.525213406694416962e-01
5.498012407056682704e-01
5.446700683563567846e-01
4.696474579980974284e-01
4.245989253777560646e-01
3.840293574121561582e-01
4.432153119323131718e-01
4.993151419286940285e-01
5.579340168022159929e-01
5.612251408718321732e-01
5.474639730726210685e-01
5.039767219845494584e-01
4.706025787441380226e-01
3.934682594807743516e-01
4.531419324502510837e-01
4.755727662100741604e-01
5.842112272424606623e-01
5.531691945018620826e-01
5.671253605762013317e-01
5.304009532350638656e-01
4.586488840286205848e-01
4.109819374539195325e-01
3.918025533718429987e-01
4.054538621078792038e-01
5.315981695640616955e-01
5.372417103665348970e-01
5.658897048093805004e-01
5.930792201569464739e-01
4.802951382687717929e-01
4.400116691332273677e-01
3.826449856327438503e-01
3.952583890780227982e-01
4.909039826786503191e-01
5.689995516051308266e-01
5.651850969403482416e-01
5.753388997929835824e-01
4.779200036377859173e-01
4.617122572953919479e-01
4.102900547185661106e-01
4.042102669108434965e-01
4.349597706233220284e-01
5.255906307676426747e-01
6.062189242034271563e-01
5.927994043890876252e-01
5.518500911142246723e-01
4.856186566487979972e-01
3.774880965142530798e-01
4.390652316491949203e-01
3.937216636033692430e-01
5.182364436015814979e-01
5.335908146047094736e-01
5.723399043289660870e-01
5.333910396602060677e-01
5.410582029707508012e-01
4.404142646759077184e-01
4.261696483455898465e-01
3.960490705056927130e-01
4.010649060394758658e-01
5.255585017576756002e-01
5.735384126104858815e-01
5.980214366368078460e-01
5.587951231889471959e-01
4.260397487609767220e-01
4.278013105971224528e-01
4.142154599487371525e-01
4.619390761818022995e-01
4.785141787600742380e-01
5.235795985546541909e-01
5.962890564242275815e-01
5.617373264903031682e-01
5.373672388618571105e-01
4.511900623441331692e-01
4.043037041203349502e-01
3.744665427593960594e-01
4.809458963548417509e-01
5.332750542748815326e-01
5.745805815782026871e-01
5.788404307541218374e-01
5.621872138834771437e-01
4.823482652682193339e-01
4.624949643856020032e-01
4.308471124893545889e-01
4.602704718816981178e-01
4.600672571681190259e-01
5.579247063069964208e-01
5.781947956567683455e-01
5.830668730928021404e-01
5.359822198983089647e-01
4.699259417965316321e-01
4.288102395010753298e-01
3.892446422007568296e-01
4.523843374703773179e-01
5.228018927945909944e-01
5.570437974149954341e-01
5.404004993868757323e-01
5.614871504127849633e-01
4.946224548543259880e-01
4.580254321165531106e-01
4.250342960618174182e-01
4.399549768131726379e-01
4.603854961776631671e-01
5.477949154544268229e-01
5.995414084805968935e-01
5.894103267312839067e-01
5.278477566372328234e-01
4.539282316851488974e-01
4.404517038368228055e-01
4.399994335414890156e-01
4.715170464696524788e-01
5.245937845061201532e-01
5.616091637871840625e-01
5.963502382663007362e-01
5.179165863182761953e-01
5.018009627638513326e-01
4.865546312682824670e-01
4.264404578088296649e-01
4.285956219710145843e-01
4.954364841798009067e-01
5.612530773895347824e-01
5.707913661366289526e-01
5.725986449634129505e-01
4.676502486907431200e-01
4.494926340767554374e-01
4.049156079282461018e-01
3.916987967326227005e-01
4.733869955548380970e-01
4.986466737314746434e-01
5.818906247911384000e-01
6.055687119319054235e-01
5.099647152147137597e-01
5.430320682629056206e-01
4.370471232167496556e-01
3.860132811637945194e-01
3.945781560150395939e-01
4.341849899316967965e-01
5.015703103558031284e-01
5.435187963349018547e-01
6.008810910140125472e-01
5.255215729360430688e-01
4.869100963144772365e-01
4.663110432094585422e-01
4.275429167572102895e-01
4.534769947980507032e-01
4.283748344661101881e-01
5.014979223419024912e-01
5.431121179785909359e-01
5.435183615012149083e-01
5.228018107154526195e-01
5.016135556289660347e-01
4.469049477421491723e-01
3.959123463318985348e-01
3.951667538002863744e-01
4.686123247973619232e-01
5.291271641810550985e-01
5.643578134076421282e-01
5.643458748425559390e-01
5.284453939918607457e-01
4.664257129890111986e-01
4.231187702836389786e-01
3.857656886178911781e-01
4.361571711577307275e-01
4.621385323382843913e-01
5.376931937793458793e-01
5.337275542832994324e-01
5.706100721035550771e-01
4.979985217687952215e-01
4.563943743083803128e-01
4.244844504684483488e-01
4.370683386795427006e-01
4.090845995888187092e-01
5.198997677690234687e-01
5.263972015492782708e-01
5.377144139745390072e-01
5.460252600106512144e-01
5.154310353929403288e-01
5.010959450846598218e-01
4.079415638153909840e-01
4.124168441267847540e-01
4.230813389492070753e-01
4.620759229340853924e-01
4.937841097530799583e-01
5.449958811242935353e-01
5.604745254574566848e-01
5.538255050891947029e-01
4.594862400816081549e-01
4.927620206131150815e-01
4.666841266715975323e-01
4.732693196781602718e-01
4.205863350493578290e-01
4.861470308645678418e-01
5.139969612532439003e-01
5.756841530533436391e-01
5.808561189995236074e-01
6.031574666249563954e-01
5.565988600979638878e-01
5.114623290932694966e-01
4.755447777308088320e-01
4.529575259984546243e-01
4.307968816908557264e-01
4.544291510981741666e-01
4.559745644395699626e-01
5.452481865857816690e-01
6.099326329824673598e-01
5.587275634800911162e-01
5.589954057788267816e-01
5.732565447649657919e-01
4.694014016810298950e-01
4.766269846173323277e-01
4.458460274204771867e-01
4.354741446840575958e-01
4.525278482040252515e-01
5.247359998626263122e-01
5.268087843743056720e-01
5.551707725704378982e-01
5.840947124574807914e-01
5.571379303036103625e-01
5.637791961030604870e-01
5.466868917467084810e-01
4.980966764219192378e-01
4.801556972639162146e-01
4.980107657284486566e-01
4.645153308127027980e-01
5.272023483028822621e-01
5.603452752375885915e-01
5.882080112864683796e-01
6.169936914397158301e-01
6.257431755285238761e-01
6.351884902856526072e-01
5.970839433731166546e-01
5.577829732489897330e-01
5.755400838080394488e-01
5.494770035786714635e-01
5.133466860334116033e-01
5.941132230075947263e-01
6.414323838312772086e-01
6.210941230696463977e-01
6.146180325952714796e-01
6.557516264836241726e-01
6.302423089569463288e-01
6.173628523842921156e-01
5.982472050491106641e-01
6.245912959620716354e-01
6.156923607758271189e-01
5.727133316442366562e-01
5.572563389739071393e-01
5.891161675000099462e-01
