1.065592189850015359e+00
1.065979508778775564e+00
1.042289219794146682e+00
1.039284254173481026e+00
1.038439099871325544e+00
1.033209055629826789e+00
1.031624201155774578e+00
1.034947724597740981e+00
1.031116305688679624e+00
1.032455774607687893e+00
1.024074429292106903e+00
1.027904803629057895e+00
1.024345057908616852e+00
1.026964581248980934e+00
1.026493973218872480e+00
1.025716909225445228e+00
1.025152434120564449e+00
1.023799599261151050e+00
1.021327068167753094e+00
1.020519110376070238e+00
1.023101841391722999e+00
1.018093107761844696e+00
1.018468922275522104e+00
1.018276414194149382e+00
1.017444789039083197e+00
1.013815100535093272e+00
1.016915825953957686e+00
1.011477399033074320e+00
1.013370677131779862e+00
1.011630662971183980e+00
1.010094799422401213e+00
1.010652692324597757e+00
1.008130836386153417e+00
1.011293927251309954e+00
1.009351811361543838e+00
1.008714297032485607e+00
1.007876694929301209e+00
1.009708027112695472e+00
1.007991385003681906e+00
1.008471657683424505e+00
1.011148259955020112e+00
1.006774183725315464e+00
1.011024421967840814e+00
1.006289597655611434e+00
1.009193679029785740e+00
1.010863107305371766e+00
1.007365146148416102e+00
1.007536876016783989e+00
1.009370830123761831e+00
1.008565748234727666e+00
