9.894583895745372448e-01
1.053779042202011018e+00
1.038420451010813483e+00
1.039439265441546523e+00
1.005160985071465340e+00
9.592155003266684687e-01
8.815961768391045172e-01
8.525551331884640982e-01
8.682854259716682455e-01
8.057025087435241151e-01
9.195336765428115955e-01
8.641229145300253212e-01
9.197049558487687682e-01
9.346249748133403923e-01
8.492774615296407870e-01
8.916376158304799571e-01
8.236627445471262909e-01
8.244893445759766681e-01
8.473069582450022397e-01
8.849497912607213745e-01
8.267208498334883693e-01
8.048221199694947092e-01
8.575965162933434360e-01
8.975645418880555670e-01
7.788559602390924264e-01
7.874745100697926325e-01
7.989764496240782110e-01
8.349648892296928082e-01
7.816826995128359767e-01
7.727186167255839511e-01
7.431383740971880814e-01
7.786868202885486312e-01
7.340425562034782470e-01
7.729395719097001960e-01
6.587961226142375892e-01
7.497226858953141004e-01
7.612009872718838999e-01
7.414249641305022953e-01
7.075038421113120091e-01
7.216123196556116781e-01
