9.295305617960258893e-01
9.349449953299716620e-01
9.228208861727817958e-01
8.583086310756929960e-01
7.792850132125983542e-01
6.936726960503587502e-01
6.280464464695995064e-01
5.258368490662723715e-01
4.856134534662701618e-01
4.851714053286371175e-01
4.522940047067186553e-01
4.273596024057612075e-01
4.484635204340963188e-01
4.766571704230480044e-01
4.997974957685826780e-01
5.322842845105062448e-01
5.376712234272437163e-01
5.656466692413547603e-01
5.142915511100721870e-01
5.426762866113665762e-01
5.583163227062022393e-01
5.219459384837122906e-01
5.188223900796373744e-01
5.116007863403262412e-01
4.896649450955258276e-01
5.021085579952641043e-01
4.472459743372111940e-01
4.693503382234799348e-01
4.590498621395975865e-01
5.135001264747902638e-01
4.745376912059240393e-01
5.366134621551114092e-01
4.961651333582495771e-01
5.471552851988709110e-01
5.337829646750059664e-01
5.326806610327797786e-01
4.926016472597785634e-01
4.792736101957761896e-01
5.182148987688474095e-01
5.213550424428406993e-01
