3.930649211585640623e-01
3.978988242826195787e-01
4.397046994163917866e-01
5.143536358358720140e-01
5.282701634210607011e-01
6.545794321133187044e-01
6.467854963189016981e-01
6.650718362736183220e-01
5.588130341177799387e-01
5.289684360147655084e-01
4.507773954037549435e-01
3.066124066403891346e-01
3.508088180688713198e-01
3.453944723264574801e-01
3.880938513633391818e-01
4.345415074797335242e-01
5.342190661374319749e-01
5.746605653260574709e-01
6.316462924913012200e-01
6.303887594651670367e-01
6.518697680749561130e-01
5.739348477466853504e-01
4.725393603465401493e-01
3.989214956747559326e-01
3.337393319747555820e-01
3.421823083042406788e-01
3.652494017241600943e-01
4.010511949016165034e-01
4.657740781127083785e-01
5.402192620051927685e-01
5.889830401841941176e-01
6.562411165445664052e-01
6.332534546607986314e-01
6.013877260894455734e-01
