8.817780217638292450e-01
8.847130958850826232e-01
8.762530325519289898e-01
8.788546980018618893e-01
8.849596234536755146e-01
8.212685946656429481e-01
7.937363764094157448e-01
7.791844416072162272e-01
8.063297587611015782e-01
7.524102628855142694e-01
7.619211998523263141e-01
7.741515057266352695e-01
7.894022171536814181e-01
7.846386302360698339e-01
7.424714516796930841e-01
7.916791531558506900e-01
7.477384231600464615e-01
7.295606900136337725e-01
7.265939771255258695e-01
8.058041875051404901e-01
6.969356372469615035e-01
7.158993336895972392e-01
7.017586928746492037e-01
7.688418979113099683e-01
7.055374400637407506e-01
6.927279151557768078e-01
6.963043378839939290e-01
6.284948575559395900e-01
6.728167848618193947e-01
6.719338319682682803e-01
6.755049702945428169e-01
6.813707373803008505e-01
6.688181586886918772e-01
6.646508865977196479e-01
6.328475408425027204e-01
6.863615492272666652e-01
6.558657723828069663e-01
6.493818594796392230e-01
6.353453196034742900e-01
6.431964959078950717e-01
