6.579075411943764440e-01
7.367216973583331496e-01
8.494821046831207978e-01
8.596228755004090560e-01
8.278679007953810842e-01
8.287313639474539473e-01
7.910863445635718527e-01
7.911422787455092420e-01
7.905046118359202456e-01
8.681121668711704320e-01
7.888581253583257791e-01
7.719949925398035262e-01
8.092665468826667485e-01
7.679569712663703029e-01
7.669920242550045675e-01
7.871842812468088368e-01
7.457410307414702455e-01
7.404932338431581273e-01
7.523865165579965986e-01
7.505080648558182244e-01
7.188937353314963641e-01
7.293125827688096141e-01
7.248455732417757869e-01
6.851594057184581255e-01
7.225782096640496199e-01
7.229536490029119244e-01
7.037886437865770173e-01
6.687076317959741445e-01
6.640301365840652892e-01
6.535903036917651843e-01
6.494039497680670348e-01
6.473197699644418490e-01
6.580209854607701470e-01
7.157771775126350322e-01
6.531871020652016968e-01
6.900402233046896150e-01
6.452725674222969943e-01
6.072318264389877651e-01
6.335726808564807744e-01
