3.999999956005465351e-07 5.521471073313326389e+07 6.283185307179585344e+00 1.842795804920749347e-01 -9.999999999999998473e-03
1.500000000000044666e-07 7.122562676362393796e+07 6.283185307065971337e+00 1.812798397860632682e-01 -9.999999999999998473e-03
2.653214048455779634e-07 7.329976700281110406e+07 6.283185307179585344e+00 1.347086934032829808e-01 -9.999999999999998473e-03
2.959563094533539132e-07 7.376437182005670667e+07 6.283185307179585344e+00 2.020630401046656921e-01 2.170641404531762372e-04
3.370567792641268868e-07 7.457762808080667257e+07 6.279909952565572162e+00 1.469150226144425864e-01 9.999999999870711268e-03
3.478945536464452478e-07 7.475497321104080975e+07 6.283185303386702891e+00 2.020630399310090197e-01 -4.427281437422788020e-03
3.999999999999999290e-07 7.443845916063305736e+07 6.283185307126014862e+00 2.020630401049239577e-01 8.640437059192679348e-03
3.999999999999999290e-07 7.532680811943262815e+07 4.448585662964254617e+00 2.020630401049239577e-01 -4.648444135769518298e-04
3.999999999999827236e-07 7.500510348666255176e+07 2.672221535483084942e+00 2.019668522103197639e-01 1.436168132400025875e-03
3.999999999999999290e-07 6.513929806444685161e+07 6.278915269197747229e+00 2.020630401049239577e-01 3.222248522543595672e-03
