9.403141029700462505e-01
9.377465900123999054e-01
9.237755921316740393e-01
9.285565072070189885e-01
9.381089937052685679e-01
9.407755674522431111e-01
9.536205316223648198e-01
9.469874604954633401e-01
9.220211113576568529e-01
9.201566602875071998e-01
9.311952370253875344e-01
9.325667744640077084e-01
9.458409447603365328e-01
9.347636996230791473e-01
9.277465977947749742e-01
9.340950240369607638e-01
9.234773555439874659e-01
9.261864007342909266e-01
9.373647169414587310e-01
9.466560410414772697e-01
9.333612173848859772e-01
9.340499565055300213e-01
9.205632697119866537e-01
9.276336895096611856e-01
9.366113744075829084e-01
9.511761708896151468e-01
9.371636847225129907e-01
9.306603182558577103e-01
9.213909351009152982e-01
9.276990185387131715e-01
9.381956944344445049e-01
9.391035180665515680e-01
9.400956295076199343e-01
9.344110219717922661e-01
9.311012728278915684e-01
9.180831826401446571e-01
9.263055465455725113e-01
9.356163430082828913e-01
9.470500432084216769e-01
9.344662284352843740e-01
9.325778497285972524e-01
