8.882252915164532414e-01
8.914247701450982442e-01
8.843864851718743481e-01
8.975908026808716578e-01
8.865023204863433648e-01
8.933055185682526877e-01
8.879359273981979328e-01
8.958158823648464386e-01
8.905282846411362030e-01
8.919447461431976309e-01
8.889390970910912015e-01
8.899600204755852006e-01
8.937583554606838288e-01
8.919992006653963967e-01
8.913917697562744324e-01
8.910949794535618640e-01
8.967655591928272996e-01
8.944179041630624383e-01
8.877120446621559191e-01
8.908676526168753940e-01
8.940097423559248968e-01
8.866431532004834803e-01
8.880309342123970939e-01
8.886320831603681247e-01
8.877562196459657384e-01
8.853754831955952254e-01
8.948792541168199000e-01
8.850054794985661166e-01
8.857190425284947599e-01
8.762424195028108986e-01
8.816703377653349882e-01
8.930275139397639839e-01
8.824087664922967145e-01
8.921058439181523969e-01
8.937192155351445511e-01
8.880018424652924569e-01
8.894171501113065093e-01
8.912886109271781487e-01
8.902705086872777507e-01
8.876783320234421515e-01
