1.500000000000000000e+04
1.500512820512820508e+04
1.501025641025641016e+04
1.501538461538461524e+04
1.502051282051282033e+04
1.502564102564102541e+04
1.503076923076923049e+04
1.503589743589743557e+04
1.504102564102564065e+04
1.504615384615384573e+04
1.505128205128205082e+04
1.505641025641025590e+04
1.506153846153846098e+04
1.506666666666666606e+04
1.507179487179487114e+04
1.507692307692307622e+04
1.508205128205128131e+04
1.508717948717948639e+04
1.509230769230769147e+04
1.509743589743589655e+04
1.510256410256410345e+04
1.510769230769230853e+04
1.511282051282051361e+04
1.511794871794871869e+04
1.512307692307692378e+04
1.512820512820512886e+04
1.513333333333333394e+04
1.513846153846153902e+04
1.514358974358974410e+04
1.514871794871794918e+04
1.515384615384615427e+04
1.515897435897435935e+04
1.516410256410256443e+04
1.516923076923076951e+04
1.517435897435897459e+04
1.517948717948717967e+04
1.518461538461538476e+04
1.518974358974358984e+04
1.519487179487179492e+04
1.520000000000000000e+04
