9.554350618493366865e-01
9.515616684501518874e-01
9.406320259580661647e-01
9.503704224577654847e-01
9.503218135632498509e-01
9.493813556804304721e-01
9.557879962454390865e-01
9.495898809552498765e-01
9.572356278634738258e-01
9.511053878664249561e-01
9.513868306477361036e-01
9.434570710708796160e-01
9.501761575990981257e-01
9.507242886465884224e-01
9.549279110808595039e-01
9.466885545731585916e-01
9.490793276494702280e-01
9.476327064455895011e-01
9.472203618912821144e-01
9.512448870305332260e-01
9.551757371612478176e-01
9.490476033254469090e-01
9.427881830438532562e-01
9.546233287363601328e-01
9.435513510301445361e-01
9.409655538482112336e-01
9.549686347049909374e-01
9.491811240639421721e-01
9.501180634795030056e-01
9.553179276955368060e-01
9.543562658189003178e-01
9.498631371071813989e-01
9.446357910224756349e-01
9.496494479534336453e-01
9.552412697781340611e-01
9.623696593257728971e-01
9.407329026854446274e-01
9.565777647173799858e-01
9.489137256974299328e-01
9.584175049262191326e-01
