9.812851853730283347e-01
1.003837072018890275e+00
9.992077325305023239e-01
1.002764006493221505e+00
9.821313326879638206e-01
9.765185519120327395e-01
9.820483314154200283e-01
9.935585739149157547e-01
9.920623988429353446e-01
9.938077335284010161e-01
9.847511517747064014e-01
9.839661507627213144e-01
9.860821155184411602e-01
9.962771217497528031e-01
9.878376467260642224e-01
9.930169924478009502e-01
9.846130924162591613e-01
9.823983894662386973e-01
9.881769939129078084e-01
9.912225955090496754e-01
9.908897254859929671e-01
9.985213048835851479e-01
9.891864891864892151e-01
9.815932248246658220e-01
9.923843940306498190e-01
9.856735546522131797e-01
9.966567181312059320e-01
1.004954546130841786e+00
9.970143155711299610e-01
9.868802368802368497e-01
9.735088219987576563e-01
9.837657307142734231e-01
9.996387674746234353e-01
1.001331355319715399e+00
9.946214948798928202e-01
9.883038609193801616e-01
9.803669134213067737e-01
9.848682033748759057e-01
9.911101826706589790e-01
9.955529872870709784e-01
1.000540040117265939e+00
