2.000000000000000000e+04
2.000512820512820690e+04
2.001025641025641016e+04
2.001538461538461706e+04
2.002051282051282033e+04
2.002564102564102723e+04
2.003076923076923049e+04
2.003589743589743739e+04
2.004102564102564065e+04
2.004615384615384755e+04
2.005128205128205082e+04
2.005641025641025772e+04
2.006153846153846098e+04
2.006666666666666788e+04
2.007179487179487114e+04
2.007692307692307804e+04
2.008205128205128131e+04
2.008717948717948821e+04
2.009230769230769147e+04
2.009743589743589837e+04
2.010256410256410163e+04
2.010769230769230853e+04
2.011282051282051179e+04
2.011794871794871869e+04
2.012307692307692196e+04
2.012820512820512886e+04
2.013333333333333212e+04
2.013846153846153902e+04
2.014358974358974228e+04
2.014871794871794918e+04
2.015384615384615245e+04
2.015897435897435935e+04
2.016410256410256261e+04
2.016923076923076951e+04
2.017435897435897277e+04
2.017948717948717967e+04
2.018461538461538294e+04
2.018974358974358984e+04
2.019487179487179310e+04
2.020000000000000000e+04
