9.649714074492835580e-01
9.667979855413857404e-01
9.733096855128260394e-01
9.734526346888386916e-01
9.882822741665490129e-01
9.657090634561131814e-01
9.729043183742590584e-01
9.586675851647741275e-01
9.675890826383624077e-01
9.860520696612925517e-01
9.912310215754720488e-01
9.704858308930341959e-01
9.672537775350446010e-01
9.635557744397931224e-01
9.729009592231476766e-01
9.642044749576078599e-01
9.664790282304143165e-01
9.725718802489872195e-01
9.742882130016519149e-01
9.703350917284240262e-01
9.732414352321102635e-01
9.641878951378735074e-01
9.660248048129903564e-01
9.757487864322114124e-01
9.833191489361702287e-01
9.851934184149415685e-01
9.708789436739959644e-01
9.613196814562002812e-01
9.677112169194994618e-01
9.812364634486308024e-01
9.869462657924196192e-01
9.779952483312591704e-01
9.711852915370503547e-01
9.679560106181266388e-01
9.664735901466376955e-01
9.680179306480464207e-01
9.883516030848800149e-01
9.768655460164009652e-01
9.752573730541602703e-01
9.633561472748164434e-01
9.574978748937447159e-01
