9.307063043735238628e-01
9.210806547998123817e-01
9.417259862022481220e-01
9.425978678684796552e-01
9.280124567972471983e-01
9.319888434172362013e-01
9.408208296960228756e-01
9.403324760575793029e-01
9.309882139556624470e-01
9.333226392642476332e-01
9.330729229653131895e-01
9.388376945150676001e-01
9.340296622909201041e-01
9.379976649591632576e-01
9.326038674946346418e-01
9.401225096200693798e-01
9.385710423510269518e-01
9.381834979789123174e-01
9.317932951189636936e-01
9.351653833458747345e-01
9.407391366269142186e-01
9.271916503467059201e-01
9.371062385434910658e-01
9.248359136594554997e-01
9.405415780774880607e-01
9.372588873047159597e-01
9.279739167449256865e-01
9.366484025934667113e-01
9.338386424033158217e-01
9.363720567903369707e-01
9.371469111837364974e-01
9.396969595529779395e-01
9.314837199120992173e-01
9.346867163618460816e-01
9.443310207230138920e-01
9.372443645752526198e-01
9.312864427174980531e-01
9.363955098847556169e-01
9.383128035296773861e-01
9.353673274864202636e-01
