2.500000000000000000e+04
2.500512820512820690e+04
2.501025641025641016e+04
2.501538461538461706e+04
2.502051282051282033e+04
2.502564102564102723e+04
2.503076923076923049e+04
2.503589743589743739e+04
2.504102564102564065e+04
2.504615384615384755e+04
2.505128205128205082e+04
2.505641025641025772e+04
2.506153846153846098e+04
2.506666666666666788e+04
2.507179487179487114e+04
2.507692307692307804e+04
2.508205128205128131e+04
2.508717948717948821e+04
2.509230769230769147e+04
2.509743589743589837e+04
2.510256410256410163e+04
2.510769230769230853e+04
2.511282051282051179e+04
2.511794871794871869e+04
2.512307692307692196e+04
2.512820512820512886e+04
2.513333333333333212e+04
2.513846153846153902e+04
2.514358974358974228e+04
2.514871794871794918e+04
2.515384615384615245e+04
2.515897435897435935e+04
2.516410256410256261e+04
2.516923076923076951e+04
2.517435897435897277e+04
2.517948717948717967e+04
2.518461538461538294e+04
2.518974358974358984e+04
2.519487179487179310e+04
2.520000000000000000e+04
