9.301843740984552245e-01
9.227775680306682382e-01
9.232542469056992385e-01
9.100860046911649626e-01
9.263811258993916997e-01
9.278414051666581397e-01
9.250195261650612233e-01
9.301983144835364037e-01
9.172837730965561764e-01
9.291078619888981649e-01
9.242092178862320040e-01
9.102941566536696394e-01
9.356983884375084104e-01
9.338461030601128421e-01
9.243871891214886505e-01
9.145320284068826355e-01
9.224010708034457995e-01
9.214195908103782751e-01
9.225779988207244431e-01
9.342353778988760071e-01
9.299859322584136390e-01
9.115783610666294834e-01
9.234792017311853618e-01
9.165876540745546697e-01
9.292781650550933081e-01
9.189930722271760777e-01
9.266960798495588181e-01
9.216644557704392060e-01
9.202558886825270568e-01
9.167567567567567188e-01
9.277195332423172625e-01
9.193249376718021226e-01
9.180081855388813050e-01
9.259805276574832877e-01
9.214957186624420649e-01
9.197214771464954364e-01
9.263174858984689619e-01
9.141534627025101889e-01
9.264737482988324446e-01
9.114693626613840083e-01
9.245061492852739704e-01
