8.907356658362713953e-01
8.839317597895752776e-01
8.805352267746072714e-01
8.785628731449083295e-01
8.800532218704263387e-01
8.807591376238428360e-01
8.768344616451524409e-01
8.824495534660902196e-01
8.840134066829038462e-01
8.829024073578878307e-01
8.796877199403581038e-01
8.838312954627809415e-01
8.912740384420800854e-01
8.869309281659182309e-01
8.805686704036798096e-01
8.814537411384157917e-01
8.771920403938134880e-01
8.778237481145806376e-01
8.704112933014955811e-01
8.862279239206205528e-01
8.815212224859330092e-01
8.787592675674950060e-01
8.815942713040619827e-01
8.841366636689785841e-01
8.783028178980154532e-01
8.873142846740437184e-01
8.801681033878967497e-01
8.876450286080374008e-01
8.844773508628278602e-01
8.792900137943421290e-01
8.866711768362659507e-01
8.792226809764653872e-01
8.876122874352760928e-01
8.829729176008240810e-01
8.782792424865303316e-01
8.756898266408598142e-01
8.837107280871554504e-01
8.800301827245434749e-01
8.850523633327785911e-01
8.768989952400331189e-01
