8.913508900321007733e-01
8.804391707743047801e-01
8.741365690154866419e-01
8.783555719596478628e-01
8.737553288096354676e-01
8.754388724730172155e-01
8.765923049585522264e-01
8.832651254505835547e-01
8.724133997609245794e-01
8.757233633669309070e-01
8.747300339201672381e-01
8.797273731059056523e-01
8.694954124283955643e-01
8.837917261687914250e-01
8.727325838551841519e-01
8.720915248543851250e-01
8.709337496032442116e-01
8.763415661962739023e-01
8.670701647959981884e-01
8.651201414776906740e-01
8.734450211439631628e-01
8.719693279457061408e-01
8.778727811114618307e-01
8.811343252905696755e-01
8.853285428277658520e-01
8.768693092290459346e-01
8.753007986715275468e-01
8.659043337969066778e-01
8.816670910397861327e-01
8.795869777473382944e-01
8.788359190773823437e-01
8.777508622707186348e-01
8.659792847003230376e-01
8.779838718991815893e-01
8.767193898852216893e-01
8.708679701037463916e-01
8.683108068725731155e-01
8.685335416432146127e-01
8.753582084339209812e-01
8.744868740751973180e-01
