5.000000000000000000e+03
5.005128205128205082e+03
5.010256410256410163e+03
5.015384615384615245e+03
5.020512820512820326e+03
5.025641025641025408e+03
5.030769230769230489e+03
5.035897435897435571e+03
5.041025641025640653e+03
5.046153846153845734e+03
5.051282051282051725e+03
5.056410256410256807e+03
5.061538461538461888e+03
5.066666666666666970e+03
5.071794871794872051e+03
5.076923076923077133e+03
5.082051282051282215e+03
5.087179487179487296e+03
5.092307692307692378e+03
5.097435897435897459e+03
5.102564102564102541e+03
5.107692307692307622e+03
5.112820512820512704e+03
5.117948717948717785e+03
5.123076923076922867e+03
5.128205128205127949e+03
5.133333333333333030e+03
5.138461538461538112e+03
5.143589743589743193e+03
5.148717948717949184e+03
5.153846153846154266e+03
5.158974358974359347e+03
5.164102564102564429e+03
5.169230769230769511e+03
5.174358974358974592e+03
5.179487179487179674e+03
5.184615384615384755e+03
5.189743589743589837e+03
5.194871794871794918e+03
5.200000000000000000e+03
