8.817635270541082093e-01
9.653721682847896668e-01
9.219163578613023269e-01
9.584793744944729577e-01
9.542294004927457385e-01
9.707476805530289576e-01
9.565978493428547447e-01
9.427160493827160259e-01
9.188532452307364151e-01
9.161676646706586880e-01
9.316681235702196640e-01
9.526653642199274241e-01
9.581827568404749362e-01
9.460284946138229900e-01
9.485298204657884868e-01
9.229547553093259138e-01
9.131498360121043101e-01
9.287820570100974171e-01
9.436724072501220251e-01
9.622330779763886843e-01
9.441207094971046931e-01
9.312255421862999372e-01
9.189090176396241816e-01
9.179656514600896822e-01
9.368481080186162879e-01
9.457224951339326946e-01
9.679284086487688343e-01
9.470006567904838413e-01
9.513646098369057391e-01
9.171500046326322986e-01
9.160969317239473497e-01
9.320366809643544359e-01
9.447735734854459944e-01
9.742318759862619304e-01
9.376277553726313219e-01
9.321935616617721410e-01
9.090770983668818861e-01
9.054209673291819804e-01
9.373517937734261452e-01
9.371538411415911707e-01
9.479575454869781925e-01
