8.455524678722132759e-01
8.455471531640346150e-01
8.505842410420199062e-01
8.723110474746413878e-01
8.900819080046930010e-01
9.030651969909783139e-01
9.270614609786880234e-01
9.354597036967429169e-01
9.354426372121985578e-01
9.366452838012081505e-01
9.239664183333990977e-01
9.089520166129955170e-01
9.026614008833159231e-01
8.746147268405392028e-01
8.691623519847080370e-01
8.547434067918781020e-01
8.434994306903536021e-01
8.340812018868672961e-01
8.425546216215653583e-01
8.516504272802316589e-01
8.589613073479651639e-01
8.805644207657998823e-01
9.165275756530842921e-01
9.265441402172549523e-01
9.381900703785097662e-01
9.424318850121430335e-01
9.339755942894014673e-01
9.188244827952926075e-01
8.995393889263015863e-01
8.642915148304441963e-01
8.570990613682560877e-01
8.335017456775807299e-01
8.510950686211178340e-01
8.468464783376810079e-01
8.736057416902778261e-01
9.097645614030959171e-01
9.287921975722145396e-01
9.385871410051723762e-01
9.385164206970356693e-01
9.394686462797519066e-01
