7.500000000000000000e-01
9.234234234234234284e-01
8.600973236009732403e-01
9.142538975501113274e-01
8.830409356725146264e-01
9.002493765586034868e-01
9.004676440849342933e-01
9.111693020445160718e-01
9.108259539050603815e-01
9.371350412962281551e-01
9.513737140612340548e-01
9.661189692453895361e-01
9.785419570287164914e-01
9.866498503978210488e-01
9.826506950535257578e-01
9.695693822540043527e-01
9.498739294421638668e-01
9.198623814718469571e-01
9.198785721762796630e-01
8.930648344573557385e-01
9.030571655869985559e-01
9.058992728396887406e-01
9.136277807281524277e-01
9.344219293068397603e-01
9.757791215363147419e-01
9.741633084683757327e-01
9.934718714460838429e-01
9.915507455644988477e-01
9.776094965206713061e-01
9.550466944547036929e-01
9.346054542520574326e-01
9.158919145873321010e-01
8.977175245098039102e-01
8.944067345444866035e-01
9.071697067331843112e-01
9.170572308841378195e-01
9.414534999008526972e-01
9.683092647442488321e-01
9.793055996612681779e-01
9.958720869474344539e-01
9.898761873339468886e-01
