9.713267110013423800e-01
9.640976413117989807e-01
9.811780239445180296e-01
9.942625254751001895e-01
9.803830010656611194e-01
9.756099769974345692e-01
9.863943190859972843e-01
9.719070796508304522e-01
9.906713243788737300e-01
9.910851510441172074e-01
9.660503936172362138e-01
9.666994556997842158e-01
9.662346945354786110e-01
9.819467362798344201e-01
9.834255879904536535e-01
9.953171244566332287e-01
9.786548810682699218e-01
9.630754653774948881e-01
9.810303718089684599e-01
9.795203937751117973e-01
9.830971770535227305e-01
9.572602591891563595e-01
9.456421592616738314e-01
9.564868992514159451e-01
9.684229308387712898e-01
9.903417059381733889e-01
9.649071045696610005e-01
9.666601727575735437e-01
9.684890786774593696e-01
9.666991963170760149e-01
9.967019383409447819e-01
9.981847177065292787e-01
9.647359490845909269e-01
9.599005916144449646e-01
9.624465055610326170e-01
1.000564535423410506e+00
9.997263883443882060e-01
9.895081608679884289e-01
9.552221698545459994e-01
9.613135455818767605e-01
9.795413562365865578e-01
9.869835021627952898e-01
9.795449639820505983e-01
9.690073815466362372e-01
9.547142921296730700e-01
9.827350952143620866e-01
9.692156104303960573e-01
9.855626307576781375e-01
9.648690472706579202e-01
9.577580778890412150e-01
9.839567935363862095e-01
9.819937428930943790e-01
9.887106192262150595e-01
9.516860212571840449e-01
9.615275182935365539e-01
9.742659890378002618e-01
9.731202868913821913e-01
9.934879750952605448e-01
9.889161407884455857e-01
9.734096133767323744e-01
9.689727773096166175e-01
9.839138222987727778e-01
9.930353309590846944e-01
1.001911142487833528e+00
9.864486204905700273e-01
9.740066248061554077e-01
9.711094010824912193e-01
9.856533438246454226e-01
9.705464463823371135e-01
9.837959583099976646e-01
9.680977873351107599e-01
9.547047322136631431e-01
9.947841709230776930e-01
1.004209418425515032e+00
9.866902032822643109e-01
9.736630635682113066e-01
9.554025731872676230e-01
9.728863372977537560e-01
9.772381548946731389e-01
9.962853820418756667e-01
9.713982161066940790e-01
9.476140239708314983e-01
9.413498118961569627e-01
9.801701079590552368e-01
9.895975028398504847e-01
9.753962621777250153e-01
9.676048899139311210e-01
9.838878526248686640e-01
9.873504984484756664e-01
9.780449045685661869e-01
9.744016500180719964e-01
9.619585571930332479e-01
9.759769987795554602e-01
9.730656013451324249e-01
9.871417108087425785e-01
9.947233018586787434e-01
9.747182000205366625e-01
9.616007967885027430e-01
9.745431939662599907e-01
9.684144925222165634e-01
1.008059726106615983e+00
9.760924638572310297e-01
9.602068612003824555e-01
9.674455875584477837e-01
9.684967951693311816e-01
9.951237355452416944e-01
9.697163682162958098e-01
9.890893479191487092e-01
9.953967447407173763e-01
9.551986917105236286e-01
