1.000000000000000000e+04
1.000917431192660479e+04
1.001834862385321139e+04
1.002752293577981618e+04
1.003669724770642279e+04
1.004587155963302757e+04
1.005504587155963236e+04
1.006422018348623897e+04
1.007339449541284375e+04
1.008256880733945036e+04
1.009174311926605515e+04
1.010091743119265993e+04
1.011009174311926654e+04
1.011926605504587133e+04
1.012844036697247793e+04
1.013761467889908272e+04
1.014678899082568751e+04
1.015596330275229411e+04
1.016513761467889890e+04
1.017431192660550369e+04
1.018348623853211029e+04
1.019266055045871508e+04
1.020183486238532168e+04
1.021100917431192647e+04
1.022018348623853126e+04
1.022935779816513786e+04
1.023853211009174265e+04
1.024770642201834926e+04
1.025688073394495405e+04
1.026605504587155883e+04
1.027522935779816544e+04
1.028440366972477023e+04
1.029357798165137683e+04
1.030275229357798162e+04
1.031192660550458641e+04
1.032110091743119301e+04
1.033027522935779780e+04
1.033944954128440440e+04
1.034862385321100919e+04
1.035779816513761398e+04
1.036697247706422058e+04
1.037614678899082537e+04
1.038532110091743198e+04
1.039449541284403676e+04
1.040366972477064155e+04
1.041284403669724816e+04
1.042201834862385294e+04
1.043119266055045955e+04
1.044036697247706434e+04
1.044954128440366912e+04
1.045871559633027573e+04
1.046788990825688052e+04
1.047706422018348530e+04
1.048623853211009191e+04
1.049541284403669670e+04
1.050458715596330330e+04
1.051376146788990809e+04
1.052293577981651470e+04
1.053211009174311948e+04
1.054128440366972427e+04
1.055045871559633088e+04
1.055963302752293566e+04
1.056880733944954045e+04
1.057798165137614706e+04
1.058715596330275184e+04
1.059633027522935845e+04
1.060550458715596324e+04
1.061467889908256802e+04
1.062385321100917463e+04
1.063302752293577942e+04
1.064220183486238602e+04
1.065137614678899081e+04
1.066055045871559560e+04
1.066972477064220220e+04
1.067889908256880699e+04
1.068807339449541359e+04
1.069724770642201838e+04
1.070642201834862317e+04
1.071559633027522977e+04
1.072477064220183456e+04
1.073394495412844117e+04
1.074311926605504595e+04
1.075229357798165074e+04
1.076146788990825735e+04
1.077064220183486214e+04
1.077981651376146874e+04
1.078899082568807353e+04
1.079816513761467832e+04
1.080733944954128492e+04
1.081651376146788971e+04
1.082568807339449631e+04
1.083486238532110110e+04
1.084403669724770589e+04
1.085321100917431249e+04
1.086238532110091728e+04
1.087155963302752207e+04
1.088073394495412867e+04
1.088990825688073346e+04
1.089908256880734007e+04
1.090825688073394485e+04
1.091743119266054964e+04
1.092660550458715625e+04
1.093577981651376103e+04
1.094495412844036764e+04
1.095412844036697243e+04
1.096330275229357721e+04
1.097247706422018382e+04
1.098165137614678861e+04
1.099082568807339521e+04
1.100000000000000000e+04
