4.309038686159767032e-06
3.322402401279909816e-04
2.162700691510910164e-05
1.275651562174611375e-03
5.684348892432463524e-04
6.828632410360088039e-05
2.167765091125342615e-04
3.991359629143897774e-04
3.587410115437547620e-04
5.626639175308063135e-05
6.502408490819618938e-05
6.752551690129376906e-05
3.252117594794814211e-04
4.648571287603781715e-04
4.597085155891413787e-05
6.357330014765648352e-04
8.699764261380790731e-03
4.397849197681262534e-03
1.518829219411028377e-03
1.908130863226916070e-04
1.395247194312656134e-05
7.940264888287533853e-04
8.564782696782772761e-05
7.449298940052086714e-05
2.255955386018811235e-04
2.394412916091874131e-04
3.152855548404471337e-04
5.735002215181079962e-05
1.557115657800609042e-04
4.910204751537012137e-04
2.493053220984767010e-04
1.878418633007698327e-05
1.652046870413260786e-04
5.479927390672448571e-05
5.762613670843966295e-04
1.576439404824468661e-04
2.273572012781866619e-04
3.950740808882197662e-04
2.937607162456803934e-04
9.566007143790095974e-06
1.187034809283976631e-05
2.876794365658205980e-04
2.059468294053888140e-05
1.136491898364886806e-05
