9.273655837707476257e-01
9.478499542543458167e-01
9.296976592977893583e-01
9.560739940245375212e-01
9.687382533517102656e-01
9.629782955822343560e-01
9.378929431811504625e-01
9.339514720934433134e-01
9.464895635673624685e-01
9.586197865514306526e-01
9.566510079086638640e-01
9.551703526598923633e-01
9.518969388961115996e-01
9.309705814222839493e-01
9.519630214732900386e-01
9.591764497669753586e-01
9.682641243841576539e-01
9.378086820899401710e-01
9.311646297627605984e-01
9.245665912912390816e-01
9.482708683311127373e-01
9.595714454836036245e-01
9.243776420854861176e-01
9.131703331971756654e-01
9.017314262551392456e-01
9.522389994167584915e-01
9.635869900635685159e-01
9.415492957746478542e-01
9.243905382573014418e-01
9.187315889793796764e-01
9.550090331604406124e-01
9.838103322823187336e-01
9.457780458383594491e-01
9.320426195426195770e-01
9.347988541536929041e-01
9.475969545562693552e-01
9.632201494733125813e-01
9.773616214294180704e-01
9.499674344247734936e-01
9.180434269530327596e-01
9.414959560776905434e-01
9.603775853775853300e-01
9.687148620940538857e-01
9.318113366664658725e-01
9.130588651645629161e-01
9.368559003991183687e-01
9.430343069077422591e-01
9.477268758367775048e-01
9.403108563323681057e-01
9.244024786072587707e-01
9.232649071358748349e-01
9.660135135135134998e-01
9.658565500889152444e-01
9.290247452692868002e-01
9.432624113475177596e-01
9.287011541390824965e-01
9.462593442815939726e-01
9.571190674437968227e-01
9.607643959113707499e-01
9.402437426287511002e-01
9.259498502554466270e-01
9.610420227500442447e-01
9.503850449709011494e-01
9.758078967803596182e-01
9.544370229007633766e-01
9.348033373063170393e-01
9.493487698986975420e-01
9.517965023847376749e-01
9.377948845294263869e-01
9.436349463332733833e-01
9.239851964988544664e-01
9.454266855256954205e-01
9.641384995877988473e-01
9.619422572178477626e-01
9.603051615210395076e-01
9.397188467953300206e-01
9.318196994991653215e-01
9.387905152870534842e-01
9.514862428014658757e-01
9.737450364487643117e-01
9.342548289916711157e-01
9.192972181551976041e-01
9.250277566762110659e-01
9.488078958320946832e-01
9.708945260347129347e-01
9.367134780229801061e-01
9.407976366322008399e-01
9.371233793901028175e-01
9.577124683432475249e-01
9.456662354463131193e-01
9.508312283381307184e-01
9.493701404375866071e-01
9.419728053435114656e-01
9.459601259181531496e-01
9.631124977060010472e-01
9.658264663111972848e-01
9.320456132185245268e-01
9.268392450184070874e-01
9.363471335714703692e-01
9.726713320463320489e-01
9.559168925022583085e-01
9.598890692640692501e-01
9.192887281494875884e-01
9.442153493699885214e-01
9.576067348165965276e-01
9.576713159490600757e-01
9.528857479387514706e-01
9.474535650089873640e-01
9.307970273402876860e-01
9.543650793650794162e-01
1.027472527472527375e+00
