1.672470698563461442e-05
3.200845385015962268e-04
6.354701650191132143e-05
1.106959682925194284e-03
1.397267062479223777e-04
1.493408725526353897e-05
6.571270425564707971e-04
5.304747221354607668e-04
2.866796044385313283e-05
1.091107152903560568e-04
1.117785531651997077e-04
3.949842594892478227e-04
5.193126113091501824e-04
1.322734052587279147e-04
9.440849102106011002e-04
7.187760974428045483e-04
7.743997184239859340e-03
4.983704686099550940e-05
8.251973180742105864e-04
5.306145724361873990e-05
1.668326629109016053e-04
2.473350260057509409e-04
1.663990042707830109e-05
3.151112935684944640e-04
2.901105386471902726e-04
1.460732041784885888e-05
1.302610309892766340e-04
8.308227336720634860e-06
1.707628748529402838e-04
1.989074729055147813e-04
8.573128121410030151e-05
1.621858062385921030e-04
4.473973197954513735e-06
1.143947619125158831e-05
5.715762962661668362e-04
4.456907061469677191e-04
1.661729376170990069e-05
2.075744320850486438e-05
2.501009164074515043e-04
3.126735432518353008e-05
1.343613666354246804e-04
6.258457212609978761e-05
2.056824768171177178e-04
