1.500000000000000000e+04
1.500917431192660479e+04
1.501834862385321139e+04
1.502752293577981618e+04
1.503669724770642279e+04
1.504587155963302757e+04
1.505504587155963236e+04
1.506422018348623897e+04
1.507339449541284375e+04
1.508256880733945036e+04
1.509174311926605515e+04
1.510091743119265993e+04
1.511009174311926654e+04
1.511926605504587133e+04
1.512844036697247793e+04
1.513761467889908272e+04
1.514678899082568751e+04
1.515596330275229411e+04
1.516513761467889890e+04
1.517431192660550369e+04
1.518348623853211029e+04
1.519266055045871508e+04
1.520183486238532168e+04
1.521100917431192647e+04
1.522018348623853126e+04
1.522935779816513786e+04
1.523853211009174265e+04
1.524770642201834926e+04
1.525688073394495405e+04
1.526605504587155883e+04
1.527522935779816544e+04
1.528440366972477023e+04
1.529357798165137683e+04
1.530275229357798162e+04
1.531192660550458641e+04
1.532110091743119301e+04
1.533027522935779780e+04
1.533944954128440440e+04
1.534862385321100919e+04
1.535779816513761398e+04
1.536697247706422058e+04
1.537614678899082537e+04
1.538532110091743198e+04
1.539449541284403676e+04
1.540366972477064155e+04
1.541284403669724816e+04
1.542201834862385294e+04
1.543119266055045955e+04
1.544036697247706434e+04
1.544954128440366912e+04
1.545871559633027573e+04
1.546788990825688052e+04
1.547706422018348530e+04
1.548623853211009191e+04
1.549541284403669670e+04
1.550458715596330330e+04
1.551376146788990809e+04
1.552293577981651470e+04
1.553211009174311948e+04
1.554128440366972427e+04
1.555045871559633088e+04
1.555963302752293566e+04
1.556880733944954045e+04
1.557798165137614706e+04
1.558715596330275184e+04
1.559633027522935845e+04
1.560550458715596324e+04
1.561467889908256802e+04
1.562385321100917463e+04
1.563302752293577942e+04
1.564220183486238602e+04
1.565137614678899081e+04
1.566055045871559560e+04
1.566972477064220220e+04
1.567889908256880699e+04
1.568807339449541359e+04
1.569724770642201838e+04
1.570642201834862317e+04
1.571559633027522977e+04
1.572477064220183456e+04
1.573394495412844117e+04
1.574311926605504595e+04
1.575229357798165074e+04
1.576146788990825735e+04
1.577064220183486214e+04
1.577981651376146874e+04
1.578899082568807353e+04
1.579816513761467832e+04
1.580733944954128492e+04
1.581651376146788971e+04
1.582568807339449631e+04
1.583486238532110110e+04
1.584403669724770589e+04
1.585321100917431249e+04
1.586238532110091728e+04
1.587155963302752207e+04
1.588073394495412867e+04
1.588990825688073346e+04
1.589908256880734007e+04
1.590825688073394485e+04
1.591743119266054964e+04
1.592660550458715625e+04
1.593577981651376103e+04
1.594495412844036764e+04
1.595412844036697243e+04
1.596330275229357721e+04
1.597247706422018382e+04
1.598165137614678861e+04
1.599082568807339521e+04
1.600000000000000000e+04
