4.572495212587993340e-05
6.797718201716189824e-05
1.440659636084236828e-04
2.473733928120362669e-05
2.794175406539031693e-04
4.701026822318830401e-04
6.295456906392852539e-04
1.248371940381365081e-04
1.728191567415940353e-05
6.510748690810000579e-05
2.644288782565554089e-04
2.611156212523365445e-04
9.351325145048612186e-04
4.073878705680238055e-04
8.259638025949281868e-05
2.090150481040525918e-04
4.931349817235078023e-03
1.418402433179354451e-04
4.307605184167549614e-05
4.888724140288985181e-04
1.422352492728158396e-03
8.418896140813005556e-05
6.227819934647396043e-04
5.099590411874236305e-04
2.838228136850552482e-05
1.730352447692221291e-04
2.494480581928016933e-04
2.341459493815997180e-05
1.880979976745428858e-04
2.717566803489447212e-04
2.235994517308088718e-04
4.367482228787568322e-04
7.429153585357785483e-06
6.708559646105548844e-04
1.465406891912130743e-05
2.620182559431879056e-04
2.911855737851259777e-04
3.571220304345674914e-04
1.291576282090577583e-05
1.084526229956591411e-04
2.716548310598350152e-04
5.132116303109751832e-05
2.847863265193627431e-04
