9.447236180904522440e-01
9.331783135479133628e-01
9.288936463032342328e-01
9.498203366324150521e-01
9.636654614427123677e-01
9.305308158175988886e-01
9.368734932115213576e-01
9.285891703924490370e-01
9.408908338828607665e-01
9.571496212121212155e-01
9.703342536568172472e-01
9.352786693901371518e-01
9.282569898869720282e-01
9.439502332814929675e-01
9.720226843100189251e-01
9.596228239845261410e-01
9.296566574949156614e-01
9.334126747991668971e-01
9.540807280893564002e-01
9.524940617577196678e-01
9.479990556014638026e-01
9.525040581975591225e-01
9.189475653095579011e-01
9.280770198842184238e-01
9.508814589665653960e-01
9.619792288408738345e-01
9.517257739295457153e-01
9.273342033455925781e-01
9.209163939303778301e-01
9.336342850442633789e-01
9.657128912207918470e-01
9.383715139442231346e-01
9.326135517498138627e-01
9.360240963855421814e-01
9.358114126239533981e-01
9.674415810656574743e-01
9.677476310988170072e-01
9.468566942448215507e-01
9.283272283272283598e-01
9.441824407261451002e-01
9.580672888015716593e-01
9.566714150047483933e-01
9.522241513500568910e-01
9.140675477239353919e-01
9.217325227963525380e-01
9.291912530371398971e-01
9.461428230236446080e-01
9.435796468344305188e-01
9.229073502550859676e-01
9.284933835134150382e-01
9.578074074074074407e-01
9.790121980387467282e-01
9.632616487455196719e-01
9.484505004220427082e-01
9.209218796767434378e-01
9.390597079302482886e-01
9.672787343541521254e-01
9.506726457399102825e-01
9.390501478486512621e-01
9.248010299625467612e-01
9.195516375737053938e-01
9.639070875521144055e-01
9.357386465625561200e-01
9.275081689459033774e-01
9.078955607037756392e-01
9.588765035581585661e-01
9.689977940738091489e-01
9.543989215169098594e-01
9.216291634506916797e-01
9.216069104248018062e-01
9.255914229110826508e-01
9.449230586417919353e-01
9.613437075460047332e-01
9.506514760496003191e-01
9.249262174126906544e-01
9.266104112193962461e-01
9.593218308171579389e-01
9.440653251676873747e-01
9.497176820208024228e-01
9.350758853288364536e-01
9.251232726608632495e-01
9.365089473349041960e-01
9.703510730678576168e-01
9.670732440064891966e-01
9.068524970963995901e-01
9.335870146857720986e-01
9.355292462782792695e-01
9.648183090875890322e-01
9.351344917876696083e-01
9.365236184007409426e-01
9.429570747217805859e-01
9.474918801876578422e-01
9.704077950198484181e-01
9.639236732259988116e-01
9.309353362281422850e-01
9.395957051166696772e-01
9.547087112680343601e-01
9.757364586632879533e-01
9.432795200098966770e-01
9.419008717917454199e-01
9.262005649717514055e-01
9.190645352279455116e-01
9.313141923436041303e-01
9.516407599309153476e-01
9.328264383643656288e-01
9.226529487415028319e-01
9.358505617230605811e-01
9.450698904420098412e-01
9.756607124203489079e-01
9.243921987710392862e-01
9.617940199335548446e-01
