9.608063084253792852e-01
9.760922030183882825e-01
9.810305922667685863e-01
9.696922083227365041e-01
9.775228227984393836e-01
9.536785751964376168e-01
9.742326755064782962e-01
9.916814314619383230e-01
9.817796351062372251e-01
9.791445871467012729e-01
9.779848486643230032e-01
9.591946040492107528e-01
9.791735217112920164e-01
9.910423782872779253e-01
9.792783009499066438e-01
9.706774415965456759e-01
9.668526133738983841e-01
9.748784602434940050e-01
9.865459585719876801e-01
9.829336172307991948e-01
9.757490693762470579e-01
9.558073735149811290e-01
9.495575676572974855e-01
9.934273299746163577e-01
9.897266517025491428e-01
9.847449711711393494e-01
9.549152430912347667e-01
9.461366437126483842e-01
9.906073586255124130e-01
9.628761085494134120e-01
9.715533832698902694e-01
9.770046464743311621e-01
9.757852507278238496e-01
9.763228648506920848e-01
9.591872096159963501e-01
9.826292949382917641e-01
9.890429341076807379e-01
9.666402337872996853e-01
9.547950694945780414e-01
9.685485650466651997e-01
9.899355690516888906e-01
9.612310663080703144e-01
9.644501614616842744e-01
9.480226815102728022e-01
9.887912778081640042e-01
9.723096630117284978e-01
9.783535925970296976e-01
9.601212433211561148e-01
9.570791097509139256e-01
9.690859129783137016e-01
9.989002676972859041e-01
1.005314710919431365e+00
9.812444044594691439e-01
9.650879490951788098e-01
9.718557970733577855e-01
9.598341271472824454e-01
9.815987911881638439e-01
9.795908213626243199e-01
9.618385152229723678e-01
9.600708875199410741e-01
9.615136908111320269e-01
9.704089221002321075e-01
9.703136508627616674e-01
9.617983037276377489e-01
9.613987671493897658e-01
9.778154543253463338e-01
9.978771625073143969e-01
9.906738550113833863e-01
9.735328123808806300e-01
9.636267350768151774e-01
9.607830728227103601e-01
9.677691197671323131e-01
9.868475629035690089e-01
9.632474522385845450e-01
9.805447558597275570e-01
9.481184520571449559e-01
9.554080472259197654e-01
9.859600865146752602e-01
9.719062963853215553e-01
9.646465924382430224e-01
9.724386485596331342e-01
9.576582894898001408e-01
9.778922842003408000e-01
9.929362592489993089e-01
9.507537070033946769e-01
9.471117908138942942e-01
9.659625951803283428e-01
9.841113137166287439e-01
9.704857994950560895e-01
9.624887209105145169e-01
9.723311501720535155e-01
9.853590650438898146e-01
9.649891525883226295e-01
9.931525006133473665e-01
9.758508845024621570e-01
9.789863656138604320e-01
9.710002361752909650e-01
9.714220378978566384e-01
1.009248923815772470e+00
9.828739982633568628e-01
9.771546098473669062e-01
9.397754716669238784e-01
9.746347684437030034e-01
9.707185274885352655e-01
9.715311149758615317e-01
9.748163356687025161e-01
9.609168231777610591e-01
9.632834553672295907e-01
9.781582492625273684e-01
9.794869197190232413e-01
