6.888653609115840781e-05
1.000569615321211147e-04
1.394329079152201265e-04
9.455618310612200130e-06
4.486711921509252041e-04
6.578672238081182191e-04
8.773786365706446677e-04
3.090434949175782219e-04
9.306503847058147461e-05
4.915862939948945564e-05
2.593832410914014204e-04
7.575935036283366073e-04
6.487139564223004691e-05
2.970125627144731438e-04
1.989360696473676266e-05
8.885661974155987641e-04
4.852078570802171274e-03
9.214496110124191855e-03
1.464415290043836766e-04
2.635932232284603563e-04
4.226777102366165812e-04
3.640257960094194292e-04
2.191743622015288277e-06
6.516259616350752765e-06
4.926009025535006258e-04
3.318252515731481118e-04
4.375238402955429376e-04
4.065099305140668887e-05
1.680694504913288851e-04
1.259197484435140588e-04
4.723077688679259674e-04
7.211473625825952675e-06
9.621168149867780712e-05
7.664892983804549734e-05
1.982142172243053530e-05
1.256146527827227269e-04
5.826775212589191443e-04
8.945220742163513517e-05
3.557026548978981764e-04
4.047467012065779812e-04
2.684833252034386926e-04
8.303093784683415138e-05
1.360410938564710103e-04
1.348939589507743356e-04
