2.000000000000000000e+04
2.000917431192660661e+04
2.001834862385320957e+04
2.002752293577981618e+04
2.003669724770642279e+04
2.004587155963302575e+04
2.005504587155963236e+04
2.006422018348623897e+04
2.007339449541284557e+04
2.008256880733944854e+04
2.009174311926605515e+04
2.010091743119266175e+04
2.011009174311926472e+04
2.011926605504587133e+04
2.012844036697247793e+04
2.013761467889908090e+04
2.014678899082568751e+04
2.015596330275229411e+04
2.016513761467890072e+04
2.017431192660550369e+04
2.018348623853211029e+04
2.019266055045871690e+04
2.020183486238531987e+04
2.021100917431192647e+04
2.022018348623853308e+04
2.022935779816513605e+04
2.023853211009174265e+04
2.024770642201834926e+04
2.025688073394495586e+04
2.026605504587155883e+04
2.027522935779816544e+04
2.028440366972477204e+04
2.029357798165137501e+04
2.030275229357798162e+04
2.031192660550458822e+04
2.032110091743119119e+04
2.033027522935779780e+04
2.033944954128440440e+04
2.034862385321100737e+04
2.035779816513761398e+04
2.036697247706422058e+04
2.037614678899082719e+04
2.038532110091743016e+04
2.039449541284403676e+04
2.040366972477064337e+04
2.041284403669724634e+04
2.042201834862385294e+04
2.043119266055045955e+04
2.044036697247706252e+04
2.044954128440366912e+04
2.045871559633027573e+04
2.046788990825688234e+04
2.047706422018348530e+04
2.048623853211009191e+04
2.049541284403669852e+04
2.050458715596330148e+04
2.051376146788990809e+04
2.052293577981651470e+04
2.053211009174311766e+04
2.054128440366972427e+04
2.055045871559633088e+04
2.055963302752293748e+04
2.056880733944954045e+04
2.057798165137614706e+04
2.058715596330275366e+04
2.059633027522935663e+04
2.060550458715596324e+04
2.061467889908256984e+04
2.062385321100917281e+04
2.063302752293577942e+04
2.064220183486238602e+04
2.065137614678899263e+04
2.066055045871559560e+04
2.066972477064220220e+04
2.067889908256880881e+04
2.068807339449541178e+04
2.069724770642201838e+04
2.070642201834862499e+04
2.071559633027522796e+04
2.072477064220183456e+04
2.073394495412844117e+04
2.074311926605504414e+04
2.075229357798165074e+04
2.076146788990825735e+04
2.077064220183486395e+04
2.077981651376146692e+04
2.078899082568807353e+04
2.079816513761468013e+04
2.080733944954128310e+04
2.081651376146788971e+04
2.082568807339449631e+04
2.083486238532109928e+04
2.084403669724770589e+04
2.085321100917431249e+04
2.086238532110091910e+04
2.087155963302752207e+04
2.088073394495412867e+04
2.088990825688073528e+04
2.089908256880733825e+04
2.090825688073394485e+04
2.091743119266055146e+04
2.092660550458715443e+04
2.093577981651376103e+04
2.094495412844036764e+04
2.095412844036697061e+04
2.096330275229357721e+04
2.097247706422018382e+04
2.098165137614679043e+04
2.099082568807339339e+04
2.100000000000000000e+04
