7.404501848313956928e-06
2.809500857767389817e-04
5.813308767932279224e-06
2.375793931674063161e-04
1.021695603603787417e-05
3.464138444943585626e-04
9.130215504848429022e-04
4.213239719172580237e-04
1.084444597774916535e-04
9.705843784354732215e-06
8.746543293535789603e-05
1.470648491976816631e-05
8.518692877689326508e-05
1.589946030325896321e-04
2.204203975289127965e-05
4.705834957497684974e-04
1.558365877932021222e-04
1.573104750975927359e-03
6.055948597614050168e-05
1.023764101141324027e-04
1.513926376043152149e-04
2.963948578692041764e-04
3.610649446836794517e-04
3.308712668212426692e-04
1.273279291371207636e-05
2.125965881540793222e-04
2.401729564222417285e-04
4.608619848518386085e-04
2.596515216804015256e-04
2.882429101283229489e-05
5.120663427023668503e-04
1.448362938930600012e-04
1.422255812550292711e-05
4.497193010151837348e-05
2.460838729804547655e-04
2.892824193076447303e-04
1.349982812066656437e-04
1.730629494535575544e-04
2.529840912498592742e-04
2.586835449081497469e-04
1.183136206599550886e-04
6.854546157086799504e-05
9.011765648012788588e-05
1.534051526661287749e-04
