1.154320987654321007e+00
1.018779342723004744e+00
9.404255319148936421e-01
8.928571428571429047e-01
8.910256410256410797e-01
9.354838709677418818e-01
9.568870523415977658e-01
9.598445595854921963e-01
9.434133091896785839e-01
9.563247011952191734e-01
9.363179074446680294e-01
9.707103943038999372e-01
9.524739583333333703e-01
9.673326133909286861e-01
9.545989934682513889e-01
9.533739706983210827e-01
9.677980852915578636e-01
9.401718941846187727e-01
9.463143722652305190e-01
9.366388135687012673e-01
9.416474717560601171e-01
9.669591292758773493e-01
9.483010892537798719e-01
9.384968380995019066e-01
9.547923602593306747e-01
9.421968552403334751e-01
9.582730610882386202e-01
9.627356911748298218e-01
9.506859882087167479e-01
9.342331684233168287e-01
9.559648158328751810e-01
9.488950276243094395e-01
9.553482949577383199e-01
9.380781683626272516e-01
9.413905276506588926e-01
9.501108647450110523e-01
9.687362395420520134e-01
9.569490966997967751e-01
9.575865523767115306e-01
9.521685806667410379e-01
9.368897776732149074e-01
9.541373039327120109e-01
9.750360334390314465e-01
9.594827107731587201e-01
9.319768385735158756e-01
9.468178815238934565e-01
9.671628477448849237e-01
9.613601236476043699e-01
9.581973669404748595e-01
9.492278895648105230e-01
9.571628819736472948e-01
9.605403884041654461e-01
9.697020143166306116e-01
9.449273767605633756e-01
9.612931847169079447e-01
9.561785519869352434e-01
9.430894308943089666e-01
9.279392451321875068e-01
9.571081268812224874e-01
9.566095986528206918e-01
9.345594290419984018e-01
9.595982142857142350e-01
9.586576143953192686e-01
9.590568654646324243e-01
9.473204624409135022e-01
9.727959400448483729e-01
9.593578655813690403e-01
9.680232558139535426e-01
9.622102788041653199e-01
9.434863796133567959e-01
9.552462289263531359e-01
9.424626006904487374e-01
9.562343793390725155e-01
9.481865284974093644e-01
9.412109146270054572e-01
9.490559713998435454e-01
9.476063980105126072e-01
9.700406228842247680e-01
9.568908122503329006e-01
9.607929758683527721e-01
9.568649249583102145e-01
9.544926863245878357e-01
9.685085460079606579e-01
9.358682999833711769e-01
9.441549179878215847e-01
9.394600490864466469e-01
9.349874027823419365e-01
9.553243909115795018e-01
9.578100903282661394e-01
9.378322421800682207e-01
9.555542368858295221e-01
9.363310561093067808e-01
9.606585296622196513e-01
9.613845199842155909e-01
9.512371823450735953e-01
9.441512752858399748e-01
9.783925917457414467e-01
9.442108214185590542e-01
9.592430029071424835e-01
9.550930343511450094e-01
9.431755183501496775e-01
9.434942991281018987e-01
9.714157101057844246e-01
9.624716741281158505e-01
9.404962389132143219e-01
9.486080178173719180e-01
9.631101358163810522e-01
9.449105309474918890e-01
9.827858773932900416e-01
9.516509433962264675e-01
9.732829237555135071e-01
