9.703479837316740797e-01
9.774696498495756281e-01
9.776908628340744700e-01
9.698042280783197855e-01
9.832189929141836870e-01
9.856366145605707230e-01
9.922322902114235621e-01
9.730902978931472713e-01
9.759991278810954407e-01
9.772988251853356179e-01
9.764019748025842826e-01
9.786897086749876129e-01
9.569700051418444930e-01
9.658427446941151295e-01
9.868880735959125738e-01
9.698585394214611632e-01
9.695155578856677892e-01
9.679795310064077674e-01
9.855255795808632868e-01
9.659982530854941407e-01
9.910596230504193915e-01
9.792519823601401052e-01
9.762968603418268332e-01
9.810183066775247651e-01
9.702975225027707928e-01
9.734002500607764619e-01
9.883963752144863113e-01
9.746586608532680218e-01
9.751537469081797971e-01
9.688527392044793407e-01
9.814365324595997198e-01
9.592291718580019388e-01
9.876140982057631801e-01
9.889402946930195837e-01
9.856542257329758971e-01
9.789037135752916008e-01
9.755887146423046774e-01
9.841719162458689718e-01
9.893944832917491716e-01
9.967648047697380553e-01
9.696976675970787607e-01
9.697916278235988452e-01
9.958465757799338514e-01
9.711492341091632063e-01
9.913203413945297360e-01
9.843823221748657648e-01
9.743384679700974882e-01
9.827737090956633059e-01
9.926487665231278346e-01
9.880250045055749553e-01
9.834153398692944137e-01
9.690334989025278789e-01
9.731490287995594457e-01
9.717595227322581852e-01
9.797050800519937486e-01
9.878472085733466246e-01
9.775979688022332637e-01
9.776482813902254154e-01
9.658829138264806158e-01
9.801496173952002344e-01
9.848929403284938378e-01
9.833647063124394405e-01
9.993887651735288147e-01
9.780608345776080625e-01
9.835181044954642848e-01
9.782775184066168084e-01
9.785080835482022898e-01
9.925608883005071492e-01
9.648490211572408048e-01
9.900856539145862500e-01
9.613605414332004884e-01
9.834909637329820598e-01
9.708807498063921626e-01
9.780015508957189407e-01
9.885873163080011183e-01
9.682777245828719792e-01
9.955812603961661233e-01
9.840694690308863235e-01
1.001027853742159968e+00
9.999738984273003339e-01
9.903807687569639029e-01
9.505673480781877682e-01
9.733163271536660055e-01
9.738582616945926640e-01
9.822295060244184972e-01
9.709376610413369413e-01
9.848966614092274918e-01
9.730202243879949586e-01
9.775816231414922175e-01
9.679774538683262319e-01
9.922469365887940373e-01
9.769599719895957213e-01
9.713148283802379712e-01
9.908912303069528082e-01
9.767917845999387616e-01
9.883358508347301896e-01
9.856521808035535459e-01
9.893896387838545525e-01
9.683331533868068108e-01
9.828162084654772368e-01
9.874845497777102743e-01
9.733772004522222021e-01
9.850757050835345918e-01
9.616791662301691357e-01
9.897927449741799055e-01
9.920610175911194206e-01
1.005754725436098784e+00
9.907856667929615391e-01
9.651731887066163917e-01
9.906011821319822275e-01
