1.544279090904807815e-05
1.169328981542095726e-04
6.547992529372315335e-05
1.370428652587857158e-04
1.197058141211779767e-04
2.272345955788293776e-04
6.874857868309415965e-04
4.284464453589171819e-05
1.824725992698495206e-04
7.379075194604314781e-05
1.039225753438545479e-04
2.339313153493112734e-04
2.436186298360425303e-04
1.063108543417938333e-04
3.393585759636430434e-04
9.442749988478277377e-04
4.810861990583185428e-05
2.061736075010915930e-04
7.743236997808781882e-06
1.237548873413187034e-04
2.173821429184644674e-06
1.804551439987586020e-04
6.945134186210341414e-05
5.093548110337780486e-05
1.219123804142359949e-04
1.845904138846486871e-04
7.468466269165960097e-06
3.554709089251245472e-04
1.544595930055058040e-04
2.332376525928719566e-04
5.561964699347126024e-05
3.475684646487480698e-05
1.557304948376572881e-04
7.883793410632575465e-05
1.694611535936638386e-04
8.681888498213194243e-04
6.275762002959260546e-05
5.747871337011949697e-04
1.585184145416821658e-04
1.524414819035822919e-04
3.302686357440164479e-04
4.698993876807458720e-04
1.225612950390208102e-04
