2.500000000000000000e+04
2.500917431192660661e+04
2.501834862385320957e+04
2.502752293577981618e+04
2.503669724770642279e+04
2.504587155963302575e+04
2.505504587155963236e+04
2.506422018348623897e+04
2.507339449541284557e+04
2.508256880733944854e+04
2.509174311926605515e+04
2.510091743119266175e+04
2.511009174311926472e+04
2.511926605504587133e+04
2.512844036697247793e+04
2.513761467889908090e+04
2.514678899082568751e+04
2.515596330275229411e+04
2.516513761467890072e+04
2.517431192660550369e+04
2.518348623853211029e+04
2.519266055045871690e+04
2.520183486238531987e+04
2.521100917431192647e+04
2.522018348623853308e+04
2.522935779816513605e+04
2.523853211009174265e+04
2.524770642201834926e+04
2.525688073394495586e+04
2.526605504587155883e+04
2.527522935779816544e+04
2.528440366972477204e+04
2.529357798165137501e+04
2.530275229357798162e+04
2.531192660550458822e+04
2.532110091743119119e+04
2.533027522935779780e+04
2.533944954128440440e+04
2.534862385321100737e+04
2.535779816513761398e+04
2.536697247706422058e+04
2.537614678899082719e+04
2.538532110091743016e+04
2.539449541284403676e+04
2.540366972477064337e+04
2.541284403669724634e+04
2.542201834862385294e+04
2.543119266055045955e+04
2.544036697247706252e+04
2.544954128440366912e+04
2.545871559633027573e+04
2.546788990825688234e+04
2.547706422018348530e+04
2.548623853211009191e+04
2.549541284403669852e+04
2.550458715596330148e+04
2.551376146788990809e+04
2.552293577981651470e+04
2.553211009174311766e+04
2.554128440366972427e+04
2.555045871559633088e+04
2.555963302752293748e+04
2.556880733944954045e+04
2.557798165137614706e+04
2.558715596330275366e+04
2.559633027522935663e+04
2.560550458715596324e+04
2.561467889908256984e+04
2.562385321100917281e+04
2.563302752293577942e+04
2.564220183486238602e+04
2.565137614678899263e+04
2.566055045871559560e+04
2.566972477064220220e+04
2.567889908256880881e+04
2.568807339449541178e+04
2.569724770642201838e+04
2.570642201834862499e+04
2.571559633027522796e+04
2.572477064220183456e+04
2.573394495412844117e+04
2.574311926605504414e+04
2.575229357798165074e+04
2.576146788990825735e+04
2.577064220183486395e+04
2.577981651376146692e+04
2.578899082568807353e+04
2.579816513761468013e+04
2.580733944954128310e+04
2.581651376146788971e+04
2.582568807339449631e+04
2.583486238532109928e+04
2.584403669724770589e+04
2.585321100917431249e+04
2.586238532110091910e+04
2.587155963302752207e+04
2.588073394495412867e+04
2.588990825688073528e+04
2.589908256880733825e+04
2.590825688073394485e+04
2.591743119266055146e+04
2.592660550458715443e+04
2.593577981651376103e+04
2.594495412844036764e+04
2.595412844036697061e+04
2.596330275229357721e+04
2.597247706422018382e+04
2.598165137614679043e+04
2.599082568807339339e+04
2.600000000000000000e+04
