2.585303055575805260e-05
5.615225592461560661e-04
1.771776701377744429e-04
5.817848237449208112e-04
1.017160385279482919e-06
1.558215988219534742e-04
6.527529996566763533e-05
3.304465687887618721e-05
1.653287343792162248e-05
1.543099828325520946e-04
1.865861600076519430e-05
8.423713377422503614e-04
7.631095510988670767e-05
6.960081547673813325e-04
2.550005897164598192e-04
1.165319248538745683e-04
3.518836897716330321e-04
3.918935744042696830e-05
1.426378280789749209e-04
3.148084255187042825e-04
2.334145463300823955e-04
1.540216133173750849e-04
1.422555289276064450e-05
1.505728629672197590e-04
2.399087406685662682e-04
1.940372591599120490e-04
8.097028950984790072e-06
6.309227304287185281e-05
5.384334330802795915e-04
1.087369007844870373e-04
3.273692252509214468e-05
1.279748797115807029e-05
2.662915775009475862e-06
4.102362790561906651e-04
4.864816869079801184e-06
1.268367177478710555e-04
1.017667788182240380e-04
4.633765930362269947e-04
1.425775255755422214e-04
3.104664175215456762e-04
1.180834884171823367e-04
5.729401003992574975e-05
3.741193061657274417e-04
