3.622182356329128783e-08
3.208526228222601255e-04
1.198969949905474651e-04
2.348212371205404543e-04
1.804798990466876466e-04
2.060746629057320629e-04
6.173773343455892240e-06
2.853816215684437934e-05
1.740893194754114504e-04
2.277737004667298288e-04
9.226424619482170039e-05
5.806641129957983150e-04
3.961857126321907414e-04
4.609898134212604974e-04
4.809947824641276669e-04
9.999121738486297099e-05
4.939167687404210976e-04
1.222473224438143556e-05
6.889697480229844788e-04
1.634759974425644183e-04
1.332328581600981867e-04
1.563266289320526851e-04
2.591424617958214922e-04
1.053122534251528899e-04
6.100400268594034347e-04
5.859709181598990240e-04
6.755146420136851591e-04
3.155668110111682504e-05
9.919497010518883338e-05
7.794885976651327181e-04
6.659073652776638895e-04
5.879066545382549985e-06
2.526661511807123408e-04
1.456242624714796773e-04
9.629209760133654273e-04
1.040017799779370240e-04
1.600931813140723649e-05
2.254136699623179142e-05
2.261762006526517451e-04
8.484224001169336608e-05
1.599641475051937709e-05
6.768663044953845617e-05
1.055588187700997287e-04
7.551758446202021940e-05
