4.000000000000000222e-01
1.111111111111111160e+00
1.113636363636363535e+00
8.265306122448979886e-01
9.456521739130434590e-01
1.054945054945054972e+00
8.742514970059880319e-01
9.364326375711574668e-01
9.449558879938626532e-01
9.522833623663626845e-01
9.634491634491634260e-01
9.460943955670052530e-01
9.398112159911160557e-01
9.559543230016313009e-01
9.389124293785310327e-01
9.609645328719723656e-01
9.504370012485749974e-01
9.593195680152202254e-01
9.413706739526411793e-01
9.361520514425538675e-01
9.601972929571002124e-01
9.459956336895323226e-01
9.376310919185687487e-01
9.620908876854250558e-01
9.659980570318303927e-01
9.572461312549418455e-01
9.509720084373752824e-01
9.675936566306596598e-01
9.559762644814919774e-01
9.396793362484583412e-01
9.645407384803174056e-01
9.466526550040180732e-01
9.489766831993614593e-01
9.668174962292609420e-01
9.669018528078930919e-01
9.508490724653926307e-01
9.468327078357784421e-01
9.578182234432234265e-01
9.515424003996503233e-01
9.518079611060468181e-01
9.541666666666667185e-01
9.494056003155106893e-01
9.581757633910933381e-01
9.422187112064100978e-01
9.398406374501991900e-01
9.535121038607631272e-01
9.269994934428997801e-01
9.565655293969532735e-01
9.760791366906474975e-01
9.377094972067039347e-01
9.519936294863773352e-01
9.271844660194175081e-01
9.219320415613592168e-01
9.547744446988779554e-01
9.677382645803698225e-01
9.704323241842384151e-01
9.428152492668622209e-01
9.442117510180337847e-01
9.546483976899557966e-01
9.502643096686181901e-01
9.516815062666591496e-01
9.414899584876024186e-01
9.634731908082770913e-01
9.533935849725323486e-01
9.323635917265082895e-01
9.445935911349745417e-01
9.578293010752688685e-01
9.302068355270434186e-01
9.536872309899570022e-01
9.338806301309074964e-01
9.518148042297799316e-01
9.487864491559142577e-01
9.501770814574704849e-01
9.603759675635827886e-01
9.520864639926019946e-01
9.305086653162277788e-01
9.563264847872460228e-01
9.653439908649729118e-01
9.390402810039091275e-01
9.497156873675994815e-01
9.656953796145809621e-01
9.554696902514727697e-01
9.572715879930775440e-01
9.516457414319646757e-01
9.375069746680058103e-01
9.462984922920548714e-01
9.681020733652312416e-01
9.429318478940488246e-01
9.451976431554258706e-01
9.426479949077021248e-01
9.552467318337062308e-01
9.637448629172999937e-01
9.561736926975351603e-01
9.772675478577940167e-01
9.399460188933873583e-01
9.521288706739526875e-01
9.455215419501133978e-01
9.525615591084140021e-01
9.358854068931006243e-01
9.289573514197033699e-01
9.666840187402394591e-01
9.457272212790039934e-01
9.460942360993268574e-01
9.265495225718967109e-01
9.342045195160921800e-01
9.678994699541421110e-01
9.507206243312983363e-01
9.436684485830890701e-01
9.395165761170861662e-01
9.728799720051324318e-01
9.415711009174312363e-01
