9.722685625852797164e-01
9.863798107432939499e-01
9.676542033560975309e-01
9.828812115271942096e-01
9.853432800806700698e-01
9.822997855861944627e-01
9.801621445067597582e-01
9.870763732216001340e-01
9.742485800822485720e-01
9.956070512515984294e-01
9.779600934821148783e-01
9.791288391973202998e-01
9.621919179853362092e-01
9.836658720356636909e-01
9.662481648139483736e-01
9.693764507457881541e-01
9.724697168181298812e-01
9.751816739065415351e-01
9.964371577340377373e-01
9.858338723801970405e-01
9.942129167895805697e-01
9.972997904169894623e-01
9.728076025804118787e-01
9.836671977134654465e-01
9.818848436783768063e-01
9.790532621312417749e-01
9.867878107969407786e-01
9.768520245670050395e-01
9.927727534521042507e-01
9.826138819345361375e-01
9.881501125200993219e-01
9.705654651049705484e-01
9.860102116380002890e-01
9.854725033397170320e-01
9.931592643060473957e-01
9.819289510948031596e-01
9.854676030817470789e-01
9.528447178087415814e-01
9.742083284746027028e-01
9.787784175045826096e-01
9.730207008619273790e-01
9.624516312721907996e-01
9.839482069761285032e-01
9.799221679269278784e-01
9.764466477148964207e-01
9.583398719673416055e-01
9.640576105293389153e-01
9.771855800312685414e-01
9.823920063277098436e-01
9.898538862594958854e-01
9.797045935907996439e-01
9.816247644597296818e-01
9.698475413752780661e-01
9.708282118895726898e-01
9.772489348572758194e-01
9.682712486327448298e-01
9.856598416843149746e-01
9.775101365530916020e-01
9.747560384749740514e-01
9.594454140959111088e-01
9.961664586272009903e-01
9.684554027099737672e-01
9.718643077445271450e-01
9.645399141826811462e-01
9.831949156012944613e-01
9.758236158177571173e-01
9.624323176468505547e-01
9.905680899687971941e-01
9.676019592537448144e-01
9.829252365836143035e-01
9.775153325494945200e-01
9.609336965935247887e-01
9.757463448085132995e-01
9.794929399058233122e-01
9.795903660598618279e-01
9.782308360119654767e-01
9.855163692054828006e-01
9.773591719541393497e-01
9.713599358265364581e-01
9.769603648053397649e-01
9.810795498474205178e-01
9.991957213251874137e-01
9.913812821850800372e-01
9.768009931311247840e-01
9.710257112677617153e-01
9.760468742147891952e-01
9.758789788415457300e-01
9.937424769565822436e-01
9.992149062601335396e-01
9.663271592724980152e-01
9.685578367855929294e-01
9.734328150623678955e-01
9.652653649850672091e-01
9.801041862398242044e-01
9.665199781719739924e-01
9.741243151406855372e-01
9.759995194036613642e-01
9.612880601603392972e-01
9.751086665391799357e-01
9.831417690851134150e-01
9.886773362962262279e-01
9.770299362107777164e-01
9.776466398434641158e-01
9.834224989509234849e-01
9.851581040237360476e-01
9.721582352429590790e-01
9.640302449786070094e-01
9.865784518600053676e-01
9.797926685197173580e-01
9.890774408534581674e-01
