2.009715074717426580e-06
2.937741934793726699e-04
2.199403784562605640e-04
3.255905080691224229e-04
4.991541715683912064e-05
1.023836175722342033e-03
9.125371746433676330e-04
2.621819969323290638e-04
3.984764837798698812e-04
2.304313615761683558e-04
5.434902572409438127e-04
4.845508104784302327e-04
1.202071700891258095e-03
1.225425898986779154e-03
2.423857237089289843e-04
9.466167188451951597e-02
3.059510683267998264e-03
1.794165006321960876e-03
1.338302927787665686e-03
1.995495960664717388e-03
1.345625512506534857e-04
1.005342343654380029e-05
2.733546623801339360e-04
1.515469727859878734e-04
5.206957987815231861e-04
1.106855184688467983e-03
5.169422396724521169e-05
5.029056820674715099e-04
4.073072129177679793e-04
1.504780169880767760e-04
3.570277389921897569e-04
3.289255434865187414e-04
5.354256454662847681e-04
2.619587687120378326e-04
1.935938812635382329e-04
6.418150746885462618e-04
5.764711920945673074e-04
1.040184193897812507e-04
9.326836946465911311e-04
5.403082186517230883e-05
1.666905124317379300e-04
5.198486710745877455e-05
1.204507010923648277e-04
1.015665977249612925e-04
