9.974227316799372245e-01
9.987830992863324653e-01
9.438374644973155370e-01
9.324826183795638102e-01
9.574278866209287031e-01
1.007290240938335746e+00
1.058258749685126121e+00
1.014750745806509702e+00
9.445401704882511185e-01
9.269052273161793032e-01
9.500037232358318207e-01
1.027198095988302917e+00
1.027422281976943852e+00
1.012193404516122719e+00
9.278534956189001814e-01
9.277045509592359851e-01
9.531288852312377324e-01
1.021159584297641532e+00
1.033145926206044951e+00
9.937916285049186449e-01
9.477382393587401310e-01
9.214950380177998612e-01
9.519346620719247865e-01
1.030449913850121524e+00
1.021926621637337496e+00
9.948799337997054071e-01
9.456086261230435275e-01
9.263473224067705347e-01
9.777151822750733690e-01
1.036970780053002583e+00
1.029895324377357868e+00
9.901551552880474283e-01
9.442668515830083820e-01
9.445162578799550790e-01
9.666761985361794762e-01
1.021678307359844329e+00
1.008707535958183188e+00
9.747177757861812397e-01
9.277901867726920937e-01
9.254913016047316976e-01
9.708621477371917052e-01
1.010222545594908095e+00
1.014429018815006689e+00
9.797884348111512987e-01
9.306880754597786076e-01
9.551543300410660908e-01
9.975855430850907313e-01
1.030819296153299147e+00
1.027497611157918822e+00
9.559364364281743853e-01
9.325308631531057380e-01
9.525950228212823889e-01
9.773974818925991181e-01
1.019073219004207331e+00
1.009423796113108951e+00
9.684668637169994154e-01
9.277336589982253523e-01
9.357256745995987668e-01
1.009290746053751686e+00
1.032740775229783692e+00
9.993998118810555331e-01
9.620310544010901577e-01
9.444664662264636856e-01
9.522878044727447477e-01
1.022853317659792483e+00
1.014868418398857663e+00
9.955519580878244845e-01
9.399745643174105547e-01
9.146553250893507681e-01
9.737152117301451915e-01
1.047710499786930871e+00
1.026948987662377633e+00
9.766256924636097514e-01
9.326224375216594087e-01
9.377143616964046524e-01
9.552951275280024968e-01
1.051856879951378332e+00
1.033910996695022622e+00
9.851930199368120755e-01
9.454647558626994019e-01
9.713070716021138251e-01
9.969612147481204945e-01
1.026231591755841333e+00
1.012940761490010333e+00
9.739910294606144436e-01
9.325838409224260772e-01
9.540949107517298078e-01
1.027265480826965005e+00
1.028749401066092251e+00
1.003515321385426651e+00
9.539699172342719358e-01
9.392428819308565879e-01
9.659716050702730206e-01
1.008615148908219572e+00
1.051181453894710627e+00
9.794748054799573556e-01
9.236218613983645520e-01
9.508420979795554340e-01
9.556359091652849580e-01
1.015063834837490298e+00
1.020914851545141611e+00
9.883044923585164732e-01
9.382774601557649641e-01
9.187497913198252597e-01
1.006251149041371473e+00
1.012829438142180738e+00
1.003290765870536116e+00
9.567739615851468260e-01
9.304117880717047706e-01
9.534421758439572958e-01
