1.880110543054921328e-07
7.087363663817310101e-04
1.053843544547936609e-04
3.873736733668838375e-04
3.816425719264388011e-05
9.882404819959618447e-04
4.930351498431580215e-04
6.201931874677530212e-05
3.294570599767531241e-04
2.180233642415190768e-04
4.813132245455957990e-04
9.214720496492308016e-04
4.339207790819601517e-04
4.819384733282327561e-03
4.214021690247501256e-02
5.660742748853200834e-02
5.231796336228921804e-03
2.173625526054952413e-04
1.235542169579994208e-04
1.980496352573439349e-04
2.556674706304054188e-04
1.396922129233507887e-04
1.450460692057332056e-04
7.276938849000082633e-04
4.711930454415374819e-04
3.522282434919788070e-04
1.832548283145814662e-04
6.539875461540677970e-04
8.870077867308736171e-06
3.765380104047470430e-04
1.152744034308913492e-04
4.129804179571555049e-04
1.047513480532767655e-04
5.388610834934739243e-04
3.909221782620294142e-05
1.579368844071223662e-04
2.670663340293652035e-05
2.002012050956338929e-04
8.888024539721742841e-05
4.872599673219689902e-05
1.272147202673049515e-04
3.539115028980694810e-04
3.914648786584115506e-04
