5.000000000000000000e+03
5.009174311926605696e+03
5.018348623853211393e+03
5.027522935779816180e+03
5.036697247706421877e+03
5.045871559633027573e+03
5.055045871559633269e+03
5.064220183486238966e+03
5.073394495412843753e+03
5.082568807339449450e+03
5.091743119266055146e+03
5.100917431192660842e+03
5.110091743119265630e+03
5.119266055045871326e+03
5.128440366972477023e+03
5.137614678899082719e+03
5.146788990825688415e+03
5.155963302752293203e+03
5.165137614678898899e+03
5.174311926605504595e+03
5.183486238532110292e+03
5.192660550458715988e+03
5.201834862385320776e+03
5.211009174311926472e+03
5.220183486238532168e+03
5.229357798165137865e+03
5.238532110091742652e+03
5.247706422018348349e+03
5.256880733944954045e+03
5.266055045871559741e+03
5.275229357798165438e+03
5.284403669724770225e+03
5.293577981651375922e+03
5.302752293577981618e+03
5.311926605504587314e+03
5.321100917431193011e+03
5.330275229357797798e+03
5.339449541284403495e+03
5.348623853211009191e+03
5.357798165137614887e+03
5.366972477064220584e+03
5.376146788990825371e+03
5.385321100917431068e+03
5.394495412844036764e+03
5.403669724770642460e+03
5.412844036697248157e+03
5.422018348623852944e+03
5.431192660550458641e+03
5.440366972477064337e+03
5.449541284403670033e+03
5.458715596330274821e+03
5.467889908256880517e+03
5.477064220183486214e+03
5.486238532110091910e+03
5.495412844036697606e+03
5.504587155963302394e+03
5.513761467889908090e+03
5.522935779816513786e+03
5.532110091743119483e+03
5.541284403669724270e+03
5.550458715596329967e+03
5.559633027522935663e+03
5.568807339449541359e+03
5.577981651376147056e+03
5.587155963302751843e+03
5.596330275229357540e+03
5.605504587155963236e+03
5.614678899082568932e+03
5.623853211009174629e+03
5.633027522935779416e+03
5.642201834862385113e+03
5.651376146788990809e+03
5.660550458715596505e+03
5.669724770642202202e+03
5.678899082568806989e+03
5.688073394495412686e+03
5.697247706422018382e+03
5.706422018348624078e+03
5.715596330275229775e+03
5.724770642201834562e+03
5.733944954128440259e+03
5.743119266055045955e+03
5.752293577981651651e+03
5.761467889908257348e+03
5.770642201834862135e+03
5.779816513761467832e+03
5.788990825688073528e+03
5.798165137614679224e+03
5.807339449541284921e+03
5.816513761467889708e+03
5.825688073394495405e+03
5.834862385321101101e+03
5.844036697247706797e+03
5.853211009174311585e+03
5.862385321100917281e+03
5.871559633027522977e+03
5.880733944954128674e+03
5.889908256880733461e+03
5.899082568807339158e+03
5.908256880733944854e+03
5.917431192660550550e+03
5.926605504587156247e+03
5.935779816513761034e+03
5.944954128440366731e+03
5.954128440366972427e+03
5.963302752293578123e+03
5.972477064220183820e+03
5.981651376146788607e+03
5.990825688073394304e+03
6.000000000000000000e+03
