9.442446043165467762e-01
9.821347188041199550e-01
9.699491447064262362e-01
9.584662368510349362e-01
8.858550724637681562e-01
9.096536059057354073e-01
9.364519979537315741e-01
1.001070301937809770e+00
9.953374777975133592e-01
9.454940645377026831e-01
8.975365534505319598e-01
9.149056710667951009e-01
9.573896353166986284e-01
9.987445072190834772e-01
9.918621079400961049e-01
9.409236195304749861e-01
9.007072135785006983e-01
9.002692393986986286e-01
9.951052098570946081e-01
1.003754917153415249e+00
9.676559885990457799e-01
9.346408966148216368e-01
8.856507230255840080e-01
9.195577367856941908e-01
1.007052023121387307e+00
1.005351811165568154e+00
9.616529111223400816e-01
9.046972269383135590e-01
9.135694139768097966e-01
9.630882440211263606e-01
9.902190923317684135e-01
9.857507805847288695e-01
9.595084381017102704e-01
9.087482419127989042e-01
9.084985676571364355e-01
9.749679075738125755e-01
9.773649505452700614e-01
9.814076246334311193e-01
9.180976050610031303e-01
9.038483177675256108e-01
9.211012254490514861e-01
9.603786418773381239e-01
1.001197673092277807e+00
9.596901854364541240e-01
9.232438137680309964e-01
9.080050825921219815e-01
9.666516448850833720e-01
1.003633380215658732e+00
1.009761699684180281e+00
9.659221736127101554e-01
8.925540882270300846e-01
9.141503510474342509e-01
9.561318329810932770e-01
9.685409510034351799e-01
9.814968948076061572e-01
9.221945982596904123e-01
8.940483606093210245e-01
9.276558891454965705e-01
9.691435053885422146e-01
9.948233687923090374e-01
9.848202861463301039e-01
9.277085927770859497e-01
9.166153087637125552e-01
9.253959276018099978e-01
9.943191501448617187e-01
9.790237541810760113e-01
9.521040815151690095e-01
9.037635623869800794e-01
8.972370060015852911e-01
9.706861313868613284e-01
9.996788696210661129e-01
9.919083338255271221e-01
9.349195241427571412e-01
9.073873050334227974e-01
9.107507371286005515e-01
9.613471324832751908e-01
1.036389247564268201e+00
9.744086400187826902e-01
9.475136306904027306e-01
9.172488556974223162e-01
9.447568256912642903e-01
9.734298151393521170e-01
9.978145847711065164e-01
9.911256700416914978e-01
9.167142693933508779e-01
8.893745033488478224e-01
9.588063960054686863e-01
9.987427210164108171e-01
9.801335943798226147e-01
9.567355541244657591e-01
9.124882849109653415e-01
9.168061890191097074e-01
9.634767836919592154e-01
1.003122790478435000e+00
9.804105023098064198e-01
9.206918868035535164e-01
9.057330764631634779e-01
9.224157821873557594e-01
9.692412462402815176e-01
9.886436062344283737e-01
9.588779641411220300e-01
9.204782911539354240e-01
9.059675550405561495e-01
9.577618643039204072e-01
9.851208111133056278e-01
9.874192059095106000e-01
9.395250906538776814e-01
9.110251450676982721e-01
9.173265758631612421e-01
9.614880367092756286e-01
9.170984455958549608e-01
