8.404360948904890632e-05
3.687613368896286920e-06
2.813410029108281561e-04
3.338613391136686042e-05
3.756725746857111459e-04
3.049731314235659476e-05
6.669039619224753157e-04
7.542616371275872277e-04
3.779093921100249755e-03
2.535265289610443354e-02
9.152909247119964120e-02
8.123702740782783862e-04
1.551984117221631178e-04
4.742050951990844053e-04
9.637879424077973008e-05
1.680927172039779316e-04
2.125731834353965103e-04
8.609627288212902668e-05
3.477463836820932183e-04
7.645137858017129822e-05
3.900763135185916731e-04
1.298469884875222261e-04
4.587745571211419263e-04
1.698245250663107757e-04
3.346896657713075980e-04
1.837662230397417613e-04
1.371970257109418742e-04
4.970012139032571477e-04
1.878346798363514706e-04
1.519989611390855876e-04
7.171701385488653529e-05
5.260190589675704841e-04
1.475602024184774312e-03
1.740082086479517653e-05
6.910880052088398640e-05
2.037220605924902389e-04
5.631578854168667125e-05
1.271696941970808161e-04
7.841483903230524720e-05
4.566434390912845029e-04
2.050411686317620008e-04
3.038604068275599902e-05
9.930134715845809841e-05
1.033596934569060854e-04
