1.026318570975583988e+00
1.023612388837779719e+00
9.506630543276771705e-01
9.136145733461169538e-01
9.053985445929937370e-01
9.264063353358820141e-01
9.149010072941993199e-01
9.640859343331982245e-01
9.895515890291685102e-01
1.007869814592503577e+00
9.871829685548253464e-01
9.635989010989011172e-01
9.451653231021253099e-01
9.142009289523481685e-01
8.944939777882058296e-01
9.431060247111564543e-01
9.562257169287696756e-01
9.727082157542530361e-01
1.023961818539657509e+00
9.737397662324288605e-01
9.814770950779287961e-01
9.358911878073634671e-01
9.212109544207537359e-01
9.084674092409240620e-01
9.313203403788086199e-01
9.553905452896497286e-01
9.948935182498694907e-01
1.004356740133264925e+00
9.968317236445398688e-01
9.578783958602845594e-01
9.213828425096031172e-01
9.012287334593572785e-01
8.875981856400044778e-01
9.311460774467135160e-01
9.616325622775800941e-01
1.003806538289296890e+00
1.009633792379423189e+00
9.826519337016574873e-01
9.530440414507772573e-01
9.111305202249031510e-01
8.954216867469879659e-01
9.083729987018606122e-01
9.323042380016839381e-01
9.587074635401773293e-01
1.020704280372788597e+00
1.014604574262882419e+00
9.844060107740288945e-01
9.573921028466483296e-01
9.237288135593220151e-01
9.060406431442608044e-01
9.211974837115255443e-01
9.299015471167370039e-01
9.829040728532320026e-01
1.011918147065437479e+00
9.904474610356963638e-01
9.871515429620282278e-01
9.396971036922396880e-01
9.051246537396121505e-01
9.015051794196761170e-01
9.088846880907371917e-01
9.557607001558565685e-01
9.871701086039051942e-01
1.014448712803164954e+00
1.004511192325262758e+00
9.694012285435443799e-01
9.556288753626486221e-01
9.205968101526325054e-01
8.776203639714351690e-01
9.163973914576112323e-01
9.701388888888888840e-01
9.645329214575825150e-01
9.981967416987936881e-01
9.974503733381897552e-01
9.787670831133791216e-01
9.343001922068845388e-01
8.982403334105116821e-01
8.940476871176168405e-01
9.250757399207644172e-01
9.590010527547081498e-01
9.879809108584222122e-01
1.009981211836542991e+00
9.768117626547335730e-01
9.746778639656388243e-01
9.277275012569130563e-01
9.084424006602994650e-01
9.127394523445763186e-01
9.120354188512175275e-01
9.731531422338040027e-01
1.017443249701314167e+00
9.885435638329123087e-01
9.901966644748639856e-01
9.625303847750044106e-01
9.294671769208124879e-01
9.125626926098253655e-01
9.003947964533040027e-01
9.356458238247375991e-01
9.646239056637484488e-01
9.930391694195375152e-01
1.002417356620535438e+00
9.720254746741265883e-01
9.510218673657867550e-01
9.291282778171509049e-01
9.042715933160743180e-01
8.954733511803358859e-01
9.545896656534954561e-01
9.629158334848209044e-01
1.006766403873611049e+00
1.006345957011258951e+00
1.000954003407155124e+00
9.727376386441380918e-01
9.270386266094420291e-01
