1.464027800887218653e-05
1.898127345688734795e-04
2.570616143167617370e-04
2.568500259219861650e-04
4.449445832893527590e-04
3.339125208823417730e-04
7.300349776752827833e-05
1.880424471997350607e-03
6.428654346326762199e-03
1.232830235315992146e-01
4.272420683625093724e-02
7.888472096399248498e-03
3.673066954137278739e-03
4.830610250844315635e-04
8.772198193326542044e-05
2.420669209993258318e-04
7.510506221373908229e-06
2.586190410739601223e-04
3.521571727895100997e-04
1.061014364222707647e-04
1.769412475242279604e-04
9.636007153840859846e-05
9.779439847962279888e-05
2.114214061048622431e-04
2.148988858432165038e-04
1.409190563395998797e-04
6.449936448307312469e-05
2.570274201286595474e-05
2.861535995236197502e-04
2.273521830562603214e-06
7.661984762412058121e-04
2.570748584025037945e-04
3.305774901722956257e-06
2.305536620158401640e-04
4.098410446307173703e-05
2.889310623570207266e-04
2.494528860627527340e-04
6.780725321244163032e-04
6.953783657094868590e-05
1.683775713115512806e-04
1.425655707276835898e-05
6.896985453263173828e-06
4.454432336059899774e-04
