9.669444017993513718e-01
9.238120498731116070e-01
9.269696991483493687e-01
1.001398597561684811e+00
1.046371756337190373e+00
1.040830827261520763e+00
1.013919920045556866e+00
9.815070176821266701e-01
9.656815121815250924e-01
9.399987045164172050e-01
9.144012612361996917e-01
9.381430412273469299e-01
9.383002867573292383e-01
9.779441416608904980e-01
9.871355486825283965e-01
1.017788377835896485e+00
1.030802658364212698e+00
1.032766361159876523e+00
1.038752993942142933e+00
1.014832199462714746e+00
9.456471487925743880e-01
9.373799850235224884e-01
9.165434376168100084e-01
9.271895003054773099e-01
9.641893670963634921e-01
9.933696168912571345e-01
1.035151228081881536e+00
1.056044112247983557e+00
1.036501806831333417e+00
9.917204947983517815e-01
9.495159283080345514e-01
9.180428443813825057e-01
9.080268492998215812e-01
9.417175688138523793e-01
9.810174854080604412e-01
1.022757094954057866e+00
1.042971674437245699e+00
1.040273100792534988e+00
1.015395045215495173e+00
9.784302339027177720e-01
9.219749664634071529e-01
9.092468759659171340e-01
9.317595775837489436e-01
9.646549713080518895e-01
9.914769553424356285e-01
1.046682078276471417e+00
1.040037373585321889e+00
1.035283417925499494e+00
9.811728643835804231e-01
9.522549448676103090e-01
9.283362674582564811e-01
9.275601452170473271e-01
9.503302313588060102e-01
1.005601411088509423e+00
1.039671035739021532e+00
1.054173854957348944e+00
1.032496450769322172e+00
9.732033410379407057e-01
9.395340641890197464e-01
9.155552901589312231e-01
9.238311548350301994e-01
9.692452765405150661e-01
9.928500167103176954e-01
1.047131126814727864e+00
1.047153026363016881e+00
1.037459038431624458e+00
9.832497024012597509e-01
9.648219443572635390e-01
9.216066798760065293e-01
9.217965735295645668e-01
9.568501898456323040e-01
9.832552905019067424e-01
1.039290006158026802e+00
1.049333291636011412e+00
1.018582060185909244e+00
1.012394898768288254e+00
9.471939736459044079e-01
9.114617898451685685e-01
9.177759484695511283e-01
9.676798677456134312e-01
9.909638588184821462e-01
1.044389392285368867e+00
1.044317560795183786e+00
1.010080681090816501e+00
9.872809600756193849e-01
9.312684227871633746e-01
9.285401997485955849e-01
9.229136016967622869e-01
9.772129003594456353e-01
1.049921523422189029e+00
1.046858827347564525e+00
1.044410683529782613e+00
9.963259359081362287e-01
9.707790878787119215e-01
9.122709307383017885e-01
9.156858060978004810e-01
9.512070929439015998e-01
1.005791830690825561e+00
1.017857874857888145e+00
1.044906653041508315e+00
1.008650326150888343e+00
9.891859872925213848e-01
9.531428934774121009e-01
8.936012610931994837e-01
9.323186164845523871e-01
9.814295567290978184e-01
1.025229226176607611e+00
1.054659151917342497e+00
1.055651317954660495e+00
9.990227591717814049e-01
