5.000000000000000000e+00
1.412844036697247674e+01
2.325688073394495348e+01
3.238532110091743021e+01
4.151376146788990695e+01
5.064220183486238369e+01
5.977064220183486043e+01
6.889908256880733006e+01
7.802752293577981391e+01
8.715596330275229775e+01
9.628440366972476738e+01
1.054128440366972370e+02
1.145412844036697209e+02
1.236697247706422047e+02
1.327981651376146601e+02
1.419266055045871440e+02
1.510550458715596278e+02
1.601834862385321117e+02
1.693119266055045955e+02
1.784403669724770509e+02
1.875688073394495348e+02
1.966972477064220186e+02
2.058256880733944740e+02
2.149541284403669579e+02
2.240825688073394417e+02
2.332110091743119256e+02
2.423394495412844094e+02
2.514678899082568648e+02
2.605963302752293203e+02
2.697247706422018041e+02
2.788532110091742879e+02
2.879816513761467718e+02
2.971100917431192556e+02
3.062385321100917395e+02
3.153669724770642233e+02
3.244954128440367072e+02
3.336238532110091910e+02
3.427522935779816180e+02
3.518807339449541018e+02
3.610091743119265857e+02
3.701376146788990695e+02
3.792660550458715534e+02
3.883944954128440372e+02
3.975229357798165211e+02
4.066513761467889481e+02
4.157798165137614319e+02
4.249082568807339158e+02
4.340366972477063996e+02
4.431651376146788834e+02
4.522935779816513673e+02
4.614220183486238511e+02
4.705504587155963350e+02
4.796788990825688188e+02
4.888073394495412458e+02
4.979357798165137297e+02
5.070642201834862135e+02
5.161926605504586405e+02
5.253211009174311812e+02
5.344495412844036082e+02
5.435779816513761489e+02
5.527064220183485759e+02
5.618348623853211166e+02
5.709633027522935436e+02
5.800917431192660842e+02
5.892201834862385113e+02
5.983486238532109383e+02
6.074770642201834789e+02
6.166055045871559059e+02
6.257339449541284466e+02
6.348623853211008736e+02
6.439908256880734143e+02
6.531192660550458413e+02
6.622477064220183820e+02
6.713761467889908090e+02
6.805045871559632360e+02
6.896330275229357767e+02
6.987614678899082037e+02
7.078899082568807444e+02
7.170183486238531714e+02
7.261467889908257121e+02
7.352752293577981391e+02
7.444036697247705661e+02
7.535321100917431068e+02
7.626605504587155338e+02
7.717889908256880744e+02
7.809174311926605014e+02
7.900458715596330421e+02
7.991743119266054691e+02
8.083027522935778961e+02
8.174311926605504368e+02
8.265596330275228638e+02
8.356880733944954045e+02
8.448165137614678315e+02
8.539449541284403722e+02
8.630733944954127992e+02
8.722018348623853399e+02
8.813302752293577669e+02
8.904587155963301939e+02
8.995871559633027346e+02
9.087155963302751616e+02
9.178440366972477023e+02
9.269724770642201293e+02
9.361009174311926699e+02
9.452293577981650969e+02
9.543577981651376376e+02
9.634862385321100646e+02
9.726146788990824916e+02
9.817431192660550323e+02
9.908715596330274593e+02
1.000000000000000000e+03
