0.000000000000000000e+00
0.000000000000000000e+00
0.000000000000000000e+00
0.000000000000000000e+00
8.816855753646677396e-01
9.131837512831793013e-01
9.171608931371471041e-01
9.146890908851734725e-01
9.184409438355515265e-01
9.279076798323837583e-01
9.366046917034794861e-01
9.368766003025307265e-01
9.428703981738565387e-01
9.398327201197135272e-01
9.316284460749422180e-01
9.234404212775479959e-01
9.194774247460232308e-01
9.207847782084549459e-01
9.289110495654463451e-01
9.349778151701370055e-01
9.406388103130437495e-01
9.398106760019717676e-01
9.329751018226160042e-01
9.279075338451087118e-01
9.225549162851552909e-01
9.226472124884856907e-01
9.268766373831621719e-01
9.339316565224049516e-01
9.373687701874136025e-01
9.367157644696890717e-01
9.328865992505375182e-01
9.288666438540450487e-01
9.254778706656221487e-01
9.254693536996114744e-01
9.269770237060408480e-01
9.312162195072911652e-01
9.345178270595018155e-01
9.354177338452409618e-01
9.339060709855531162e-01
9.293035688097849301e-01
9.267188727586389563e-01
9.262435672477584703e-01
9.294270281087737562e-01
9.307673137162091326e-01
9.320790603142514730e-01
9.326201066318943189e-01
9.313012295394612616e-01
9.306112325713505884e-01
9.292582238639920389e-01
9.287304963261211466e-01
9.284369763681197263e-01
9.305541976759991174e-01
9.319550314780240541e-01
9.301698456540405946e-01
9.314897974521814117e-01
9.302277971128362077e-01
9.315628538640676748e-01
9.305568394823808820e-01
9.300049776966686776e-01
9.308285817405622664e-01
9.306604750153810723e-01
9.303760830061647003e-01
9.310267301605511525e-01
9.314649709456485072e-01
9.314961066723574934e-01
9.302821028036519779e-01
9.296053272077263729e-01
9.295550852370667583e-01
9.288761604371187364e-01
9.291364717941437146e-01
9.311428076385951380e-01
9.313817556470156411e-01
9.306417218106272093e-01
9.313088522366854694e-01
9.299542956245069325e-01
9.306436403880249397e-01
9.290150085201007712e-01
9.299296330887997231e-01
9.303577563754447111e-01
9.309980363741942044e-01
9.318415222897893369e-01
9.304518621300785775e-01
9.304574079549016163e-01
9.297415694446556911e-01
9.301988557212045317e-01
9.292692154494444079e-01
9.303881547680128428e-01
9.292597344560629136e-01
9.304868363628981953e-01
9.307072541482372952e-01
9.311581512627743473e-01
9.296296594567866611e-01
9.286477684473485317e-01
9.287942060549447820e-01
9.284285512407606245e-01
9.310528942231897087e-01
9.324521099788461997e-01
9.311267978217748764e-01
9.308668469015816127e-01
9.293614943316901300e-01
