9.177627639546687144e-01
9.352268693564939062e-01
9.443763852325698371e-01
9.399508902732627291e-01
9.318475736626719019e-01
9.223459256664556793e-01
9.179397476809131318e-01
9.185703679474793715e-01
9.248544876861984898e-01
9.303577359999994911e-01
9.383996080983519894e-01
9.414605216294600343e-01
9.425902140376875016e-01
9.365984201596770919e-01
9.303530989289194864e-01
9.246853993169832364e-01
9.204305664700350720e-01
9.219885238856641019e-01
9.258135515985823627e-01
9.319752401369543193e-01
9.364648861728714913e-01
9.390090356087463785e-01
9.366874735219474779e-01
9.304413816216022814e-01
9.263158678857469353e-01
9.246509250497254584e-01
9.247071165008299287e-01
9.258163026302169696e-01
9.304523865647562619e-01
9.345248999221809072e-01
9.357397862015633949e-01
9.343165462640252716e-01
9.304438648349585561e-01
9.264089928753816983e-01
9.262228833650167914e-01
9.286686970368518423e-01
9.300545592416292751e-01
9.319288235308796908e-01
9.324244781942949700e-01
9.327926024466977051e-01
9.306583629241481637e-01
9.292359994220286135e-01
9.282600419188414831e-01
9.291893528645955858e-01
9.298641388214407000e-01
9.314846329662386237e-01
9.316811695565356821e-01
9.318626137228058770e-01
9.308220079678970471e-01
9.300904813055922427e-01
9.300186386686355444e-01
9.300416647136051651e-01
9.301625816187812923e-01
9.304020715049100554e-01
9.306335066251090193e-01
9.308687027847810658e-01
9.312113509091063390e-01
9.319656080082775462e-01
9.311800074942074845e-01
9.295986114787229138e-01
9.299268727798311041e-01
9.282665388779168802e-01
9.292296027613405895e-01
9.306531455168373101e-01
9.315059809057244511e-01
9.306637562043480472e-01
9.314151533170685893e-01
9.304814569219163056e-01
9.301578036971307473e-01
9.295498905682006985e-01
9.297916335542388833e-01
9.302712162526062256e-01
9.303098995385720160e-01
9.314164381239050661e-01
9.312695735523569551e-01
9.305800173747408310e-01
9.291122824958698567e-01
9.295441629419440854e-01
9.297927981837751377e-01
9.298294558591542192e-01
9.309748153323289532e-01
9.311166779153965400e-01
9.316161119454015038e-01
9.292492914408105875e-01
9.288313171121426182e-01
9.288306149679721457e-01
9.289529764541351042e-01
9.303834609733993011e-01
9.315536875848805520e-01
9.311951494295139797e-01
9.303194370207614750e-01
9.309112489754973740e-01
9.295571102494917248e-01
9.293357493280426374e-01
9.303260757730628105e-01
9.304127325128658255e-01
9.330948972698180910e-01
9.314229490527642374e-01
9.320949773699592766e-01
9.305172616038180911e-01
