9.230036761188087358e-01
9.183729541797225338e-01
9.076623593482936458e-01
9.095265082027359504e-01
9.183898946248220119e-01
9.297948583897469588e-01
9.389472636366678060e-01
9.413681757274813267e-01
9.342133969124533088e-01
9.229595343085421622e-01
9.147943747478588516e-01
9.137965316006333438e-01
9.193550976098850969e-01
9.275677206097853178e-01
9.344608586538979411e-01
9.350028250970887633e-01
9.320851746704343910e-01
9.258638169299264753e-01
9.183585950034252043e-01
9.171843385811671023e-01
9.201538092691293746e-01
9.262193213586671359e-01
9.305761478086407301e-01
9.323016144437293873e-01
9.309917394747653230e-01
9.277447653643352554e-01
9.241237582339663081e-01
9.222389365363651281e-01
9.226692294235148140e-01
9.270802626838295923e-01
9.269753093225092666e-01
9.296118838412145147e-01
9.281351215580401215e-01
9.274253362446077675e-01
9.259825981257457927e-01
9.239916006902691992e-01
9.237180552931371080e-01
9.250876400765265517e-01
9.270627648031857237e-01
9.257867471691240135e-01
9.274108078808283029e-01
9.264930307486486383e-01
9.261864874563112693e-01
9.247089813657179969e-01
9.245992697145543060e-01
9.262302041730122726e-01
9.243537205850187455e-01
9.245260841264909546e-01
9.270519577147964263e-01
9.270392128417188626e-01
9.277493568187109574e-01
9.273092782327611028e-01
9.267219855982082866e-01
9.245813592414156012e-01
9.245788060718858059e-01
9.244384928016816660e-01
9.266463363597169378e-01
9.271700375107402303e-01
9.274116642870630089e-01
9.269837754796954599e-01
9.265843275290651659e-01
9.242302201366525694e-01
9.252466344105504392e-01
9.253803385152542527e-01
9.248559102995712600e-01
9.266294590413199916e-01
9.258288968705643551e-01
9.263486645963912025e-01
9.266176797288396827e-01
9.264755552553267659e-01
9.260875684507680061e-01
9.252731336083913627e-01
9.253282140411506207e-01
9.252576829495552380e-01
9.269829785313131731e-01
9.264860873985424350e-01
9.278197208876687307e-01
9.255523363191430208e-01
9.254340083252690086e-01
9.259640204393404517e-01
9.249052976015929017e-01
9.249558694079674792e-01
9.266060676570911925e-01
9.266530329926914167e-01
9.268648912534374062e-01
9.278103275179189202e-01
9.249436440726684916e-01
9.256300759312169335e-01
9.264410462910077637e-01
9.264001474139241799e-01
9.264230617684391378e-01
9.264550220479340625e-01
9.271419170174214353e-01
9.268970921287758014e-01
9.257604391394741450e-01
9.245130676567500094e-01
9.244046494388147295e-01
9.245172720558931800e-01
9.268297347569915967e-01
9.270828631853146318e-01
