2.000000000000000000e+00
1.208080808080808133e+01
2.216161616161616266e+01
3.224242424242424221e+01
4.232323232323232531e+01
5.240404040404040842e+01
6.248484848484848442e+01
7.256565656565656752e+01
8.264646464646465063e+01
9.272727272727273373e+01
1.028080808080808168e+02
1.128888888888888999e+02
1.229696969696969688e+02
1.330505050505050519e+02
1.431313131313131350e+02
1.532121212121212182e+02
1.632929292929293013e+02
1.733737373737373844e+02
1.834545454545454675e+02
1.935353535353535506e+02
2.036161616161616337e+02
2.136969696969697168e+02
2.237777777777777999e+02
2.338585858585858830e+02
2.439393939393939377e+02
2.540202020202020208e+02
2.641010101010101039e+02
2.741818181818181870e+02
2.842626262626262701e+02
2.943434343434343532e+02
3.044242424242424363e+02
3.145050505050505194e+02
3.245858585858586025e+02
3.346666666666666856e+02
3.447474747474747687e+02
3.548282828282828518e+02
3.649090909090909349e+02
3.749898989898990180e+02
3.850707070707071011e+02
3.951515151515151842e+02
4.052323232323232673e+02
4.153131313131313505e+02
4.253939393939394336e+02
4.354747474747475167e+02
4.455555555555555998e+02
4.556363636363636829e+02
4.657171717171717660e+02
4.757979797979798491e+02
4.858787878787878753e+02
4.959595959595959584e+02
5.060404040404040416e+02
5.161212121212121247e+02
5.262020202020202078e+02
5.362828282828282909e+02
5.463636363636363740e+02
5.564444444444444571e+02
5.665252525252525402e+02
5.766060606060606233e+02
5.866868686868687064e+02
5.967676767676767895e+02
6.068484848484848726e+02
6.169292929292929557e+02
6.270101010101010388e+02
6.370909090909091219e+02
6.471717171717172050e+02
6.572525252525252881e+02
6.673333333333333712e+02
6.774141414141414543e+02
6.874949494949495374e+02
6.975757575757576205e+02
7.076565656565657036e+02
7.177373737373737868e+02
7.278181818181818699e+02
7.378989898989899530e+02
7.479797979797980361e+02
7.580606060606061192e+02
7.681414141414142023e+02
7.782222222222222854e+02
7.883030303030303685e+02
7.983838383838384516e+02
8.084646464646465347e+02
8.185454545454546178e+02
8.286262626262627009e+02
8.387070707070707840e+02
8.487878787878788671e+02
8.588686868686869502e+02
8.689494949494950333e+02
8.790303030303031164e+02
8.891111111111111995e+02
8.991919191919192826e+02
9.092727272727273657e+02
9.193535353535354488e+02
9.294343434343435320e+02
9.395151515151516151e+02
9.495959595959596982e+02
9.596767676767677813e+02
9.697575757575757507e+02
9.798383838383838338e+02
9.899191919191919169e+02
1.000000000000000000e+03
