9.492336428453455044e-01
9.199457969359720044e-01
9.050386390307555429e-01
9.120491187861687887e-01
9.252326402385457893e-01
9.375491591404299108e-01
9.441607693097318066e-01
9.417082994912190363e-01
9.343155520169584838e-01
9.222857276946351268e-01
9.158802898713012119e-01
9.123925282082051558e-01
9.122955370205542147e-01
9.198124493620327691e-01
9.272173408787313109e-01
9.342606309031110667e-01
9.373964956799499815e-01
9.355608376276121074e-01
9.307466509327178006e-01
9.242766878696502264e-01
9.174522441499541880e-01
9.166989512499826853e-01
9.193048645341144187e-01
9.257201745778739221e-01
9.318224902643685859e-01
9.336734595565748807e-01
9.328493977963840944e-01
9.308653621350505558e-01
9.257252553948009943e-01
9.217037770310935185e-01
9.212654825371241474e-01
9.242580315737762842e-01
9.262098146569329726e-01
9.297151391279390165e-01
9.293152210578898842e-01
9.281688261466445322e-01
9.258325542043728262e-01
9.258973634114222584e-01
9.228718874722963150e-01
9.239273192283504743e-01
9.258991906739908462e-01
9.269657648872704492e-01
9.275264756646367514e-01
9.281617567182111062e-01
9.260825235858481941e-01
9.253166139011143043e-01
9.246554777859014029e-01
9.257144900419320699e-01
9.248291375455851560e-01
9.252596932116190498e-01
9.262676541371334116e-01
9.265874467231021150e-01
9.283295411395239283e-01
9.275152867783258426e-01
9.271556921067687362e-01
9.259639301727365934e-01
9.239285270483422741e-01
9.237307411420595527e-01
9.261617431563153868e-01
9.269667292205425735e-01
9.273961088551428977e-01
9.271958314566802750e-01
9.274561126675034961e-01
9.253957676363799845e-01
9.250929004836593306e-01
9.254063790995069594e-01
9.245062238211665395e-01
9.258666017321314223e-01
9.266095889016447984e-01
9.272797046121762365e-01
9.268155533356058351e-01
9.259254552289729601e-01
9.257963512754516788e-01
9.250851488046895055e-01
9.253717286753058158e-01
9.263289644649166377e-01
9.269451633562171278e-01
9.273856519287063671e-01
9.258797924003844271e-01
9.255461918462924986e-01
9.249686710673971080e-01
9.261960459580629301e-01
9.253252023711502350e-01
9.257707933043138882e-01
9.272356523786151605e-01
9.279229904122608952e-01
9.267279330356406053e-01
9.257109102124453370e-01
9.251039812612262825e-01
9.261927463947434713e-01
9.268240080653984414e-01
9.257813259018059515e-01
9.273136845453595623e-01
9.268378468081185373e-01
9.261406852589065819e-01
9.249871321559992587e-01
9.239145517255671347e-01
9.250236839176624315e-01
9.259350899420175640e-01
9.273033505422795253e-01
