9.263046539180357364e-01
9.256054823853766544e-01
9.272784697502264306e-01
9.261589880886162973e-01
9.261919639465574505e-01
9.268209720626701120e-01
9.262699598662209599e-01
9.258731464027012414e-01
9.273112502390954415e-01
9.272797489712892860e-01
9.264010175226762289e-01
9.259485285870783233e-01
9.266987777116857394e-01
9.265886663499660614e-01
9.262345901074269250e-01
9.260684704271999745e-01
9.262995549661503514e-01
9.258208121065796270e-01
9.271165193363297696e-01
9.248078043850215257e-01
9.263546507374881278e-01
9.263147097442989697e-01
9.263431635249148588e-01
9.277081574970192923e-01
9.267413655200884559e-01
9.268642312013676277e-01
9.261800281401959545e-01
9.269944333266908476e-01
9.258463278574357025e-01
9.251403362649103235e-01
9.261910517194412718e-01
9.269825542021292719e-01
9.261135859136128134e-01
9.265665194948373706e-01
9.264172014747935613e-01
9.265868334623419411e-01
9.264035147786955360e-01
9.266361909977527400e-01
9.270703761509057061e-01
9.260922500775351507e-01
9.275023224428494695e-01
9.267387507041424666e-01
9.263521657089046624e-01
9.270018732995064514e-01
9.270380988628356134e-01
9.263396653212395693e-01
9.247371095898488935e-01
9.267258458382708897e-01
9.254824283442285582e-01
9.250661246127980242e-01
9.265594639493013318e-01
9.273258485894704251e-01
9.268536343815704237e-01
9.263508807294281722e-01
9.271526705362810317e-01
9.262448661263719130e-01
9.264870064886928658e-01
9.269045814575004316e-01
9.259129351140149566e-01
9.262680937132206083e-01
9.265805342930096833e-01
9.272796780872234468e-01
9.257324788638365831e-01
9.262561509442561736e-01
9.260879264572481340e-01
9.265653653330647721e-01
9.265914472823594261e-01
9.256496956150388478e-01
9.276824683259085047e-01
9.263875351727668406e-01
9.264140229259661963e-01
9.266656743677454955e-01
9.257855905505845140e-01
9.266835703091478305e-01
9.262288196786097050e-01
9.258169600563075363e-01
9.261368864882667529e-01
9.262669107607947039e-01
9.266333834043520845e-01
9.263986745041337123e-01
9.265213049436077375e-01
9.263108047172099457e-01
9.261209839112677367e-01
9.262088113336940376e-01
9.258480658481615944e-01
9.286650623169778740e-01
9.261508838079041128e-01
9.268562567745639580e-01
9.254135081428896958e-01
9.266454600015007204e-01
9.269459644564312928e-01
9.263593782650808572e-01
9.265241280621288045e-01
9.256268581277721230e-01
9.261660168443315300e-01
9.257522246489100493e-01
9.266087540670258083e-01
9.271031622047671839e-01
9.272995932128860197e-01
9.260609682946293608e-01
