9.406559237885632196e-01
9.433135416805061846e-01
9.412217428320330814e-01
9.419417295212205721e-01
9.427311088180860832e-01
9.416306233910382018e-01
9.421556761970932836e-01
9.418909242339432719e-01
9.415976166609347775e-01
9.422782584225386504e-01
9.423604602579995770e-01
9.419610708014680700e-01
9.410375143818849875e-01
9.413625528092449679e-01
9.424766096679058069e-01
9.426620457567225220e-01
9.413861740979675430e-01
9.425867435215288248e-01
9.418630917707120354e-01
9.405816431198537053e-01
9.425411732247834795e-01
9.424921345316321641e-01
9.421671548764563031e-01
9.415939654959326610e-01
9.417824618561747574e-01
9.416426102807344822e-01
9.418138811477362315e-01
9.421230887954880062e-01
9.419318025453987664e-01
9.418443289634218507e-01
9.413548717176348779e-01
9.408736975560841875e-01
9.416438963209206037e-01
9.408367722003148081e-01
9.418741751193336897e-01
9.422472139406044001e-01
9.418361245955141348e-01
9.430187289594036404e-01
9.420743312773434130e-01
9.413466530907410590e-01
9.415900804888461817e-01
9.424095467311516261e-01
9.417147871820386040e-01
9.422105514622501898e-01
9.418435352457854570e-01
9.419754636711533680e-01
9.415775880416921151e-01
9.412806560528421684e-01
9.425679058022276013e-01
9.418233109006641790e-01
9.423733462843875142e-01
9.419914299756927401e-01
9.417873162597647507e-01
9.418684698684748335e-01
9.420687381859462750e-01
9.408042878765026096e-01
9.420183681273505139e-01
9.412476092671072658e-01
9.420214647063182012e-01
9.413699579893779479e-01
9.418044936785137100e-01
9.417174027542929426e-01
9.419270172288335408e-01
9.413656222606631152e-01
9.421731634101190300e-01
9.426315159884816053e-01
9.418926771920170804e-01
9.429258885532110224e-01
9.421072814177527954e-01
9.412845106330932632e-01
9.418183623023772544e-01
9.409228479873845696e-01
9.418407213247108611e-01
9.419753389337064409e-01
9.421288507096575726e-01
9.419408318002561176e-01
9.410531039612199944e-01
9.418570693528718341e-01
9.422298528934230921e-01
9.409809674889124675e-01
9.416884857085359162e-01
9.423334614520239016e-01
9.429748065771538235e-01
9.408906938027892242e-01
9.420060585180511925e-01
9.419076511482541436e-01
9.430760330921751367e-01
9.412759626273511371e-01
9.419660902150590598e-01
9.422128533348896884e-01
9.415169388217919932e-01
9.424076499603960544e-01
9.418926325409705536e-01
9.410013477119032466e-01
9.421996667939289694e-01
9.417139884537040206e-01
9.418973615802810340e-01
9.414675323480938829e-01
9.411813082968720767e-01
9.435192493843572725e-01
