9.259791999023633258e-01
9.298600439426459863e-01
9.245557434753154391e-01
9.253430441722763078e-01
9.273496393161616558e-01
9.269139807027615419e-01
9.267770159979512590e-01
9.262413239609756932e-01
9.254147851063476704e-01
9.263675810190302728e-01
9.266848909285851921e-01
9.266427642848854562e-01
9.271983570631556759e-01
9.262124243434188831e-01
9.266900413665623004e-01
9.262812679741374566e-01
9.270255203191383186e-01
9.259306103361294449e-01
9.265885819262679179e-01
9.260310621726799418e-01
9.276006238784793023e-01
9.241155053154825882e-01
9.266763919438316677e-01
9.272465581407157709e-01
9.267042277976085263e-01
9.264200459980167501e-01
9.263292353263199441e-01
9.267625195496059787e-01
9.259038532129182375e-01
9.250814332247556671e-01
9.274592001167024646e-01
9.278400835415443471e-01
9.246362602391549057e-01
9.244092698614886361e-01
9.254912868762417144e-01
9.275757663476715820e-01
9.283057781770474026e-01
9.244381130778573930e-01
9.263392241011048078e-01
9.274413050731381558e-01
9.266478130559465676e-01
9.253076593828980512e-01
9.267082718011090403e-01
9.286175299115523307e-01
9.260961297018461824e-01
9.249343583446546502e-01
9.266733967335233357e-01
9.273778169797423088e-01
9.269607860817854483e-01
9.261251506542770295e-01
9.262795761625586266e-01
9.278420966683084137e-01
9.264785181934140912e-01
9.246860357493595917e-01
9.250937406753643177e-01
9.278657618124965811e-01
9.274676906861198944e-01
9.255350053897059004e-01
9.255045854679779804e-01
9.278552991954311935e-01
9.252684939079299786e-01
9.258681873124895434e-01
9.259363613618417643e-01
9.271644684234350287e-01
9.258553852992704725e-01
9.267230907021329900e-01
9.269476633636960505e-01
9.280832443517681440e-01
9.263714224589862933e-01
9.252276981194896832e-01
9.269169956971381463e-01
9.268016176175754017e-01
9.265506101429104024e-01
9.261053410093377236e-01
9.263547110812785368e-01
9.272198352936419363e-01
9.272416757558606948e-01
9.257769528412880256e-01
9.259123826691848524e-01
9.250077513154195685e-01
9.267308871312321950e-01
9.260764493292009680e-01
9.258954425149551470e-01
9.266417410918199593e-01
9.267090663531027950e-01
9.267387396644541919e-01
9.267801739994633303e-01
9.254300740111944812e-01
9.255179779209949942e-01
9.260500517324130598e-01
9.273274862686181619e-01
9.268098909720710044e-01
9.256702215833618741e-01
9.261686051772731743e-01
9.259489981652421209e-01
9.281583486595611499e-01
9.249388545719217092e-01
9.251014176007531509e-01
9.271451249629186764e-01
9.285160031451347162e-01
