1.000000000000000000e+04
1.001010101010101062e+04
1.002020202020201941e+04
1.003030303030303003e+04
1.004040404040404064e+04
1.005050505050505126e+04
1.006060606060606005e+04
1.007070707070707067e+04
1.008080808080808129e+04
1.009090909090909008e+04
1.010101010101010070e+04
1.011111111111111131e+04
1.012121212121212193e+04
1.013131313131313073e+04
1.014141414141414134e+04
1.015151515151515196e+04
1.016161616161616075e+04
1.017171717171717137e+04
1.018181818181818198e+04
1.019191919191919260e+04
1.020202020202020140e+04
1.021212121212121201e+04
1.022222222222222263e+04
1.023232323232323142e+04
1.024242424242424204e+04
1.025252525252525265e+04
1.026262626262626327e+04
1.027272727272727207e+04
1.028282828282828268e+04
1.029292929292929330e+04
1.030303030303030391e+04
1.031313131313131271e+04
1.032323232323232332e+04
1.033333333333333394e+04
1.034343434343434274e+04
1.035353535353535335e+04
1.036363636363636397e+04
1.037373737373737458e+04
1.038383838383838338e+04
1.039393939393939399e+04
1.040404040404040461e+04
1.041414141414141341e+04
1.042424242424242402e+04
1.043434343434343464e+04
1.044444444444444525e+04
1.045454545454545405e+04
1.046464646464646466e+04
1.047474747474747528e+04
1.048484848484848408e+04
1.049494949494949469e+04
1.050505050505050531e+04
1.051515151515151592e+04
1.052525252525252472e+04
1.053535353535353534e+04
1.054545454545454595e+04
1.055555555555555475e+04
1.056565656565656536e+04
1.057575757575757598e+04
1.058585858585858659e+04
1.059595959595959539e+04
1.060606060606060601e+04
1.061616161616161662e+04
1.062626262626262542e+04
1.063636363636363603e+04
1.064646464646464665e+04
1.065656565656565726e+04
1.066666666666666606e+04
1.067676767676767668e+04
1.068686868686868729e+04
1.069696969696969609e+04
1.070707070707070670e+04
1.071717171717171732e+04
1.072727272727272793e+04
1.073737373737373673e+04
1.074747474747474735e+04
1.075757575757575796e+04
1.076767676767676676e+04
1.077777777777777737e+04
1.078787878787878799e+04
1.079797979797979860e+04
1.080808080808080740e+04
1.081818181818181802e+04
1.082828282828282863e+04
1.083838383838383743e+04
1.084848484848484804e+04
1.085858585858585866e+04
1.086868686868686927e+04
1.087878787878787807e+04
1.088888888888888869e+04
1.089898989898989930e+04
1.090909090909090810e+04
1.091919191919191871e+04
1.092929292929292933e+04
1.093939393939393995e+04
1.094949494949494874e+04
1.095959595959595936e+04
1.096969696969696997e+04
1.097979797979797877e+04
1.098989898989898938e+04
1.100000000000000000e+04
