9.492192955504036300e-01
9.468288528594154263e-01
9.371216843675174157e-01
9.386975066020530889e-01
9.390084478099838261e-01
9.413406844931095918e-01
9.407061852591623863e-01
9.426881453855605608e-01
9.412723989295562754e-01
9.425659809352383567e-01
9.410694530083923981e-01
9.414129789771450429e-01
9.427519282269782863e-01
9.418318903155159516e-01
9.411773029223687859e-01
9.421945996249505573e-01
9.415595556106859387e-01
9.416551958743725192e-01
9.409789591743763504e-01
9.414834203905050325e-01
9.405214737571996331e-01
9.423437164498478236e-01
9.410471825995926354e-01
9.429694392630769695e-01
9.412345575556837485e-01
9.426135537764807060e-01
9.415085227021432468e-01
9.411911656363678436e-01
9.417816204849329687e-01
9.424725539350680137e-01
9.418942629747644180e-01
9.415530466707193735e-01
9.406748299012247516e-01
9.423078076536464120e-01
9.425095911317978858e-01
9.404728502863045625e-01
9.408637701775243167e-01
9.418488003315501622e-01
9.417896991867704681e-01
9.411951805821355821e-01
9.404361350826975219e-01
9.416613695289213215e-01
9.420392966823747383e-01
9.418979270446501406e-01
9.434952431831932218e-01
9.428852155374423116e-01
9.403855565105787573e-01
9.411520082691775535e-01
9.405103962982418464e-01
9.426051281317568975e-01
9.424726635223585891e-01
9.404749780102773515e-01
9.422432938859508500e-01
9.426786647953988574e-01
9.431854294789000503e-01
9.411727336935825639e-01
9.420997970744724448e-01
9.413305556199645929e-01
9.414265686246459097e-01
9.414307936341479444e-01
9.416124248519898154e-01
9.422981040805626929e-01
9.420832869649913288e-01
9.406181965325826067e-01
9.420178340717847432e-01
9.428307802192408271e-01
9.416043216406196903e-01
9.412726275136653609e-01
9.410819559755942976e-01
9.412473300197872206e-01
9.416332705010216353e-01
9.421837231655830758e-01
9.409804225781056575e-01
9.437950088376247937e-01
9.421794038147922601e-01
9.412779245170597164e-01
9.421650594422846803e-01
9.417623660167222521e-01
9.412210205332078861e-01
9.415479759117357794e-01
9.412078306637126079e-01
9.419940543610477723e-01
9.421972417650612552e-01
9.417308405820258299e-01
9.407040440443389384e-01
9.419722048154481886e-01
9.414235396236702025e-01
9.414510708031887942e-01
9.430481080944637107e-01
9.428392614623218870e-01
9.404805725713325515e-01
9.416677970797820985e-01
9.428085515212026868e-01
9.417753214165333064e-01
9.415020423146662765e-01
9.418143008221214751e-01
9.415878922198860357e-01
9.423030376815123565e-01
9.416810093660228365e-01
9.422556880903298904e-01
