9.334464178806625156e-01
9.426351112681031763e-01
9.327532441404284835e-01
9.333053012905521140e-01
9.274872987306693739e-01
9.317766288903345240e-01
9.300539575377637647e-01
9.266428595267496293e-01
9.302473852561954359e-01
9.308407145753740952e-01
9.322413901692649940e-01
9.312692750367659311e-01
9.323914755617326300e-01
9.326785834942439291e-01
9.324630025051046101e-01
9.337368785483682876e-01
9.332634353930362447e-01
9.320750134386278640e-01
9.345817538862570828e-01
9.338280662132085741e-01
9.335594904653701231e-01
9.340343575776097751e-01
9.320104643974912451e-01
9.348316238604744699e-01
9.333112117426608512e-01
9.322688517486515947e-01
9.326853421967771229e-01
9.338820432352337164e-01
9.323366981383566232e-01
9.327338472666796276e-01
9.340546503733876404e-01
9.351648930828450057e-01
9.320992450229018678e-01
9.325119741372042137e-01
9.334615972357820368e-01
9.337207632182411565e-01
9.328341312170899124e-01
9.345932405298356116e-01
9.348469154000916825e-01
9.331713706345158288e-01
9.328368815600770469e-01
9.331605416577314349e-01
9.341581805390590798e-01
9.316390124876972045e-01
9.339683483404727093e-01
9.334985628157034254e-01
9.341883043447548607e-01
9.329728104040417858e-01
9.327363798569680009e-01
9.349564589785219759e-01
9.318242628945110351e-01
9.316651761227622286e-01
9.343856085594620664e-01
9.340400189290785082e-01
9.343417867628530660e-01
9.339331116621554241e-01
9.333015498558299150e-01
9.330846512838443241e-01
9.332576423522497278e-01
9.353050795392918726e-01
9.345623350032423726e-01
9.333297764231280880e-01
9.331613799260930486e-01
9.331300837681455462e-01
9.335109713283142874e-01
9.340081738183699800e-01
9.330959244087700943e-01
9.332875346780729053e-01
9.343822548549127749e-01
9.344943348869668709e-01
9.331231946774372066e-01
9.329354684207851189e-01
9.362918532623303314e-01
9.349901943100821233e-01
9.339135326077622201e-01
9.347385644418871875e-01
9.327133610449392931e-01
9.341758862114659667e-01
9.331671762929542036e-01
9.325995977944955273e-01
9.333887535009041114e-01
9.335489662025410196e-01
9.331970756230292263e-01
9.329765620845852370e-01
9.327815398256665835e-01
9.341978010335528770e-01
9.337766619005266611e-01
9.328959130352302287e-01
9.331372606200952768e-01
9.332761641943521091e-01
9.351572953982631997e-01
9.323516571778354134e-01
9.329981271560926492e-01
9.337385444347248153e-01
9.347103290530534014e-01
9.340287302752240395e-01
9.321432556063817820e-01
9.346583526324026003e-01
9.346378472103560320e-01
9.328594218207687527e-01
