9.419642857142856984e-01
9.513446930815028235e-01
9.385641316685584545e-01
9.353073390012703880e-01
9.297891431135038021e-01
9.261170333408936806e-01
9.401197604790418882e-01
9.269717087683534418e-01
9.217312550645884173e-01
9.316303760062756290e-01
9.303358345410464025e-01
9.308634544752388829e-01
9.314571410647435323e-01
9.328015690239178648e-01
9.321846456674020009e-01
9.304914955569881796e-01
9.312444499411151044e-01
9.310067040389685689e-01
9.303353708740862427e-01
9.306056458451350544e-01
9.323069092759893595e-01
9.318109767970201851e-01
9.300400477268235822e-01
9.311684372808912702e-01
9.305688784165415672e-01
9.318140521907585239e-01
9.317794608417145907e-01
9.312262456615941764e-01
9.316813289981972224e-01
9.329341233341401640e-01
9.312036663572620387e-01
9.311989681105262706e-01
9.310509666030947207e-01
9.307869412660162434e-01
9.328792670472205728e-01
9.308755204333526434e-01
9.303305698512474020e-01
9.304921706098083778e-01
9.309965535975128770e-01
9.291653513869073677e-01
9.326665676897843982e-01
9.295797833371471919e-01
9.325908964503576426e-01
9.330645586410386549e-01
9.323318548639194514e-01
9.301229449205477007e-01
9.319046775097031832e-01
9.298445786499959231e-01
9.310545572295676475e-01
9.304386897072974838e-01
9.302728020967216960e-01
9.320439892749985411e-01
9.323819226089312684e-01
9.302062331772722459e-01
9.311531524899702150e-01
9.318933486635389007e-01
9.298715672698584234e-01
9.312631069296265496e-01
9.326982442772553394e-01
9.312864234072836256e-01
9.294423761345753654e-01
9.312723631441784944e-01
9.320168671126065618e-01
9.316300854267106635e-01
9.313831309029845240e-01
9.323723308527596121e-01
9.316904597667210464e-01
9.314840329423226262e-01
9.298954218219750434e-01
9.313478111635760115e-01
9.311956773337433102e-01
9.299039986088598608e-01
9.296870294437881155e-01
9.311010391897467375e-01
9.315350324132550819e-01
9.305156315474676365e-01
9.325218756809419141e-01
9.315158266786801589e-01
9.311005374261472900e-01
9.302884580991038765e-01
9.320463938869298914e-01
9.303360001477813945e-01
9.310585713681045483e-01
9.312287589735964710e-01
9.312394021171155334e-01
9.307261339683520207e-01
9.293110172015258685e-01
9.310226004359779539e-01
9.302446402058512920e-01
9.311127030883052935e-01
9.289097284818226274e-01
9.338970427415778097e-01
9.322716092059102344e-01
9.309233928787304935e-01
9.308997569289576557e-01
9.311698160495374132e-01
9.306021617523257961e-01
9.308684114374595753e-01
9.307807643341838855e-01
9.305841046965541707e-01
