1.300000000000000000e+04
1.301010101010101062e+04
1.302020202020201941e+04
1.303030303030303003e+04
1.304040404040404064e+04
1.305050505050505126e+04
1.306060606060606005e+04
1.307070707070707067e+04
1.308080808080808129e+04
1.309090909090909008e+04
1.310101010101010070e+04
1.311111111111111131e+04
1.312121212121212193e+04
1.313131313131313073e+04
1.314141414141414134e+04
1.315151515151515196e+04
1.316161616161616075e+04
1.317171717171717137e+04
1.318181818181818198e+04
1.319191919191919260e+04
1.320202020202020140e+04
1.321212121212121201e+04
1.322222222222222263e+04
1.323232323232323142e+04
1.324242424242424204e+04
1.325252525252525265e+04
1.326262626262626327e+04
1.327272727272727207e+04
1.328282828282828268e+04
1.329292929292929330e+04
1.330303030303030391e+04
1.331313131313131271e+04
1.332323232323232332e+04
1.333333333333333394e+04
1.334343434343434274e+04
1.335353535353535335e+04
1.336363636363636397e+04
1.337373737373737458e+04
1.338383838383838338e+04
1.339393939393939399e+04
1.340404040404040461e+04
1.341414141414141341e+04
1.342424242424242402e+04
1.343434343434343464e+04
1.344444444444444525e+04
1.345454545454545405e+04
1.346464646464646466e+04
1.347474747474747528e+04
1.348484848484848408e+04
1.349494949494949469e+04
1.350505050505050531e+04
1.351515151515151592e+04
1.352525252525252472e+04
1.353535353535353534e+04
1.354545454545454595e+04
1.355555555555555475e+04
1.356565656565656536e+04
1.357575757575757598e+04
1.358585858585858659e+04
1.359595959595959539e+04
1.360606060606060601e+04
1.361616161616161662e+04
1.362626262626262542e+04
1.363636363636363603e+04
1.364646464646464665e+04
1.365656565656565726e+04
1.366666666666666606e+04
1.367676767676767668e+04
1.368686868686868729e+04
1.369696969696969609e+04
1.370707070707070670e+04
1.371717171717171732e+04
1.372727272727272793e+04
1.373737373737373673e+04
1.374747474747474735e+04
1.375757575757575796e+04
1.376767676767676676e+04
1.377777777777777737e+04
1.378787878787878799e+04
1.379797979797979860e+04
1.380808080808080740e+04
1.381818181818181802e+04
1.382828282828282863e+04
1.383838383838383743e+04
1.384848484848484804e+04
1.385858585858585866e+04
1.386868686868686927e+04
1.387878787878787807e+04
1.388888888888888869e+04
1.389898989898989930e+04
1.390909090909090810e+04
1.391919191919191871e+04
1.392929292929292933e+04
1.393939393939393995e+04
1.394949494949494874e+04
1.395959595959595936e+04
1.396969696969696997e+04
1.397979797979797877e+04
1.398989898989898938e+04
1.400000000000000000e+04
