9.306163759268354374e-01
9.307127947194566708e-01
9.317427907350114280e-01
9.314264107615858324e-01
9.308474388927823195e-01
9.317157995819919103e-01
9.306949669794086777e-01
9.319917172803764416e-01
9.310154333902656010e-01
9.300074263410283981e-01
9.306806653353290049e-01
9.308617298259896922e-01
9.319130844347102149e-01
9.313119510284308955e-01
9.299769480684643153e-01
9.324783181646701946e-01
9.323877445410998499e-01
9.314415030311237187e-01
9.310088782680101538e-01
9.313480995554669351e-01
9.313401288017664204e-01
9.309445496645369911e-01
9.309480455146500466e-01
9.315868391478424604e-01
9.306442621537233117e-01
9.313438126019619734e-01
9.301108910166850929e-01
9.304927845522188434e-01
9.314546827728390488e-01
9.313430887683235015e-01
9.313524373671423495e-01
9.323281729069333723e-01
9.320836224752415688e-01
9.324102056400193073e-01
9.316471351106101473e-01
9.314764115942839595e-01
9.291905793379751088e-01
9.306876248165081300e-01
9.305451325213009994e-01
9.309967422557277050e-01
9.318532788625002450e-01
9.317626395990340482e-01
9.308671453699924880e-01
9.317589381436819362e-01
9.308495231223593569e-01
9.322020661373213724e-01
9.307387566966675019e-01
9.313692722918905931e-01
9.310621050174194835e-01
9.315974862396815270e-01
9.302990311374046417e-01
9.306165266213215492e-01
9.315805104153158656e-01
9.304754396608302391e-01
9.322929958008839835e-01
9.319581820588518362e-01
9.306395836632814778e-01
9.305036674405361419e-01
9.314555073644373850e-01
9.312261594559455569e-01
9.313856674582029482e-01
9.306317313332232999e-01
9.296381226535669340e-01
9.320845778463829889e-01
9.308299504331507546e-01
9.301633803310778159e-01
9.319329364889571421e-01
9.318350588174233451e-01
9.311675409394422065e-01
9.321059349296884067e-01
9.304090544406699026e-01
9.314264303884419727e-01
9.304029436755052451e-01
9.309699533769200119e-01
9.310061718952284959e-01
9.312066123496551828e-01
9.307544277134393029e-01
9.298283577605708228e-01
9.310644713333185996e-01
9.300198641667053456e-01
9.321452494041425618e-01
9.304269997180866225e-01
9.309651366861441124e-01
9.311913078642130026e-01
9.312797048940097966e-01
9.314097598818257273e-01
9.304243803580550809e-01
9.313700146158280235e-01
9.298816446052169393e-01
9.302553663017278929e-01
9.310006520054362467e-01
9.316509902704440682e-01
9.311317318329052073e-01
9.305424191772244669e-01
9.306466951723183501e-01
9.326150908442211174e-01
9.312436008462682269e-01
9.309629248485452591e-01
9.314384323391803333e-01
9.308929412455433372e-01
