9.340228494396792813e-01
9.338816068865030129e-01
9.338580118879217240e-01
9.340685939332799004e-01
9.346867487058954094e-01
9.337924150072960394e-01
9.337769363961903046e-01
9.336730331455421750e-01
9.334857138285468370e-01
9.341012207945476042e-01
9.339940678858558165e-01
9.349582956932832589e-01
9.342720327776150580e-01
9.342353000453323952e-01
9.341748520584831628e-01
9.332440911416274298e-01
9.342364881219931139e-01
9.341455376901163232e-01
9.331267066694873824e-01
9.332971410747904484e-01
9.338159470845631693e-01
9.334544199433750800e-01
9.335680925318524670e-01
9.350210649469253843e-01
9.341886545639075390e-01
9.343358277091196040e-01
9.337050121580037221e-01
9.336097399514405870e-01
9.341062308189357344e-01
9.338498177320074811e-01
9.354513264710075937e-01
9.350848758949017459e-01
9.337748861541299572e-01
9.348806102984517086e-01
9.330856566890112225e-01
9.329904164221287655e-01
9.351415361753493416e-01
9.345026520294297256e-01
9.330250636306710588e-01
9.329427102825649243e-01
9.335379746549802293e-01
9.344920843634966223e-01
9.329136009524342521e-01
9.340148927682454527e-01
9.347222017811845918e-01
9.345712181376495398e-01
9.344891400449222285e-01
9.357425186655666804e-01
9.352554551892674484e-01
9.339593719015084616e-01
9.348955571014129218e-01
9.341257024445616119e-01
9.339596224079886877e-01
9.339337930915174724e-01
9.326535210368664952e-01
9.339835352489624931e-01
9.345750482297839890e-01
9.335083120577042370e-01
9.343620136413415267e-01
9.338401107276697033e-01
9.346280221234358754e-01
9.340654631252479634e-01
9.350141195881912504e-01
9.345518646068188273e-01
9.348150419786610543e-01
9.352721999090094496e-01
9.339671786480708837e-01
9.347191873075436641e-01
9.334901048111705624e-01
9.335019347674562429e-01
9.339820678933978826e-01
9.333816981064999574e-01
9.345437819411478442e-01
9.351747320427596932e-01
9.339704762508275193e-01
9.342882586464144046e-01
9.330690651144544212e-01
9.338699200255259347e-01
9.340951148609785148e-01
9.338206114931872914e-01
9.339844744829930434e-01
9.339355767465725711e-01
9.338608008848813258e-01
9.332080982174628669e-01
9.341207725099455184e-01
9.327688167904679695e-01
9.346662890565050619e-01
9.349847635527206435e-01
9.341659333433924850e-01
9.347347240964871684e-01
9.361271562950997938e-01
9.340783469547118134e-01
9.358435456995128909e-01
9.342716315767704005e-01
9.331519069514910836e-01
9.346231083600257117e-01
9.339138264303821213e-01
9.340147474312832099e-01
9.343541067221863283e-01
9.353265705900398741e-01
