1.600000000000000000e+04
1.601010101010101062e+04
1.602020202020201941e+04
1.603030303030303003e+04
1.604040404040404064e+04
1.605050505050505126e+04
1.606060606060606005e+04
1.607070707070707067e+04
1.608080808080808129e+04
1.609090909090909008e+04
1.610101010101010070e+04
1.611111111111111131e+04
1.612121212121212193e+04
1.613131313131313073e+04
1.614141414141414134e+04
1.615151515151515196e+04
1.616161616161616075e+04
1.617171717171717137e+04
1.618181818181818198e+04
1.619191919191919260e+04
1.620202020202020140e+04
1.621212121212121201e+04
1.622222222222222263e+04
1.623232323232323142e+04
1.624242424242424204e+04
1.625252525252525265e+04
1.626262626262626327e+04
1.627272727272727207e+04
1.628282828282828268e+04
1.629292929292929330e+04
1.630303030303030391e+04
1.631313131313131271e+04
1.632323232323232332e+04
1.633333333333333394e+04
1.634343434343434274e+04
1.635353535353535335e+04
1.636363636363636397e+04
1.637373737373737458e+04
1.638383838383838338e+04
1.639393939393939218e+04
1.640404040404040279e+04
1.641414141414141341e+04
1.642424242424242402e+04
1.643434343434343464e+04
1.644444444444444525e+04
1.645454545454545587e+04
1.646464646464646285e+04
1.647474747474747346e+04
1.648484848484848408e+04
1.649494949494949469e+04
1.650505050505050531e+04
1.651515151515151592e+04
1.652525252525252654e+04
1.653535353535353352e+04
1.654545454545454413e+04
1.655555555555555475e+04
1.656565656565656536e+04
1.657575757575757598e+04
1.658585858585858659e+04
1.659595959595959721e+04
1.660606060606060782e+04
1.661616161616161480e+04
1.662626262626262542e+04
1.663636363636363603e+04
1.664646464646464665e+04
1.665656565656565726e+04
1.666666666666666788e+04
1.667676767676767486e+04
1.668686868686868547e+04
1.669696969696969609e+04
1.670707070707070670e+04
1.671717171717171732e+04
1.672727272727272793e+04
1.673737373737373855e+04
1.674747474747474917e+04
1.675757575757575614e+04
1.676767676767676676e+04
1.677777777777777737e+04
1.678787878787878799e+04
1.679797979797979860e+04
1.680808080808080922e+04
1.681818181818181984e+04
1.682828282828282681e+04
1.683838383838383743e+04
1.684848484848484804e+04
1.685858585858585866e+04
1.686868686868686927e+04
1.687878787878787989e+04
1.688888888888889051e+04
1.689898989898989748e+04
1.690909090909090810e+04
1.691919191919191871e+04
1.692929292929292933e+04
1.693939393939393995e+04
1.694949494949495056e+04
1.695959595959596118e+04
1.696969696969696815e+04
1.697979797979797877e+04
1.698989898989898938e+04
1.700000000000000000e+04
