9.306520277840018007e-01
9.342049047252841687e-01
9.417971637878890245e-01
9.392944167814386569e-01
9.288219761163440946e-01
9.259423749514239521e-01
9.425130030112236490e-01
9.436668048783974916e-01
9.413231685561793682e-01
9.361849597570494064e-01
9.401578137610629993e-01
9.369588729160370777e-01
9.366855005315914973e-01
9.346583267999289957e-01
9.341201674848961245e-01
9.355779992249397825e-01
9.333554379313300231e-01
9.336654017051303489e-01
9.342135407921493551e-01
9.363337260742947699e-01
9.339373452416892540e-01
9.355593430487276763e-01
9.345228942516514703e-01
9.332524316351311633e-01
9.323766964629549570e-01
9.327438235837489655e-01
9.334391094768352826e-01
9.329092683041513290e-01
9.341289242044182872e-01
9.342030391456007665e-01
9.332296695819182197e-01
9.322953516376056848e-01
9.333881328360504881e-01
9.349900347863179251e-01
9.325132849310138194e-01
9.335325219155626852e-01
9.352761357439581813e-01
9.334040014832249987e-01
9.327353504387605465e-01
9.321610127164026149e-01
9.337235199249807049e-01
9.341700053487675959e-01
9.329794849564804204e-01
9.350424527936801455e-01
9.324396592338571876e-01
9.325695088977224989e-01
9.332577815076443795e-01
9.337825175301496250e-01
9.341203738516182797e-01
9.324624687331349859e-01
9.320429045346988461e-01
9.340487278374245417e-01
9.331559581798697378e-01
9.344522970794369998e-01
9.331911671137629316e-01
9.338360783091081974e-01
9.335745195997274815e-01
9.334948663724746964e-01
9.331020757837040769e-01
9.316660475455423862e-01
9.342540309873462734e-01
9.331255524814097146e-01
9.343835532893606244e-01
9.318644428044717820e-01
9.344517402079878243e-01
9.327162713694227003e-01
9.338272860973622080e-01
9.346835253800259702e-01
9.338703760159976497e-01
9.342136775247354974e-01
9.340342792890412582e-01
9.338062084007276997e-01
9.343066768434008518e-01
9.332030002341291652e-01
9.334216800472922015e-01
9.326657431755746019e-01
9.327641562352385618e-01
9.332271232884820078e-01
9.333480508079931015e-01
9.331788014382592644e-01
9.337706047909228868e-01
9.346440177865202870e-01
9.330891732850500331e-01
9.317305416114495253e-01
9.331972774578208840e-01
9.346912380415851596e-01
9.345120141119489521e-01
9.331985944401181010e-01
9.326351592675032887e-01
9.335110708909649668e-01
9.346272240681204879e-01
9.325927349235985098e-01
9.322688143937971628e-01
9.345111739282828678e-01
9.345077517636902753e-01
9.322538773077047036e-01
9.335861096237187962e-01
9.340779321130977531e-01
9.338261867733096411e-01
9.325828403069126304e-01
