9.388861942766435487e-01
9.441553727008712427e-01
9.383582493404586389e-01
9.391292264937470824e-01
9.386317371332345560e-01
9.360015533453943659e-01
9.307472194076723548e-01
9.345663374783149679e-01
9.321923827708374910e-01
9.326855149356784169e-01
9.316072477788395201e-01
9.303251409317466747e-01
9.316137256606203954e-01
9.300321389042952580e-01
9.298021462716382635e-01
9.318202720278394580e-01
9.316136323852316492e-01
9.287523322816428895e-01
9.292514969317898776e-01
9.322775069349086285e-01
9.316058944065163105e-01
9.303428570822894761e-01
9.306852747984938334e-01
9.311081007049459846e-01
9.315056045451141076e-01
9.294845425280300333e-01
9.323404681675352412e-01
9.300875202639096173e-01
9.307476276473135579e-01
9.293136031857939239e-01
9.304463474325805894e-01
9.306982826479777149e-01
9.320997678131665021e-01
9.288981464141977673e-01
9.318205969992759963e-01
9.298039838877679708e-01
9.298749059902350345e-01
9.301938238599598563e-01
9.304064661697408756e-01
9.317114677929404509e-01
9.309193556306183392e-01
9.297157755158255155e-01
9.323959935626073836e-01
9.308695608852044501e-01
9.311557261762724025e-01
9.309546387455670535e-01
9.313233116532148026e-01
9.306494806462596303e-01
9.298108139157221785e-01
9.307695204289631041e-01
9.298734289490256932e-01
9.309305554174049924e-01
9.300628806476664012e-01
9.308885955685177738e-01
9.306278063933804967e-01
9.307445457067881067e-01
9.314070978885015117e-01
9.317228847472844855e-01
9.304564190566322335e-01
9.302713526706172242e-01
9.316437828820736122e-01
9.312587666039300327e-01
9.316643778290265576e-01
9.309444440478824578e-01
9.317961177150174690e-01
9.312612016522235914e-01
9.306922316775794179e-01
9.303259718828187363e-01
9.294286053157119198e-01
9.296183394091748209e-01
9.309860457505878539e-01
9.310961064599077019e-01
9.304724531404683363e-01
9.304093652792112534e-01
9.304665756188129633e-01
9.309358275181577325e-01
9.302424266237082628e-01
9.294537637164141941e-01
9.318976347942734551e-01
9.294514567470050226e-01
9.298348774864121369e-01
9.297979155599781498e-01
9.306550177754026043e-01
9.308448283366070886e-01
9.292944602587813741e-01
9.295942401704334612e-01
9.330618567253450291e-01
9.307756920800999145e-01
9.306785630563925160e-01
9.300721365931959861e-01
9.310728586508432159e-01
9.307926378854575189e-01
9.304508556321470225e-01
9.307452175108712478e-01
9.312055959185547849e-01
9.323643972685704551e-01
9.301746386893906537e-01
9.302786236505302675e-01
9.310265957274375115e-01
9.304561547598992899e-01
