9.340948996417738348e-01
9.340054804202344574e-01
9.337090793507030195e-01
9.329236321666890541e-01
9.348014808333271475e-01
9.332383041020022585e-01
9.342425787472891097e-01
9.342475737261116686e-01
9.336373587185177181e-01
9.361233860629961656e-01
9.327068516002621212e-01
9.340305930149861435e-01
9.338462500177080461e-01
9.334323885791421249e-01
9.340911743444842985e-01
9.331114954424204466e-01
9.345304798584874728e-01
9.339405373020926993e-01
9.331367406293491484e-01
9.343273974681128857e-01
9.337798766420039032e-01
9.340461972864917417e-01
9.348398569731990460e-01
9.325071400377076269e-01
9.335720422139882624e-01
9.330978585715550278e-01
9.336618541411803029e-01
9.339410173750497535e-01
9.348908304394588642e-01
9.346550740803959423e-01
9.338018200919524503e-01
9.337460080173985988e-01
9.335496299132631792e-01
9.345474412421419519e-01
9.347125563655187541e-01
9.331917813244788862e-01
9.335925677880412277e-01
9.346893082205268710e-01
9.329574597704293204e-01
9.327776787335281261e-01
9.339737345995685613e-01
9.324538756213127666e-01
9.339493794511072311e-01
9.332503333539070578e-01
9.329653789630549809e-01
9.339553511009361930e-01
9.344564230775117553e-01
9.336729899412032907e-01
9.346565470494425654e-01
9.330748550027835320e-01
9.335089881109766008e-01
9.328011832709256490e-01
9.350876432060056809e-01
9.337138867397383191e-01
9.337369687919633288e-01
9.342483871370774740e-01
9.337537982342591913e-01
9.346872304650007957e-01
9.337597308179261812e-01
9.345327337750858332e-01
9.341526342552323170e-01
9.339843529594368254e-01
9.334682242343538272e-01
9.330122514599683559e-01
9.322340237663311324e-01
9.338279351844648302e-01
9.333726358538547707e-01
9.342926459168078290e-01
9.341556560378775353e-01
9.345358367177046821e-01
9.318041330962759661e-01
9.352090727966985151e-01
9.324606835394230187e-01
9.337002259944919835e-01
9.345886076056026948e-01
9.333195483502545464e-01
9.319442170073618525e-01
9.357983131118770004e-01
9.332915643725696597e-01
9.338957104810258203e-01
9.338193820387503674e-01
9.335993286931919544e-01
9.337359496515474921e-01
9.345208727574665364e-01
9.337992334857301291e-01
9.348803048385919690e-01
9.333454020806798423e-01
9.337167608588237133e-01
9.338289302678109971e-01
9.337899496968370405e-01
9.336204122389879512e-01
9.341291977764742960e-01
9.325228615589955528e-01
9.333819134872499701e-01
9.328628129674090275e-01
9.350319290077322432e-01
9.336820694442531376e-01
9.337503358522886154e-01
9.336950228908531546e-01
9.338311213025666246e-01
