9.312241753027384883e-01
9.312112771006525458e-01
9.307975751675958698e-01
9.318722998149356895e-01
9.309753565456087010e-01
9.319153761735152752e-01
9.296742066713944430e-01
9.310462610281996509e-01
9.307210946946299357e-01
9.309621866056388972e-01
9.301400080895262379e-01
9.325681805132116642e-01
9.313704167406692269e-01
9.316032830850955460e-01
9.307887842566316960e-01
9.308979386471345485e-01
9.309377441522240781e-01
9.313847446960380472e-01
9.307666151873731364e-01
9.305696777082005378e-01
9.311438831360852042e-01
9.298498424050126721e-01
9.303763814820249500e-01
9.307443647133493148e-01
9.310609545135336562e-01
9.310791278227540380e-01
9.300491166685234123e-01
9.308682746992676948e-01
9.311302671889831739e-01
9.309062234270615299e-01
9.311034874888229895e-01
9.314842161049127212e-01
9.308792981650523268e-01
9.311537759473283993e-01
9.307410613661162291e-01
9.313398952049888324e-01
9.303333901962643759e-01
9.313646583868869788e-01
9.312679340827099139e-01
9.303982878124842371e-01
9.309079136329411197e-01
9.313863555927210935e-01
9.302951465003099774e-01
9.311017925713496179e-01
9.304737464627723664e-01
9.297111933331579925e-01
9.293293478303786825e-01
9.316320249958585098e-01
9.306893182936858411e-01
9.324131279844176667e-01
9.304856178230722641e-01
9.306273210413379404e-01
9.307581598320068261e-01
9.315471404537314370e-01
9.320515637337773995e-01
9.302927463677351794e-01
9.308588290821031563e-01
9.323696316414998853e-01
9.314747159322432912e-01
9.299809829523255633e-01
9.311410609759315227e-01
9.296077392670478723e-01
9.309217984004887203e-01
9.312404978672028655e-01
9.301409544677894381e-01
9.324183113268427192e-01
9.309490811617433526e-01
9.307280960964698924e-01
9.301643018120405726e-01
9.315384604240822819e-01
9.312553501781579701e-01
9.310606530506361223e-01
9.304116777364250801e-01
9.300112097973931569e-01
9.302893377469924063e-01
9.311523529917038466e-01
9.302501981391592123e-01
9.305039847730544045e-01
9.308551152654016558e-01
9.312373808372577111e-01
9.297995664683545991e-01
9.310651151625761734e-01
9.315056578136965415e-01
9.306017825331358573e-01
9.312322391183555093e-01
9.321602103105358639e-01
9.308836705654116583e-01
9.304870083251536306e-01
9.313991241225034745e-01
9.321793810972480721e-01
9.310150079661939637e-01
9.302065901776139789e-01
9.310864401816343339e-01
9.315109546951628738e-01
9.301270643109137426e-01
9.314787069294128141e-01
9.302848467945807887e-01
9.308916494824500676e-01
9.304570000428804555e-01
9.319036574391161842e-01
