9.272572502228448865e-01
9.278585763923050678e-01
9.270092506862741555e-01
9.272434416191263074e-01
9.263888870874218417e-01
9.271663230863950167e-01
9.274118204492588502e-01
9.272958166889980758e-01
9.277515088653298658e-01
9.268171957238975356e-01
9.266552277728685727e-01
9.272279703356731684e-01
9.276153852050315063e-01
9.269205220600802431e-01
9.265717016102738013e-01
9.276929070928342513e-01
9.266368500549341247e-01
9.276665752616652938e-01
9.277199606648539598e-01
9.264881209488002867e-01
9.263529258481406625e-01
9.277173424265313662e-01
9.271111547178584322e-01
9.270745105493028992e-01
9.273117901780790762e-01
9.278619363857938396e-01
9.274947366456653963e-01
9.266775753911962177e-01
9.272294263607177012e-01
9.273911040158139274e-01
9.267836296598068735e-01
9.262721837858080010e-01
9.263511545227476329e-01
9.271618751558724503e-01
9.275818666853794525e-01
9.280098844534754310e-01
9.271119223331687476e-01
9.272424200597167987e-01
9.267049130055168282e-01
9.274054881875327672e-01
9.275925850448000221e-01
9.265054644041622600e-01
9.256659051582540876e-01
9.263752234987424616e-01
9.278244879380957988e-01
9.279289395385822425e-01
9.270327746542139646e-01
9.271978893371654040e-01
9.276005830017424181e-01
9.276224539941688718e-01
9.275305305357290919e-01
9.281299371322064840e-01
9.278460392991405570e-01
9.278190447611390779e-01
9.260582712512627213e-01
9.276817559031413918e-01
9.272337461621944499e-01
9.267664663860234464e-01
9.272188585517612269e-01
9.266882749661606855e-01
9.269901581643799071e-01
9.272082791042947081e-01
9.274282709543930636e-01
9.274944020275239787e-01
9.266993135198865472e-01
9.273805670600215878e-01
9.266385603109912328e-01
9.274342444539022123e-01
9.268742659838449249e-01
9.266914947642771461e-01
9.276694689731505017e-01
9.272937972294039710e-01
9.263883759886284430e-01
9.262344948058777172e-01
9.272274380627592016e-01
9.273777967448973980e-01
9.274246234282310652e-01
9.273570204640817494e-01
9.275640840443857282e-01
9.275690431555106974e-01
9.276513309753512404e-01
9.266870174075813038e-01
9.273680585633748974e-01
9.271093544923275642e-01
9.270007468972855103e-01
9.271690293167732522e-01
9.266623736751645746e-01
9.265947219640623400e-01
9.273902894126568874e-01
9.260592822939618385e-01
9.272730024368412982e-01
9.271710750385006028e-01
9.276450757310179540e-01
9.276050852305706140e-01
9.266932408037502622e-01
9.270125161470706976e-01
9.268864158180692980e-01
9.272238072670970777e-01
9.272588710310945004e-01
9.266230456638138158e-01
