9.382808207218771290e-01
9.384812566348700313e-01
9.379542080005013327e-01
9.396593344839344608e-01
9.395676422686120022e-01
9.381356028324242535e-01
9.388843802767123936e-01
9.397498142726040671e-01
9.387327570880263927e-01
9.382901636220086772e-01
9.390112050646971520e-01
9.379642420158820215e-01
9.387909144514531290e-01
9.377564595086088639e-01
9.403192939666406014e-01
9.390347559376195363e-01
9.390248281706730094e-01
9.379594228043648396e-01
9.388805929815752238e-01
9.402174660874036416e-01
9.391389303826789270e-01
9.393809747225694284e-01
9.392712382198413756e-01
9.388572790894273989e-01
9.385511342347261365e-01
9.401746072628771600e-01
9.407940115611885812e-01
9.375772737484452390e-01
9.394300140062055160e-01
9.392795700940037573e-01
9.385776311192645105e-01
9.386648178134653353e-01
9.386581504507237605e-01
9.387261081924123118e-01
9.390189017424890316e-01
9.386690513776954070e-01
9.388887853305891706e-01
9.391198524133556047e-01
9.392088994098628518e-01
9.384662089120108242e-01
9.390578823869490943e-01
9.387403678792278772e-01
9.401679195445441506e-01
9.396597807926262425e-01
9.387310981446341795e-01
9.390028036130786404e-01
9.385404003167581166e-01
9.394788144734647073e-01
9.392916317923898362e-01
9.392787300491776126e-01
9.387978915342979347e-01
9.380459006977065473e-01
9.396353403145946137e-01
9.389451474575915002e-01
9.397144490712954212e-01
9.382895657255859723e-01
9.385457703246884442e-01
9.392629795667744030e-01
9.394712733361679780e-01
9.384860952063988071e-01
9.395835220370483132e-01
9.383888581476481638e-01
9.387207877410923551e-01
9.385098833685434627e-01
9.393979888563839253e-01
9.386685528472555884e-01
9.378772882387709231e-01
9.394198195996484868e-01
9.383919738452705106e-01
9.381700902342068327e-01
9.396368748237012847e-01
9.402564515808553569e-01
9.393160137983597169e-01
9.390478906737392828e-01
9.400058112513539621e-01
9.385808528740383627e-01
9.385219217747150511e-01
9.394846145530691972e-01
9.379327314063355958e-01
9.391266252646354173e-01
9.388768818382587922e-01
9.399121778746538647e-01
9.384455396384213666e-01
9.385816633093362338e-01
9.390211647696867781e-01
9.400478297700074481e-01
9.388266554661399699e-01
9.382141657554655678e-01
9.394967824279805146e-01
9.398393563277587237e-01
9.389937804228167817e-01
9.379659494903702655e-01
9.366158199040471866e-01
9.371848207207134074e-01
9.357520481052503669e-01
9.359668215777399158e-01
9.325716264173807835e-01
9.093774625689519109e-01
8.890041493775933112e-01
1.059113300492610765e+00
