1.900000000000000000e+04
1.901010101010101062e+04
1.902020202020202123e+04
1.903030303030303185e+04
1.904040404040403882e+04
1.905050505050504944e+04
1.906060606060606005e+04
1.907070707070707067e+04
1.908080808080808129e+04
1.909090909090909190e+04
1.910101010101010252e+04
1.911111111111110949e+04
1.912121212121212011e+04
1.913131313131313073e+04
1.914141414141414134e+04
1.915151515151515196e+04
1.916161616161616257e+04
1.917171717171717319e+04
1.918181818181818016e+04
1.919191919191919078e+04
1.920202020202020140e+04
1.921212121212121201e+04
1.922222222222222263e+04
1.923232323232323324e+04
1.924242424242424386e+04
1.925252525252525083e+04
1.926262626262626145e+04
1.927272727272727207e+04
1.928282828282828268e+04
1.929292929292929330e+04
1.930303030303030391e+04
1.931313131313131453e+04
1.932323232323232151e+04
1.933333333333333212e+04
1.934343434343434274e+04
1.935353535353535335e+04
1.936363636363636397e+04
1.937373737373737458e+04
1.938383838383838520e+04
1.939393939393939218e+04
1.940404040404040279e+04
1.941414141414141341e+04
1.942424242424242402e+04
1.943434343434343464e+04
1.944444444444444525e+04
1.945454545454545587e+04
1.946464646464646285e+04
1.947474747474747346e+04
1.948484848484848408e+04
1.949494949494949469e+04
1.950505050505050531e+04
1.951515151515151592e+04
1.952525252525252654e+04
1.953535353535353352e+04
1.954545454545454413e+04
1.955555555555555475e+04
1.956565656565656536e+04
1.957575757575757598e+04
1.958585858585858659e+04
1.959595959595959721e+04
1.960606060606060782e+04
1.961616161616161480e+04
1.962626262626262542e+04
1.963636363636363603e+04
1.964646464646464665e+04
1.965656565656565726e+04
1.966666666666666788e+04
1.967676767676767486e+04
1.968686868686868547e+04
1.969696969696969609e+04
1.970707070707070670e+04
1.971717171717171732e+04
1.972727272727272793e+04
1.973737373737373855e+04
1.974747474747474917e+04
1.975757575757575614e+04
1.976767676767676676e+04
1.977777777777777737e+04
1.978787878787878799e+04
1.979797979797979860e+04
1.980808080808080922e+04
1.981818181818181984e+04
1.982828282828282681e+04
1.983838383838383743e+04
1.984848484848484804e+04
1.985858585858585866e+04
1.986868686868686927e+04
1.987878787878787989e+04
1.988888888888889051e+04
1.989898989898989748e+04
1.990909090909090810e+04
1.991919191919191871e+04
1.992929292929292933e+04
1.993939393939393995e+04
1.994949494949495056e+04
1.995959595959596118e+04
1.996969696969696815e+04
1.997979797979797877e+04
1.998989898989898938e+04
2.000000000000000000e+04
