9.408132370742509076e-01
9.406569490430882752e-01
9.397414847203081623e-01
9.399260596665686140e-01
9.391819531952353417e-01
9.402462347357842809e-01
9.388873438802528559e-01
9.399191400510287231e-01
9.392601803454059262e-01
9.403533512061746924e-01
9.389989450047977471e-01
9.397072010557824262e-01
9.397860346352103766e-01
9.398379211377557718e-01
9.390048283248252359e-01
9.397058248778140666e-01
9.388709691639842703e-01
9.384076433603703027e-01
9.399738682187137595e-01
9.399955494602205697e-01
9.391672253692435746e-01
9.394222815124871895e-01
9.396243513331256070e-01
9.393880844049183887e-01
9.405864000355190768e-01
9.389396061985397779e-01
9.401609139048290320e-01
9.395150435126273791e-01
9.402656918823620869e-01
9.392593515690575989e-01
9.396828055184149875e-01
9.402354266886344680e-01
9.401437334632266607e-01
9.397983785243133603e-01
9.400085362020190738e-01
9.396798328313263893e-01
9.407254478276676490e-01
9.405198673155932276e-01
9.390934103593844284e-01
9.390608869258991742e-01
9.380244930297741979e-01
9.404803139393465017e-01
9.402546424156468241e-01
9.394102196312318354e-01
9.398991611266999113e-01
9.385177399287218947e-01
9.391964673749890746e-01
9.409564717465206396e-01
9.392586840341234922e-01
9.396666398839973455e-01
9.412614315074606663e-01
9.396805688369792575e-01
9.399534142304866169e-01
9.405374148596139516e-01
9.400109874870086202e-01
9.397486023391278254e-01
9.398489124979436671e-01
9.404451500418422594e-01
9.394266063704960201e-01
9.387383087930020187e-01
9.402241757635138031e-01
9.390255439929328096e-01
9.394564288263409502e-01
9.395412271714020935e-01
9.385404448708730696e-01
9.396364463433968250e-01
9.388548976531901902e-01
9.397486363560086930e-01
9.407421292670065105e-01
9.406085836258750721e-01
9.395986483196938632e-01
9.396142486995178178e-01
9.386640174194313957e-01
9.393567196193454150e-01
9.398169461183288886e-01
9.388927848830699308e-01
9.391334081991422611e-01
9.393209076002411173e-01
9.392638389204186478e-01
9.401621714791409401e-01
9.403033568240751761e-01
9.398204053966967564e-01
9.403064773974239010e-01
9.393599585590473033e-01
9.404469037026834677e-01
9.390575678383504821e-01
9.402869572746418436e-01
9.396744517106860872e-01
9.396209493028959692e-01
9.397199485122393892e-01
9.396451483091928791e-01
9.402478209674201004e-01
9.392008990822658943e-01
9.392400805753168269e-01
9.396777314874530385e-01
9.407691248356051528e-01
9.394064407399872474e-01
9.393432643511560043e-01
9.395701793247652756e-01
9.401903736510509590e-01
