9.258513876409224519e-01
9.281321991660866910e-01
9.277378401772943262e-01
9.256638225396450759e-01
9.259233691041277581e-01
9.278408290078590248e-01
9.269569821601474358e-01
9.268489637272196990e-01
9.266239768536023158e-01
9.272743692489158196e-01
9.275123268584420932e-01
9.273377579588775177e-01
9.266542676907825182e-01
9.266383259845580866e-01
9.269701441400413078e-01
9.274540524597791880e-01
9.274435724817816640e-01
9.281735648190528876e-01
9.260539044844736667e-01
9.268902958852759388e-01
9.278068290128682616e-01
9.273465222159886778e-01
9.255787558803718618e-01
9.261358286039690357e-01
9.283004724743855185e-01
9.268647189347068993e-01
9.264123770640556588e-01
9.275075830782556485e-01
9.266800144070849177e-01
9.275885281715186004e-01
9.269486709423414572e-01
9.266168058159298671e-01
9.258823302721561621e-01
9.267684758074089535e-01
9.267691321837294716e-01
9.269518162142075246e-01
9.271602879782158135e-01
9.272524118095023526e-01
9.253689991820084337e-01
9.279011940403498748e-01
9.277489444858511014e-01
9.267983221206610445e-01
9.280966937416079698e-01
9.279028348441081819e-01
9.270497314398546962e-01
9.270923918130347108e-01
9.257745484225615717e-01
9.269448334085322871e-01
9.280474256168605995e-01
9.270087535263624723e-01
9.267518027741785680e-01
9.273510003431690851e-01
9.271039245003870333e-01
9.270283035852338038e-01
9.267891912004566635e-01
9.267264922588454024e-01
9.273504227965975177e-01
9.260971451326545090e-01
9.265775108427007911e-01
9.269880774038974369e-01
9.280770063190614261e-01
9.270170210507988617e-01
9.259679562163564137e-01
9.271625907888281226e-01
9.270261536569037730e-01
9.271432894289998172e-01
9.271835566839307097e-01
9.278613048046613354e-01
9.271625307278082984e-01
9.271529898073438414e-01
9.272767099986861661e-01
9.260562889816787990e-01
9.271665812946795482e-01
9.283149782359915170e-01
9.273503472843597217e-01
9.258322887904085752e-01
9.271376896031127135e-01
9.264456121799368171e-01
9.259045516513668694e-01
9.268153680164463726e-01
9.279834988702825305e-01
9.268182671034304043e-01
9.265956921225722009e-01
9.269070221980203472e-01
9.289517764911485731e-01
9.257176130224725741e-01
9.276010487639673174e-01
9.274596096957512525e-01
9.263260777351356445e-01
9.256092437370592174e-01
9.271160732657156567e-01
9.261853343572223896e-01
9.251659365645273914e-01
9.248723752250986863e-01
9.269062954498233919e-01
9.247837743849769421e-01
9.319096255029403197e-01
9.332552693208431283e-01
9.046230737192836324e-01
9.404617253948966971e-01
