2.450000000000000000e+04
2.451010101010101062e+04
2.452020202020202123e+04
2.453030303030303185e+04
2.454040404040403882e+04
2.455050505050504944e+04
2.456060606060606005e+04
2.457070707070707067e+04
2.458080808080808129e+04
2.459090909090909190e+04
2.460101010101010252e+04
2.461111111111110949e+04
2.462121212121212011e+04
2.463131313131313073e+04
2.464141414141414134e+04
2.465151515151515196e+04
2.466161616161616257e+04
2.467171717171717319e+04
2.468181818181818016e+04
2.469191919191919078e+04
2.470202020202020140e+04
2.471212121212121201e+04
2.472222222222222263e+04
2.473232323232323324e+04
2.474242424242424386e+04
2.475252525252525083e+04
2.476262626262626145e+04
2.477272727272727207e+04
2.478282828282828268e+04
2.479292929292929330e+04
2.480303030303030391e+04
2.481313131313131453e+04
2.482323232323232151e+04
2.483333333333333212e+04
2.484343434343434274e+04
2.485353535353535335e+04
2.486363636363636397e+04
2.487373737373737458e+04
2.488383838383838520e+04
2.489393939393939218e+04
2.490404040404040279e+04
2.491414141414141341e+04
2.492424242424242402e+04
2.493434343434343464e+04
2.494444444444444525e+04
2.495454545454545587e+04
2.496464646464646285e+04
2.497474747474747346e+04
2.498484848484848408e+04
2.499494949494949469e+04
2.500505050505050531e+04
2.501515151515151592e+04
2.502525252525252654e+04
2.503535353535353352e+04
2.504545454545454413e+04
2.505555555555555475e+04
2.506565656565656536e+04
2.507575757575757598e+04
2.508585858585858659e+04
2.509595959595959721e+04
2.510606060606060782e+04
2.511616161616161480e+04
2.512626262626262542e+04
2.513636363636363603e+04
2.514646464646464665e+04
2.515656565656565726e+04
2.516666666666666788e+04
2.517676767676767486e+04
2.518686868686868547e+04
2.519696969696969609e+04
2.520707070707070670e+04
2.521717171717171732e+04
2.522727272727272793e+04
2.523737373737373855e+04
2.524747474747474917e+04
2.525757575757575614e+04
2.526767676767676676e+04
2.527777777777777737e+04
2.528787878787878799e+04
2.529797979797979860e+04
2.530808080808080922e+04
2.531818181818181984e+04
2.532828282828282681e+04
2.533838383838383743e+04
2.534848484848484804e+04
2.535858585858585866e+04
2.536868686868686927e+04
2.537878787878787989e+04
2.538888888888889051e+04
2.539898989898989748e+04
2.540909090909090810e+04
2.541919191919191871e+04
2.542929292929292933e+04
2.543939393939393995e+04
2.544949494949495056e+04
2.545959595959596118e+04
2.546969696969696815e+04
2.547979797979797877e+04
2.548989898989898938e+04
2.550000000000000000e+04
