9.294190017867018927e-01
9.296602448895385784e-01
9.290955183107969528e-01
9.292173059322028639e-01
9.295288303029857202e-01
9.277493655883497503e-01
9.294291010847846035e-01
9.291390068875217123e-01
9.294435371889159248e-01
9.295014761889272004e-01
9.290374234538971709e-01
9.297888901916829818e-01
9.292140062263538614e-01
9.289290393959708236e-01
9.292621547311182839e-01
9.291421782126645379e-01
9.293913250741363541e-01
9.290308461975229637e-01
9.282482635962777673e-01
9.290795995505796157e-01
9.290813993288111750e-01
9.292381742968631730e-01
9.291685005305104772e-01
9.290576142134083781e-01
9.289250342530025462e-01
9.295082794387534708e-01
9.278759890165122481e-01
9.296000986075806383e-01
9.290157313018895247e-01
9.295185134579746489e-01
9.294860962566886542e-01
9.285576326582460904e-01
9.300641258943641576e-01
9.292051996050854079e-01
9.294821996532435238e-01
9.285340865297674329e-01
9.299398238674312367e-01
9.292860639012682222e-01
9.284751867872030884e-01
9.288057224108224874e-01
9.294196757372322759e-01
9.300583164143894077e-01
9.288693678667483411e-01
9.288104297273375165e-01
9.296058626524412727e-01
9.296858561146668087e-01
9.291698488850227422e-01
9.292608043845027588e-01
9.297935132051491358e-01
9.287537064418630584e-01
9.294047771761768661e-01
9.287309982030454991e-01
9.292114958192457808e-01
9.294447465680173437e-01
9.295705423941625911e-01
9.298911400607895450e-01
9.295904688500481461e-01
9.282215264955349099e-01
9.290998711977854763e-01
9.291601641154626501e-01
9.288960004824445837e-01
9.286662727867086575e-01
9.294751183982176146e-01
9.290196294967760782e-01
9.300120437537394702e-01
9.290844872052664849e-01
9.286100344455784361e-01
9.291045281554960455e-01
9.292127999897824564e-01
9.288661964609705723e-01
9.286662575937456587e-01
9.298738731369297073e-01
9.291170739900869169e-01
9.291940082069455320e-01
9.294687491737315677e-01
9.297217552934415874e-01
9.289146794694220777e-01
9.286031636188334382e-01
9.294918997511045777e-01
9.292384530250176189e-01
9.291570739997085937e-01
9.290736188875939883e-01
9.286776836224818199e-01
9.286748019821563505e-01
9.285853656628774155e-01
9.292668076059698024e-01
9.295094308219572499e-01
9.294368381269049184e-01
9.288136124691095397e-01
9.298236019874027702e-01
9.297107369885402317e-01
9.287766119297157230e-01
9.289317624867673429e-01
9.295335477694911530e-01
9.292332819550246370e-01
9.290743504641880701e-01
9.295302973125411095e-01
9.295819798840007087e-01
9.293189773927349462e-01
9.284643184554025597e-01
