9.339117535271513892e-01
9.345824881075245338e-01
9.341363989998165973e-01
9.333317388579506213e-01
9.328745629721589827e-01
9.333713557859955046e-01
9.337713182349571817e-01
9.343423266895823920e-01
9.332361525334523789e-01
9.338891634786756768e-01
9.337083524101046361e-01
9.325469706755766808e-01
9.338469162212608143e-01
9.337778574563182499e-01
9.339277536516283895e-01
9.333347802597530274e-01
9.328893445886164981e-01
9.325670463933813936e-01
9.338739699658439308e-01
9.341084561914130280e-01
9.341799748859561658e-01
9.327224335654497045e-01
9.342192786063279186e-01
9.344779986974350861e-01
9.334407608180086413e-01
9.343734242070802498e-01
9.333959711076876831e-01
9.337771946816640911e-01
9.333760336503991173e-01
9.326495028975546608e-01
9.333465964219449518e-01
9.340213753321943146e-01
9.334914897141716184e-01
9.335129021449507514e-01
9.331062140889874179e-01
9.350992955344896718e-01
9.344804384701395072e-01
9.340006389776357443e-01
9.332192700346665371e-01
9.333834798251060549e-01
9.335998891718795267e-01
9.340415663233572197e-01
9.322125060615279457e-01
9.334518536780270770e-01
9.336865005621088898e-01
9.324016820720382182e-01
9.333628645823665027e-01
9.347193778110625129e-01
9.339496961568676259e-01
9.329995887676025834e-01
9.342006371176154733e-01
9.337363790826290755e-01
9.333180720198119840e-01
9.336735580590239669e-01
9.346835298319600138e-01
9.338316547403791024e-01
9.328402532517874324e-01
9.342984556388657102e-01
9.334435626006895026e-01
9.336101463448445159e-01
9.337020686088006727e-01
9.346704035581706593e-01
9.339814925472085250e-01
9.320973885908734324e-01
9.332058451219160666e-01
9.340149844239356014e-01
9.334885936473815704e-01
9.338314680740111839e-01
9.337210793823854660e-01
9.334188094950982562e-01
9.339929396618276147e-01
9.339844181187765271e-01
9.337263696829604109e-01
9.332276309096709799e-01
9.336754066894008552e-01
9.329310974258913092e-01
9.326643213949352695e-01
9.348406895885413848e-01
9.329180074032855652e-01
9.331776492294527880e-01
9.304713800685739944e-01
9.352651706531606157e-01
9.366044001660439600e-01
9.338837516512549231e-01
9.285308712074455961e-01
9.297163120567375483e-01
9.243243243243243201e-01
9.787066246056782548e-01
9.416243654822334941e-01
9.137931034482759118e-01
1.106382978723404298e+00
1.175000000000000044e+00
1.421052631578947345e+00
1.352941176470588314e+00
4.000000000000000222e-01
0.000000000000000000e+00
0.000000000000000000e+00
1.000000000000000000e+00
0.000000000000000000e+00
0.000000000000000000e+00
