9.354036666319965887e-01
9.346406484476530441e-01
9.351208341676747748e-01
9.341475032967221370e-01
9.352976343278165405e-01
9.346881004254590231e-01
9.338678459499224482e-01
9.346772177326533315e-01
9.347316996238383968e-01
9.351882204514739838e-01
9.347292498460328947e-01
9.342730555548431903e-01
9.344999527162974884e-01
9.355747641013480997e-01
9.348781195216879780e-01
9.339589770680304381e-01
9.343576573697435217e-01
9.351953942706391354e-01
9.353479378466514893e-01
9.349976964605638541e-01
9.346839770120536350e-01
9.343299324427948305e-01
9.346752094448056436e-01
9.348012927617890266e-01
9.342484542609948983e-01
9.352029692442777042e-01
9.349627676510942065e-01
9.344551403089615960e-01
9.338590605837521208e-01
9.341007274274734096e-01
9.344654811892035839e-01
9.350681438944657975e-01
9.350125129786585054e-01
9.340613264000783289e-01
9.340021342273844285e-01
9.349750701569442546e-01
9.343493814748311532e-01
9.349760687683582594e-01
9.346136731706548018e-01
9.347038595365362301e-01
9.342188030437351687e-01
9.342469268836151031e-01
9.352468550934320835e-01
9.342661498678221932e-01
9.347053159569448377e-01
9.351619768737411409e-01
9.349513762324477284e-01
9.344225791375809775e-01
9.343816413758607720e-01
9.337792165285180301e-01
9.343544328507160657e-01
9.344902059478614742e-01
9.334446948708686742e-01
9.348096589903892584e-01
9.341218764316771006e-01
9.346040386172755898e-01
9.346234770197320296e-01
9.336545933741603465e-01
9.340717847770447779e-01
9.345591170946457860e-01
9.349006437042779449e-01
9.345756007899924667e-01
9.343750044294251156e-01
9.346484558915482133e-01
9.346493408666913805e-01
9.347983976911700132e-01
9.339666717800505502e-01
9.348683033379169283e-01
9.344466431639402160e-01
9.345850232650928513e-01
9.348957764116220259e-01
9.340705319911515314e-01
9.340067258516999704e-01
9.348866219415938872e-01
9.341200707718322338e-01
9.341485308306186619e-01
9.353083567415647614e-01
9.346333438170103536e-01
9.342582649667188210e-01
9.352327051433925176e-01
9.347994296417100335e-01
9.343296350273555539e-01
9.349857163098862500e-01
9.345677928980982152e-01
9.350522373368163054e-01
9.343866500991763191e-01
9.347717327498343831e-01
9.333701287031208604e-01
9.344591566898315937e-01
9.349406498151189293e-01
9.345953994340068238e-01
9.351373617953213646e-01
9.336038166854536691e-01
9.345393568119466643e-01
9.341878675356196648e-01
9.351423405948274814e-01
9.341236576947429260e-01
9.339698869260062430e-01
9.331925564480596513e-01
9.350023963591996834e-01
