9.291581779088701198e-01
9.297977099848676596e-01
9.282902123000592587e-01
9.285620869811741507e-01
9.296316386826400935e-01
9.287222667595101955e-01
9.285826752042982690e-01
9.291985277484741124e-01
9.291813920491178713e-01
9.284808305583061028e-01
9.281787253499351742e-01
9.293356650170343514e-01
9.292599513659259847e-01
9.288391594208104118e-01
9.305696895994355344e-01
9.286984976089920352e-01
9.290337593671524896e-01
9.288794829504452011e-01
9.282698522497937477e-01
9.283680631295174734e-01
9.298272761702420786e-01
9.289809794626612272e-01
9.285083424554215759e-01
9.294363595606746076e-01
9.290689306990034257e-01
9.285018435414142957e-01
9.297275613333132460e-01
9.292878233621643114e-01
9.280589298211019411e-01
9.297636344307027567e-01
9.283161179025605225e-01
9.296448515132881285e-01
9.289001322078714873e-01
9.290704252259327500e-01
9.280590308752303397e-01
9.280477983933864694e-01
9.296127771803589512e-01
9.285954052360376743e-01
9.299008209718246931e-01
9.286188500874563712e-01
9.287848468076376207e-01
9.292001292842106963e-01
9.291864761004435813e-01
9.283443697086349866e-01
9.294298478616561665e-01
9.299122243967298251e-01
9.288822278396851040e-01
9.283596092276803491e-01
9.293872786496614191e-01
9.284352977143806029e-01
9.282882936491070325e-01
9.291427856152533193e-01
9.297846724566654064e-01
9.290662063187090647e-01
9.278050129385979616e-01
9.288113414703244031e-01
9.297904005953119277e-01
9.285722542634915477e-01
9.275326281353732938e-01
9.300862250841217538e-01
9.296242204330582570e-01
9.284495104341593530e-01
9.283757950451931862e-01
9.294003881011136947e-01
9.293247988558986927e-01
9.287508733106498715e-01
9.277852783012933147e-01
9.277953141122516900e-01
9.294873942678820722e-01
9.293043163295309217e-01
9.289467612735349267e-01
9.295501743477184720e-01
9.285147102799439223e-01
9.290532817179391056e-01
9.286716125612859418e-01
9.296539991466877817e-01
9.295375074614213862e-01
9.274033536715619030e-01
9.290816099147626295e-01
9.300187688953325260e-01
9.283803683011708774e-01
9.276413956625717550e-01
9.277569034299426587e-01
9.274345762711864172e-01
9.282521124515066280e-01
9.278959684189843626e-01
9.226707001427798538e-01
9.234572297241776528e-01
9.454238954835990638e-01
9.205735307989811878e-01
9.272997032640949433e-01
9.579158316633266113e-01
9.639794168096055271e-01
1.040909090909091006e+00
8.611111111111111605e-01
1.454545454545454586e+00
1.194444444444444420e+00
8.125000000000000000e-01
0.000000000000000000e+00
4.285714285714285476e-01
