9.299183289225365634e-01
9.295329620555706773e-01
9.315197918074771266e-01
9.302285656968005689e-01
9.298283514464679156e-01
9.300154642660661830e-01
9.303062262317574049e-01
9.294397757440495678e-01
9.300295161122529297e-01
9.301009999745221135e-01
9.307151979522653162e-01
9.312959051342084571e-01
9.302562515893372241e-01
9.293452195443452357e-01
9.296042853521401250e-01
9.287708227650263160e-01
9.304854594036875426e-01
9.308642021732472793e-01
9.310908458395499299e-01
9.301056259578701635e-01
9.303457087885440568e-01
9.308110379668821377e-01
9.302400864346374032e-01
9.306057626223325219e-01
9.297219728594021682e-01
9.314380970500026891e-01
9.290581244472866373e-01
9.281119283646389606e-01
9.298606740422760142e-01
9.316460965331400113e-01
9.302947601676045952e-01
9.304274931531700821e-01
9.291849043910596073e-01
9.310565723126078552e-01
9.300547718278353582e-01
9.302814478436279844e-01
9.305047576385399033e-01
9.286903360470091240e-01
9.292180046829484619e-01
9.310507217072131469e-01
9.306773200403853918e-01
9.303549387955769578e-01
9.292869737491619153e-01
9.291236498652688525e-01
9.290201707048320046e-01
9.297607925037596477e-01
9.303422551442063204e-01
9.297290568929221788e-01
9.293874515895402810e-01
9.283575636767588124e-01
9.286075189390881057e-01
9.294361054738116135e-01
9.297822629046812448e-01
9.317281606501769398e-01
9.296173549310102757e-01
9.293013957351664578e-01
9.284697738127529743e-01
9.301205035688708822e-01
9.311317580958631268e-01
9.313753250104364056e-01
9.307034758622784176e-01
9.276758674500454882e-01
9.294002005097058428e-01
9.305296785764932688e-01
9.308726976238027584e-01
9.292450028582808219e-01
9.299433884508718773e-01
9.288842665963505940e-01
9.297094882023311246e-01
9.293857230975365313e-01
9.315144803664661133e-01
9.305509273325186514e-01
9.298240491903504434e-01
9.285153348720167621e-01
9.302257118807437664e-01
9.314021762845038355e-01
9.301984429343554961e-01
9.317377355092311131e-01
9.290277990502275873e-01
9.298996095899287884e-01
9.306758770615808363e-01
9.312338634680381588e-01
9.306197068392725313e-01
9.302790018520485926e-01
9.287403309473178936e-01
9.298136132386131125e-01
9.310602361979285480e-01
9.299734483454010769e-01
9.300275644526674323e-01
9.299809476796604413e-01
9.285612998176838717e-01
9.296316372647889237e-01
9.305279280466568492e-01
9.305689620416005559e-01
9.302149794809054795e-01
9.303256124302893282e-01
9.295691811581574537e-01
9.291832653583365076e-01
9.294799154278273745e-01
9.295523567239942775e-01
