5.909090909090909394e-01
9.358669833729216236e-01
9.316170555108608253e-01
9.456752981626732613e-01
9.390901047464109697e-01
9.404995318233086987e-01
9.413193638575243494e-01
9.424770276894876009e-01
9.407277052628262304e-01
9.397605959088061178e-01
9.389143915241282556e-01
9.409599315085639404e-01
9.413334926118434032e-01
9.400087922691513498e-01
9.412621032484540518e-01
9.389108231323358700e-01
9.385288812993032304e-01
9.388151696972527605e-01
9.421505395296253527e-01
9.410907931377929803e-01
9.405143103064265153e-01
9.401498072647100912e-01
9.414647998617181601e-01
9.401455322590771546e-01
9.410565614329888806e-01
9.407344722198546227e-01
9.400899365930948104e-01
9.403986365393847136e-01
9.402903557279796987e-01
9.398871691242360882e-01
9.416884953947206593e-01
9.400712187072073345e-01
9.408873045497507803e-01
9.392195234634738155e-01
9.402618111696210423e-01
9.399048623623520449e-01
9.418022998099995213e-01
9.403071923235679641e-01
9.392667252443448467e-01
9.404168278156235239e-01
9.411063175067071462e-01
9.412670541477389241e-01
9.409304610418909309e-01
9.398381063395847557e-01
9.401149412731570898e-01
9.408239072737931696e-01
9.412367437014369509e-01
9.396617099038533372e-01
9.407614079975827881e-01
9.397251596436602128e-01
9.392487832897361555e-01
9.402540125304770235e-01
9.408653723382313094e-01
9.421005886747797486e-01
9.412432722511392402e-01
9.388709854556537282e-01
9.399774720718789833e-01
9.400548480947723551e-01
9.421897785950255066e-01
9.416427826274260671e-01
9.395843365993415963e-01
9.391355622383394941e-01
9.406046526531658403e-01
9.391156124629130852e-01
9.418794379215672530e-01
9.416017205029872938e-01
9.399240036026043077e-01
9.389399824665666250e-01
9.405118944782513424e-01
9.396989997068808664e-01
9.415895399730620507e-01
9.398501708500440754e-01
9.405435221847827654e-01
9.392845776577980477e-01
9.396990536569594932e-01
9.413134087422247998e-01
9.424731472883186578e-01
9.408851357488955403e-01
9.407229009200580583e-01
9.390240126429264533e-01
9.405767292915080402e-01
9.415587456061011995e-01
9.427288943570566460e-01
9.402158625299531503e-01
9.397311439208925199e-01
9.401881736139519052e-01
9.400905913723611729e-01
9.403317127100542239e-01
9.413846687300140292e-01
9.394752491335396360e-01
9.390198709563881696e-01
9.400667136876298402e-01
9.410812823038723351e-01
9.404752781396712447e-01
9.400455120004191922e-01
9.410478325897970731e-01
9.401870928570610353e-01
9.396291360906658952e-01
9.402958001725799653e-01
9.407350679729058474e-01
