2.500000000000000000e+03
2.510101010101010161e+03
2.520202020202020321e+03
2.530303030303030482e+03
2.540404040404040188e+03
2.550505050505050349e+03
2.560606060606060510e+03
2.570707070707070670e+03
2.580808080808080831e+03
2.590909090909090992e+03
2.601010101010101152e+03
2.611111111111111313e+03
2.621212121212121019e+03
2.631313131313131180e+03
2.641414141414141341e+03
2.651515151515151501e+03
2.661616161616161662e+03
2.671717171717171823e+03
2.681818181818181984e+03
2.691919191919191690e+03
2.702020202020201850e+03
2.712121212121212011e+03
2.722222222222222172e+03
2.732323232323232332e+03
2.742424242424242493e+03
2.752525252525252654e+03
2.762626262626262360e+03
2.772727272727272521e+03
2.782828282828282681e+03
2.792929292929292842e+03
2.803030303030303003e+03
2.813131313131313163e+03
2.823232323232323324e+03
2.833333333333333485e+03
2.843434343434343646e+03
2.853535353535353352e+03
2.863636363636363512e+03
2.873737373737373673e+03
2.883838383838383834e+03
2.893939393939393995e+03
2.904040404040404155e+03
2.914141414141414316e+03
2.924242424242424022e+03
2.934343434343434183e+03
2.944444444444444343e+03
2.954545454545454504e+03
2.964646464646464665e+03
2.974747474747474826e+03
2.984848484848484986e+03
2.994949494949494692e+03
3.005050505050504853e+03
3.015151515151515014e+03
3.025252525252525174e+03
3.035353535353535335e+03
3.045454545454545496e+03
3.055555555555555657e+03
3.065656565656565363e+03
3.075757575757575978e+03
3.085858585858585684e+03
3.095959595959595845e+03
3.106060606060606005e+03
3.116161616161616166e+03
3.126262626262626327e+03
3.136363636363636488e+03
3.146464646464646648e+03
3.156565656565656354e+03
3.166666666666666515e+03
3.176767676767676676e+03
3.186868686868686837e+03
3.196969696969696997e+03
3.207070707070707158e+03
3.217171717171717319e+03
3.227272727272727025e+03
3.237373737373737185e+03
3.247474747474747346e+03
3.257575757575757507e+03
3.267676767676767668e+03
3.277777777777777828e+03
3.287878787878787989e+03
3.297979797979797695e+03
3.308080808080808310e+03
3.318181818181818016e+03
3.328282828282828177e+03
3.338383838383838338e+03
3.348484848484848499e+03
3.358585858585858659e+03
3.368686868686868365e+03
3.378787878787878981e+03
3.388888888888888687e+03
3.398989898989898848e+03
3.409090909090909008e+03
3.419191919191919169e+03
3.429292929292929330e+03
3.439393939393939490e+03
3.449494949494949651e+03
3.459595959595959357e+03
3.469696969696969518e+03
3.479797979797979679e+03
3.489898989898989839e+03
3.500000000000000000e+03
