9.406650486077733353e-01
9.418914467189166695e-01
9.410155978758225626e-01
9.409844939529086183e-01
9.401252748309840701e-01
9.391736319347908646e-01
9.413934409827831029e-01
9.407967982466201029e-01
9.408232849777492524e-01
9.408767174467315142e-01
9.398300964168673222e-01
9.398802169208524404e-01
9.397591589818143909e-01
9.413658368442141544e-01
9.408367218673335808e-01
9.410626478291380659e-01
9.405240055389628706e-01
9.402058094223997298e-01
9.403412071331456179e-01
9.411484239621933368e-01
9.403182793587554489e-01
9.410133584757833791e-01
9.401909145848235116e-01
9.395593505173516213e-01
9.397310321087755103e-01
9.412146505850527145e-01
9.414443262151916958e-01
9.404130616129711129e-01
9.396866114360159505e-01
9.398235327624510083e-01
9.400280209994007485e-01
9.412065393132902358e-01
9.410643426876402762e-01
9.406311506503409747e-01
9.395224642571571305e-01
9.416181650224325628e-01
9.406629823616995401e-01
9.423382016266379502e-01
9.400177978333446038e-01
9.401012910260230226e-01
9.392328625890028482e-01
9.408232164305744272e-01
9.416354867774985316e-01
9.405327582335850645e-01
9.407323097508876186e-01
9.393569975610700507e-01
9.393021087201830488e-01
9.400308664057228647e-01
9.408507181679677256e-01
9.418742925815668521e-01
9.422259183954663220e-01
9.408736708743564714e-01
9.391224554626050880e-01
9.406733167518348537e-01
9.417389125244229886e-01
9.405929788633119459e-01
9.411035823000812872e-01
9.392313447977895802e-01
9.395219803189919228e-01
9.401539141862034210e-01
9.420028603638700426e-01
9.414281372620226795e-01
9.404772465200706977e-01
9.388177363227567795e-01
9.403612527503211194e-01
9.407018189390957685e-01
9.411409826975867254e-01
9.408394923614230576e-01
9.391619849677114162e-01
9.401951158129538966e-01
9.410347261125396878e-01
9.400290880280015582e-01
9.425783500673784454e-01
9.410128210370619639e-01
9.403095556586880122e-01
9.399190449421782612e-01
9.415958916132105561e-01
9.418170732510410259e-01
9.425883806306267765e-01
9.407966408223695787e-01
9.409538488838180559e-01
9.390069697977817542e-01
9.409523921012030723e-01
9.412581525046664899e-01
9.409938313432208989e-01
9.408585444853283519e-01
9.407424009672789023e-01
9.406948925345846035e-01
9.404511062192850712e-01
9.399097076012875585e-01
9.408210081535688385e-01
9.424909364588549554e-01
9.402187182558943146e-01
9.391866511586814958e-01
9.416960559339243586e-01
9.409193404688961371e-01
9.410193060724244551e-01
9.421979264944240207e-01
9.395410447318645053e-01
9.395417073692771126e-01
