9.861111111111111605e-01
9.180769230769231237e-01
9.296140771845631257e-01
9.300911976216302834e-01
9.303016765481105788e-01
9.300952492895133705e-01
9.300486996752725943e-01
9.311397224725865840e-01
9.293379197053381890e-01
9.307551768832972305e-01
9.297600459044143006e-01
9.293613884016561633e-01
9.292759791377525058e-01
9.301675071864509148e-01
9.313228016161602119e-01
9.302711281036016855e-01
9.308588783390316923e-01
9.287345947007427105e-01
9.286336029187699515e-01
9.289418000799291031e-01
9.299393761794606528e-01
9.310294061036126223e-01
9.307901742913337051e-01
9.308914478717273955e-01
9.304748072803709080e-01
9.307685027446526149e-01
9.300138978392353817e-01
9.306418056321633658e-01
9.296778690499484243e-01
9.307210243892989343e-01
9.288815091813781288e-01
9.288728670518521247e-01
9.302887101412049553e-01
9.315785820693895936e-01
9.306356985990570374e-01
9.298597978675413600e-01
9.314568128513713852e-01
9.297110076848144056e-01
9.301486126973922408e-01
9.307276192524092107e-01
9.286554018779328290e-01
9.293345647007421606e-01
9.307360345174116034e-01
9.303088417703260227e-01
9.308856720378536620e-01
9.298275880447729458e-01
9.293801161713737269e-01
9.286996222617004415e-01
9.298417303082604501e-01
9.295277820034612004e-01
9.294557064412389824e-01
9.300856808644060170e-01
9.284309355510810269e-01
9.277162101064022615e-01
9.303063324340024032e-01
9.302696232737996951e-01
9.306269301794919402e-01
9.291903090620613481e-01
9.298998565030882624e-01
9.289422788258588914e-01
9.301870441953983271e-01
9.316932386320927462e-01
9.320638806602495885e-01
9.297097877245277253e-01
9.284931070600592751e-01
9.293974703446477026e-01
9.308754447781580899e-01
9.296637484115223282e-01
9.290288847715526543e-01
9.303491869410071002e-01
9.280339512377480116e-01
9.302775952798227888e-01
9.304089191536687453e-01
9.309497306538621064e-01
9.306319223135631757e-01
9.291774222293766039e-01
9.290050597290017143e-01
9.305031118593896089e-01
9.300042647073251123e-01
9.314670999051342104e-01
9.307137021360056828e-01
9.292167139796065900e-01
9.295518720623033859e-01
9.305996710373297676e-01
9.316312618616204855e-01
9.305828210789569566e-01
9.296904586670858839e-01
9.286575637098746228e-01
9.296146043346377175e-01
9.314839989780828722e-01
9.302864126179001270e-01
9.301621938616615459e-01
9.295800533542575295e-01
9.298803093210918913e-01
9.281357155420806304e-01
9.301216289549310012e-01
9.299820607871187583e-01
9.321830515926440297e-01
9.297072607058362026e-01
9.296060742400659160e-01
