3.000000000000000000e+04
3.001010101010101062e+04
3.002020202020202123e+04
3.003030303030303185e+04
3.004040404040403882e+04
3.005050505050504944e+04
3.006060606060606005e+04
3.007070707070707067e+04
3.008080808080808129e+04
3.009090909090909190e+04
3.010101010101010252e+04
3.011111111111110949e+04
3.012121212121212011e+04
3.013131313131313073e+04
3.014141414141414134e+04
3.015151515151515196e+04
3.016161616161616257e+04
3.017171717171717319e+04
3.018181818181818016e+04
3.019191919191919078e+04
3.020202020202020140e+04
3.021212121212121201e+04
3.022222222222222263e+04
3.023232323232323324e+04
3.024242424242424386e+04
3.025252525252525083e+04
3.026262626262626145e+04
3.027272727272727207e+04
3.028282828282828268e+04
3.029292929292929330e+04
3.030303030303030391e+04
3.031313131313131453e+04
3.032323232323232151e+04
3.033333333333333212e+04
3.034343434343434274e+04
3.035353535353535335e+04
3.036363636363636397e+04
3.037373737373737458e+04
3.038383838383838520e+04
3.039393939393939218e+04
3.040404040404040279e+04
3.041414141414141341e+04
3.042424242424242402e+04
3.043434343434343464e+04
3.044444444444444525e+04
3.045454545454545587e+04
3.046464646464646285e+04
3.047474747474747346e+04
3.048484848484848408e+04
3.049494949494949469e+04
3.050505050505050531e+04
3.051515151515151592e+04
3.052525252525252654e+04
3.053535353535353352e+04
3.054545454545454413e+04
3.055555555555555475e+04
3.056565656565656536e+04
3.057575757575757598e+04
3.058585858585858659e+04
3.059595959595959721e+04
3.060606060606060782e+04
3.061616161616161480e+04
3.062626262626262542e+04
3.063636363636363603e+04
3.064646464646464665e+04
3.065656565656565726e+04
3.066666666666666788e+04
3.067676767676767486e+04
3.068686868686868547e+04
3.069696969696969609e+04
3.070707070707070670e+04
3.071717171717171732e+04
3.072727272727272793e+04
3.073737373737373855e+04
3.074747474747474917e+04
3.075757575757575614e+04
3.076767676767676676e+04
3.077777777777777737e+04
3.078787878787878799e+04
3.079797979797979860e+04
3.080808080808080922e+04
3.081818181818181984e+04
3.082828282828282681e+04
3.083838383838383743e+04
3.084848484848484804e+04
3.085858585858585866e+04
3.086868686868686927e+04
3.087878787878787989e+04
3.088888888888889051e+04
3.089898989898989748e+04
3.090909090909090810e+04
3.091919191919191871e+04
3.092929292929292933e+04
3.093939393939393995e+04
3.094949494949495056e+04
3.095959595959596118e+04
3.096969696969696815e+04
3.097979797979797877e+04
3.098989898989898938e+04
3.100000000000000000e+04
