9.331350251752048575e-01
9.320862678174155480e-01
9.346743707754006092e-01
9.332075939690094302e-01
9.321016069206056187e-01
9.313903680885342595e-01
9.318188426749229869e-01
9.307562318616647845e-01
9.351026738976673247e-01
9.318741861686943295e-01
9.319506563171829905e-01
9.317133122826061209e-01
9.318056097154120421e-01
9.307811227454441116e-01
9.333236630631700503e-01
9.324619769412963999e-01
9.333070967728673839e-01
9.344684911271590178e-01
9.322935629733382079e-01
9.319630158366984940e-01
9.328719459574079664e-01
9.330088492993736660e-01
9.327007331488553765e-01
9.315150068223378987e-01
9.330791090628490769e-01
9.320047683601276889e-01
9.317551455632037127e-01
9.310598803109482180e-01
9.322928063981156255e-01
9.334587675383849703e-01
9.327208257930632573e-01
9.327434507150010878e-01
9.314653645073825983e-01
9.320268751367614124e-01
9.317148587636906454e-01
9.328267810774544255e-01
9.319817573116985221e-01
9.316242735125548347e-01
9.317628252130250033e-01
9.320014696845193569e-01
9.309749733965140273e-01
9.343726736401465338e-01
9.337295227511707152e-01
9.314435873027104851e-01
9.321516710648136694e-01
9.321746220999836963e-01
9.326390957696928385e-01
9.322735380724161969e-01
9.326631331694045235e-01
9.317847789280433446e-01
9.320904855428829849e-01
9.319950855966551151e-01
9.331813858885947832e-01
9.325656813018486924e-01
9.329027206475991596e-01
9.321469184412974895e-01
9.317992045068074214e-01
9.322824268159742855e-01
9.333241156044901343e-01
9.304495484990388254e-01
9.320373144718187008e-01
9.310829367239096266e-01
9.325326210144813111e-01
9.323668419453692291e-01
9.317918688117049486e-01
9.337316385986954570e-01
9.316905131872668111e-01
9.334018423309393686e-01
9.321148684788820304e-01
9.312631601101548640e-01
9.320118326326642944e-01
9.324189494891051977e-01
9.332613466969159610e-01
9.326362698207476543e-01
9.312539654621324603e-01
9.322025929062147664e-01
9.337292912787334975e-01
9.323596512968549410e-01
9.317178536061775374e-01
9.336821749218749966e-01
9.324746225670426103e-01
9.325399610970012132e-01
9.341217115050843844e-01
9.324506370009298939e-01
9.331726758045687520e-01
9.316348523399767823e-01
9.319854340144910765e-01
9.325777644771262587e-01
9.335267586996555123e-01
9.336946106600870765e-01
9.322254609491538169e-01
9.318596409493496990e-01
9.348739335226550207e-01
9.339600109333288103e-01
9.329241088169025753e-01
9.315483870909699871e-01
9.328121644478580832e-01
9.332686767164047881e-01
9.314623735092385504e-01
9.343856861555422944e-01
