9.311199347888650113e-01
9.308745292669552418e-01
9.291034177294413832e-01
9.311546575852041041e-01
9.319302779593381381e-01
9.312815497122118868e-01
9.302638002907865911e-01
9.310010323018184097e-01
9.314277022742463163e-01
9.298627021332687148e-01
9.308997569817508699e-01
9.313054291311801958e-01
9.313286286772127776e-01
9.294830244350853476e-01
9.302594025087673746e-01
9.299480335078399440e-01
9.300719896687235089e-01
9.305923497761173779e-01
9.292951042793166083e-01
9.301554590808839285e-01
9.303598264514389982e-01
9.288051497535227963e-01
9.304785338963962316e-01
9.293659779755298889e-01
9.306575960312930551e-01
9.310019626607667353e-01
9.308401523981911785e-01
9.290509747352774239e-01
9.300700952769582752e-01
9.304740871424064252e-01
9.308585181246542550e-01
9.295902707336162196e-01
9.292736596204731470e-01
9.299750535658805051e-01
9.303170721749612904e-01
9.304196107061982746e-01
9.294859107524545694e-01
9.326393342076798598e-01
9.296637019628771759e-01
9.293253941221873982e-01
9.309934335146728968e-01
9.305225882605430154e-01
9.301436158224304362e-01
9.294653691626253433e-01
9.311812649880418791e-01
9.296572264155000820e-01
9.288272444141494333e-01
9.295455755789840957e-01
9.296313487737173364e-01
9.305333936281318108e-01
9.302038018545105702e-01
9.312040187398685775e-01
9.317217041075563921e-01
9.307804687004863631e-01
9.312033680423037474e-01
9.322458656325836035e-01
9.310383162041274696e-01
9.292353276748781532e-01
9.304596123103037186e-01
9.310227844179758128e-01
9.296350409415996552e-01
9.303695777403223621e-01
9.316552331984367941e-01
9.320964960965771873e-01
9.299241470097976414e-01
9.309429833109967856e-01
9.305348349131012942e-01
9.304831402492877990e-01
9.307495216308113717e-01
9.289690782571077277e-01
9.304778732995797608e-01
9.299520916101893242e-01
9.310334249721924360e-01
9.327725437851288603e-01
9.296439008205844567e-01
9.287516693268540457e-01
9.300577383605047599e-01
9.311312261780526622e-01
9.282060581557585177e-01
9.319518626947057571e-01
9.323089927823655643e-01
9.283816555463150211e-01
9.288256301691738548e-01
9.323192124417447602e-01
9.319433237868081088e-01
9.328278297108789641e-01
9.288083822590538219e-01
9.251624966610275669e-01
9.262744420943583856e-01
9.308641975308642458e-01
9.570824994440738642e-01
9.796672828096117946e-01
9.062500000000000000e-01
9.240506329113924444e-01
9.305555555555555802e-01
1.074468085106383031e+00
1.117647058823529438e+00
1.310344827586206851e+00
9.166666666666666297e-01
2.500000000000000000e+00
