9.364310844072869511e-01
9.363539539928505961e-01
9.374637712584484861e-01
9.360443431048125484e-01
9.360358033869666805e-01
9.364309743324809032e-01
9.371434545720742637e-01
9.370751927368308198e-01
9.361353440952751015e-01
9.368104245174484479e-01
9.366383873361247003e-01
9.375481642278433725e-01
9.377454766509335515e-01
9.355499109978544503e-01
9.364272622259567358e-01
9.371787624906655623e-01
9.343651251745728192e-01
9.364260749080863810e-01
9.360947608278967769e-01
9.370374544714493714e-01
9.368050835640089335e-01
9.359539173816520119e-01
9.370107519646800887e-01
9.379324080750605086e-01
9.361232946295819923e-01
9.370858735305533926e-01
9.360604887889766301e-01
9.375375239003617134e-01
9.372584078865306978e-01
9.362485434312954879e-01
9.351579469533845002e-01
9.373329757596992051e-01
9.354673792940851884e-01
9.366376834707205168e-01
9.357864193616113324e-01
9.375290224711378961e-01
9.366446941365804690e-01
9.378288525823611499e-01
9.366598055884539642e-01
9.377971147197264878e-01
9.353734772518279561e-01
9.357949578084401310e-01
9.374936221011693771e-01
9.342254844211864695e-01
9.396550375905704522e-01
9.369391489070922896e-01
9.389099693958539161e-01
9.361050147034166713e-01
9.363772358511777139e-01
9.352402667623955779e-01
9.360981598163391482e-01
9.374581146153854183e-01
9.359293002936130978e-01
9.372023459489986497e-01
9.372914417052513603e-01
9.387159064372011530e-01
9.350942712856260552e-01
9.365809544895246086e-01
9.366844967949352618e-01
9.338881693918513749e-01
9.367782545963179164e-01
9.377171745177287354e-01
9.373726220675974163e-01
9.351751099183041038e-01
9.366858744159177741e-01
9.380239652713597831e-01
9.360231501874531901e-01
9.369931537222379037e-01
9.365868714127564276e-01
9.368668672557823873e-01
9.355817149189813442e-01
9.356505959603155231e-01
9.358189808752841454e-01
9.366939081433136582e-01
9.368114050958711303e-01
9.381107167160781524e-01
9.362291512926963488e-01
9.366933341859087214e-01
9.361934604845940644e-01
9.362854431391046672e-01
9.359991525365801701e-01
9.365035656370827022e-01
9.355897589889835553e-01
9.359526145907056671e-01
9.370291183398831159e-01
9.352665496819549951e-01
9.367737073880546550e-01
9.355725042601370500e-01
9.362228846161911866e-01
9.347470408219580307e-01
9.365207374732094081e-01
9.363605256877420846e-01
9.362128256153942063e-01
9.349456120227813694e-01
9.348038788311086034e-01
9.393577673046586973e-01
9.362626486310245966e-01
9.363050349664889804e-01
9.374279420291161680e-01
9.355887694009662470e-01
