9.350057800515735318e-01
9.369991344712792491e-01
9.391317510475438723e-01
9.348220683962706890e-01
9.365241303902955838e-01
9.356592456136409997e-01
9.362657387016468657e-01
9.384610164635273089e-01
9.359527167405561343e-01
9.371755781289603515e-01
9.372964120394738918e-01
9.356329635337493622e-01
9.355086984037267461e-01
9.360451884348750529e-01
9.348293252323301994e-01
9.351726400319957389e-01
9.386643795680844615e-01
9.366541955051345125e-01
9.364937704804445762e-01
9.341116572375499638e-01
9.379759708356010250e-01
9.371420749162491237e-01
9.365337384708020130e-01
9.371856539450148516e-01
9.359317941527133256e-01
9.361965372044933620e-01
9.357440603231316212e-01
9.350239085777417580e-01
9.383172539813923185e-01
9.348964466197963175e-01
9.354806987094939075e-01
9.371951411516148411e-01
9.373446054206582279e-01
9.359895351309905909e-01
9.360110006556234818e-01
9.371773285059368241e-01
9.364581130479441295e-01
9.352360765804140774e-01
9.349387115229544909e-01
9.381990778002602394e-01
9.365093955787284763e-01
9.351265917873089473e-01
9.370165804195224046e-01
9.370602734601274353e-01
9.354134144158636754e-01
9.366267592610689752e-01
9.346097868965216326e-01
9.363265355405030466e-01
9.350772603727118826e-01
9.350901141362903957e-01
9.358377674654908551e-01
9.369135084977903150e-01
9.356407240813831017e-01
9.361585739376526716e-01
9.362372790674016176e-01
9.368482973683194270e-01
9.353758163128521597e-01
9.363275290492236724e-01
9.360711602243489970e-01
9.372398429687227583e-01
9.368133206655460121e-01
9.361523308056214354e-01
9.372824534742533187e-01
9.372178246959902426e-01
9.361690755560782007e-01
9.349370056925241368e-01
9.348807235898843881e-01
9.388475775141040813e-01
9.345437065296058332e-01
9.345355938249859662e-01
9.361327331499068594e-01
9.361147347329155100e-01
9.343250002526589659e-01
9.369666221753966129e-01
9.354099083891850297e-01
9.368507347831410703e-01
9.358147149058947400e-01
9.350313367634720541e-01
9.360816834345957460e-01
9.345996299070092883e-01
9.369539114351238540e-01
9.354015665936927793e-01
9.369132526796654092e-01
9.351983067444363806e-01
9.347910273842953144e-01
9.365409006365967848e-01
9.364221318450740572e-01
9.367771727654448100e-01
9.363537174624616544e-01
9.320269385464409195e-01
9.438973088793222166e-01
9.362239860995932306e-01
9.493095930232557933e-01
9.347985347985348081e-01
9.420617005267117872e-01
9.844357976653697051e-01
9.531250000000000000e-01
1.139830508474576343e+00
8.499999999999999778e-01
1.061224489795918435e+00
