9.406420140479198055e-01
9.414580637668783503e-01
9.396605719733039930e-01
9.402211221149457954e-01
9.405128757152847463e-01
9.415703448444755486e-01
9.401959637424074367e-01
9.400924019481777805e-01
9.407181317627112405e-01
9.391875971209210361e-01
9.400842430890872237e-01
9.401970974751060472e-01
9.405805028489344632e-01
9.402176134730827473e-01
9.398175434206101908e-01
9.410366047140921175e-01
9.398562968322416999e-01
9.411528064331561305e-01
9.390324982880785543e-01
9.408204838310239015e-01
9.404531427045671466e-01
9.396461131500754016e-01
9.410469663692370146e-01
9.408735893260192773e-01
9.391816505693814099e-01
9.402624315722288850e-01
9.397705099543921525e-01
9.409513169426815260e-01
9.403158088386723845e-01
9.392150085508729207e-01
9.394095366979691164e-01
9.402484124045606961e-01
9.396915568641820427e-01
9.411400739818570615e-01
9.406357742330061500e-01
9.405389633480745193e-01
9.387670466844301176e-01
9.401030997183347226e-01
9.400693463427591823e-01
9.400769671948523420e-01
9.407912685676688147e-01
9.406530927681256982e-01
9.401533225563900587e-01
9.403597686553198942e-01
9.406346750788492361e-01
9.403144548819090121e-01
9.402225552832539357e-01
9.397553897285798596e-01
9.405288967595319960e-01
9.402074458037920079e-01
9.400427034413350036e-01
9.394209503360869684e-01
9.387337102447650405e-01
9.402000304017454901e-01
9.412341671492352457e-01
9.401350568308414202e-01
9.403816680583544363e-01
9.396709188312356575e-01
9.391132604380351134e-01
9.402848360459192811e-01
9.404754874840864920e-01
9.414469558517153391e-01
9.391292923289349392e-01
9.400848276149775806e-01
9.396867062414873129e-01
9.402354230532011803e-01
9.407032040906028181e-01
9.408690771810163112e-01
9.397674415710287610e-01
9.400287371167331818e-01
9.404271449539104433e-01
9.406752908009679004e-01
9.399032139320573354e-01
9.382684054713378297e-01
9.397998837096303015e-01
9.398039148456250880e-01
9.400791277204409990e-01
9.395088161419063999e-01
9.387902384882862439e-01
9.395560140981641384e-01
9.409165662566689736e-01
9.409332024321068744e-01
9.404726206789911780e-01
9.385519443932793804e-01
9.400872572282352735e-01
9.387262216391560887e-01
9.403586746364640536e-01
9.395076708897049933e-01
9.396435607764236364e-01
9.397161494659470593e-01
9.409261677170235316e-01
9.406282562834747951e-01
9.406563442740425440e-01
9.400871732891569188e-01
9.399784655083230911e-01
9.393686071447424624e-01
9.389709670238672867e-01
9.393649501786859313e-01
9.403523847070907049e-01
9.395638211163489517e-01
