9.319865022610674954e-01
9.391379139740749782e-01
9.406736152117782801e-01
9.410503583332064936e-01
9.406395526944676400e-01
9.403624243191359700e-01
9.399054605727615863e-01
9.409641399426214026e-01
9.415961610523267966e-01
9.402926871010774956e-01
9.390250776671044131e-01
9.399429450558242083e-01
9.411125513069777959e-01
9.400172874751191454e-01
9.399821844326741171e-01
9.395052237833504405e-01
9.402711121461264643e-01
9.406355359271739713e-01
9.405446225620177625e-01
9.396091662866223881e-01
9.406495223954527418e-01
9.394338916033605491e-01
9.406741638818867379e-01
9.405047514559660149e-01
9.400250509151513167e-01
9.406021361265782810e-01
9.406145946648255540e-01
9.399189690876645908e-01
9.401221442080071045e-01
9.407928449684411776e-01
9.404585444581946563e-01
9.391608319659187076e-01
9.397993481669307814e-01
9.406903482740306410e-01
9.398416440764518764e-01
9.402583858275401774e-01
9.409876778025563215e-01
9.389871001461449485e-01
9.393943760356595618e-01
9.413625665013335420e-01
9.404576384496062813e-01
9.403425521950491417e-01
9.402680256393061153e-01
9.391830028881289483e-01
9.403223745025131031e-01
9.405144397810407675e-01
9.394903302268119427e-01
9.401407589588754998e-01
9.405575696180992207e-01
9.402713476475691445e-01
9.396660645670225076e-01
9.413338448826186200e-01
9.391255385264456468e-01
9.394831178587393916e-01
9.404691287712151349e-01
9.400931699641359440e-01
9.416687551998217387e-01
9.397459339044896831e-01
9.381905853790126759e-01
9.400563302295226187e-01
9.406107445793869815e-01
9.413557545762148981e-01
9.404750625205177128e-01
9.395114483761443092e-01
9.399027628495354447e-01
9.415704985908890379e-01
9.402585517821929750e-01
9.413388001499319868e-01
9.385893678495589310e-01
9.397934796027869186e-01
9.415319857079927912e-01
9.414911519486808267e-01
9.398813119647488890e-01
9.395884667861784667e-01
9.386107925365069216e-01
9.403821665095066784e-01
9.406742094275920563e-01
9.391096830746525903e-01
9.387062647855171083e-01
9.394875067811213620e-01
9.391571709977660776e-01
9.411756795147872001e-01
9.401700053177983740e-01
9.404578829811814922e-01
9.381948327999917181e-01
9.393979411524263634e-01
9.397093802512280769e-01
9.405645398623517783e-01
9.403604970274764829e-01
9.382159015678844804e-01
9.402730601354224449e-01
9.412196736077336201e-01
9.405499845490880029e-01
9.392409205396402561e-01
9.397932171674081570e-01
9.395086486849963947e-01
9.391514911644301966e-01
9.388433983271041727e-01
9.404882559943221754e-01
9.399559672416232248e-01
