9.437651941288360824e-01
9.334620756971441224e-01
9.336650971443939406e-01
9.348969489993307347e-01
9.346758144457727457e-01
9.342439549087644401e-01
9.345362357162811939e-01
9.357719301292276581e-01
9.327620726969627629e-01
9.339470506264804239e-01
9.333247903336373552e-01
9.339189195955367451e-01
9.334919860970077865e-01
9.325018381476866125e-01
9.332481455432439788e-01
9.347019918782625281e-01
9.340630790409503170e-01
9.340656730419408804e-01
9.328918709003359844e-01
9.337130397118328373e-01
9.330916275176641683e-01
9.342669805447992859e-01
9.336100571163320483e-01
9.341946457660386116e-01
9.338363929459280177e-01
9.335811239928180072e-01
9.343829070311218121e-01
9.344856949675953706e-01
9.337052034588589899e-01
9.347787256360038377e-01
9.333363755342477530e-01
9.329640423050301612e-01
9.337473654439286674e-01
9.323132198447560137e-01
9.329217766504357412e-01
9.344008959106887557e-01
9.338900368939881957e-01
9.352444769204458774e-01
9.344014949289025651e-01
9.329212038966218090e-01
9.332441030304936547e-01
9.324533120432232369e-01
9.347212248250117428e-01
9.351665343866073510e-01
9.334212101898526903e-01
9.329943335103314528e-01
9.338530566186150628e-01
9.341150692654768273e-01
9.349302938448590394e-01
9.343464059290461643e-01
9.328494423357592824e-01
9.337111311873256270e-01
9.356161957234486737e-01
9.342221814443515404e-01
9.344108260829482315e-01
9.339606408174961905e-01
9.338071808568241261e-01
9.338141428824345835e-01
9.346838127861996082e-01
9.360944554875618717e-01
9.336142702953980077e-01
9.335518675296383684e-01
9.336490561620598427e-01
9.342792883873392018e-01
9.353060108389169569e-01
9.345619779411151740e-01
9.332314292770246267e-01
9.336034143967976151e-01
9.351671580784151061e-01
9.347118246385716089e-01
9.330022684974373925e-01
9.333207439510680103e-01
9.329798300376949127e-01
9.341106400293168743e-01
9.348082716861952912e-01
9.334364775109958989e-01
9.320242362679600490e-01
9.340723174651344163e-01
9.346511945269462274e-01
9.335681417266251669e-01
9.342211513270543000e-01
9.331919090186977517e-01
9.338649839780346351e-01
9.349059017003866767e-01
9.342294316880278560e-01
9.340636841285678837e-01
9.333314082885106888e-01
9.329927040766616830e-01
9.331989053062367256e-01
9.356834309272911154e-01
9.349738848739245212e-01
9.336329643970235903e-01
9.344493121560367710e-01
9.351117242757472914e-01
9.349772291523733569e-01
9.351192364716620631e-01
9.345385217109392073e-01
9.339396439752670753e-01
9.334749643204712788e-01
9.344561272134446206e-01
