5.000000000000000000e+03
5.010101010101009706e+03
5.020202020202020321e+03
5.030303030303030027e+03
5.040404040404040643e+03
5.050505050505050349e+03
5.060606060606060964e+03
5.070707070707070670e+03
5.080808080808080376e+03
5.090909090909090992e+03
5.101010101010100698e+03
5.111111111111111313e+03
5.121212121212121019e+03
5.131313131313131635e+03
5.141414141414141341e+03
5.151515151515151956e+03
5.161616161616161662e+03
5.171717171717171368e+03
5.181818181818181984e+03
5.191919191919191690e+03
5.202020202020202305e+03
5.212121212121212011e+03
5.222222222222222626e+03
5.232323232323232332e+03
5.242424242424242038e+03
5.252525252525252654e+03
5.262626262626262360e+03
5.272727272727272975e+03
5.282828282828282681e+03
5.292929292929293297e+03
5.303030303030303003e+03
5.313131313131312709e+03
5.323232323232323324e+03
5.333333333333333030e+03
5.343434343434343646e+03
5.353535353535353352e+03
5.363636363636363967e+03
5.373737373737373673e+03
5.383838383838383379e+03
5.393939393939393995e+03
5.404040404040403700e+03
5.414141414141414316e+03
5.424242424242424022e+03
5.434343434343434637e+03
5.444444444444444343e+03
5.454545454545454049e+03
5.464646464646464665e+03
5.474747474747474371e+03
5.484848484848484986e+03
5.494949494949494692e+03
5.505050505050505308e+03
5.515151515151515014e+03
5.525252525252524720e+03
5.535353535353535335e+03
5.545454545454545041e+03
5.555555555555555657e+03
5.565656565656565363e+03
5.575757575757575978e+03
5.585858585858585684e+03
5.595959595959596300e+03
5.606060606060606005e+03
5.616161616161616621e+03
5.626262626262626327e+03
5.636363636363636033e+03
5.646464646464646648e+03
5.656565656565656354e+03
5.666666666666666970e+03
5.676767676767676676e+03
5.686868686868687291e+03
5.696969696969696997e+03
5.707070707070706703e+03
5.717171717171717319e+03
5.727272727272727025e+03
5.737373737373737640e+03
5.747474747474747346e+03
5.757575757575757962e+03
5.767676767676767668e+03
5.777777777777777374e+03
5.787878787878787989e+03
5.797979797979797695e+03
5.808080808080808310e+03
5.818181818181818016e+03
5.828282828282828632e+03
5.838383838383838338e+03
5.848484848484848044e+03
5.858585858585858659e+03
5.868686868686868365e+03
5.878787878787878981e+03
5.888888888888888687e+03
5.898989898989899302e+03
5.909090909090909008e+03
5.919191919191918714e+03
5.929292929292929330e+03
5.939393939393939036e+03
5.949494949494949651e+03
5.959595959595959357e+03
5.969696969696969973e+03
5.979797979797979679e+03
5.989898989898989385e+03
6.000000000000000000e+03
