9.346435325845753317e-01
9.342092288438064163e-01
9.346302253109841640e-01
9.352508973107586110e-01
9.339673961051988549e-01
9.340751504339263045e-01
9.342801521461777670e-01
9.343048794459446471e-01
9.342682999113157694e-01
9.341865529627723097e-01
9.330297945665033676e-01
9.332084662446032963e-01
9.343063063598409101e-01
9.336227161447814282e-01
9.340262513615613660e-01
9.345064999597954003e-01
9.333870808202934244e-01
9.334780061560351561e-01
9.337256464124329414e-01
9.344818087558092179e-01
9.344050963228780482e-01
9.342849708278304632e-01
9.331462954453695335e-01
9.334388659081864770e-01
9.350084980409889557e-01
9.347252937137874307e-01
9.348157475296086094e-01
9.343091932423327473e-01
9.349003803095715659e-01
9.329181914250718188e-01
9.332066147655094790e-01
9.342022259569777720e-01
9.337311196932206458e-01
9.346000154064487697e-01
9.343402151700410663e-01
9.341400558936289178e-01
9.342391353777782514e-01
9.336749015371696991e-01
9.338906051580692091e-01
9.337177435503642986e-01
9.329193100124935079e-01
9.353330417391187979e-01
9.348218020564899033e-01
9.335988236437754439e-01
9.334473655897600475e-01
9.339792243398162830e-01
9.344805918784506726e-01
9.342549259165973119e-01
9.346092367102492027e-01
9.342948810005747839e-01
9.337489172854769315e-01
9.351962939242598472e-01
9.344968253112680978e-01
9.344462256277031864e-01
9.341047861757402204e-01
9.350759436493786270e-01
9.339646214708164917e-01
9.345007989164683115e-01
9.341021341369845077e-01
9.352653510832841244e-01
9.338582803954186273e-01
9.342146321633417738e-01
9.340910248369121982e-01
9.348600453503465024e-01
9.347465547023978694e-01
9.344983902687423738e-01
9.341477439356221657e-01
9.352946294747955802e-01
9.343850520041607766e-01
9.341238031467744563e-01
9.332073162706142622e-01
9.337474410120153445e-01
9.344077474303583708e-01
9.356027096079860828e-01
9.334724493903653331e-01
9.331573030337807495e-01
9.334010538242746291e-01
9.334211969986198065e-01
9.347306046688107495e-01
9.339617990713962037e-01
9.345754654613799284e-01
9.342807917364158721e-01
9.349866612953101619e-01
9.350620610173385749e-01
9.342851033929340243e-01
9.334481475278659790e-01
9.341185218506493637e-01
9.340893658327724669e-01
9.343622828031098448e-01
9.353999148882110592e-01
9.341500675134436493e-01
9.337289192740267918e-01
9.350190285655867184e-01
9.352873350638821748e-01
9.349779472812124181e-01
9.351301559458365942e-01
9.343743189486526379e-01
9.334570832063164847e-01
9.343067213007925087e-01
9.337131194517651611e-01
