9.249196607823566563e-01
9.263682647297650785e-01
9.264305782493471586e-01
9.269749742739007425e-01
9.250659101951675956e-01
9.257147643010806837e-01
9.258833678104799736e-01
9.254282396601095639e-01
9.266779833336359351e-01
9.242039376598502054e-01
9.242082266956744840e-01
9.248985560139590945e-01
9.273016467910148997e-01
9.250459342672178176e-01
9.260935029190537904e-01
9.259896806611948028e-01
9.265363005174793720e-01
9.254895059027998805e-01
9.252658970423253137e-01
9.249687895042071339e-01
9.244120605223713483e-01
9.265417370493359561e-01
9.248913448890672129e-01
9.260194373923086308e-01
9.246294684279352527e-01
9.253805002151216375e-01
9.265112041828147404e-01
9.248111488786434631e-01
9.246567726965096989e-01
9.256082856496210542e-01
9.263446000187974816e-01
9.258509492557498444e-01
9.252133578482748533e-01
9.264515554661917340e-01
9.268590158476053276e-01
9.262345512341719767e-01
9.247315385175236546e-01
9.245867970421310922e-01
9.250082296348772770e-01
9.274128433645567604e-01
9.250134020033681237e-01
9.229148494041817807e-01
9.232861452914145062e-01
9.275028252015563579e-01
9.269933947745061520e-01
9.245207219466571313e-01
9.227004741675552957e-01
9.241413598388855677e-01
9.278357086950312915e-01
9.262650109337015047e-01
9.250264062532941312e-01
9.237876304527924409e-01
9.261356212043684311e-01
9.284181788679201075e-01
9.249540782835788955e-01
9.250206653318393535e-01
9.266926477502771542e-01
9.268043747157048706e-01
9.270340413506557020e-01
9.241429236732383590e-01
9.248567295891262363e-01
9.271785960358724932e-01
9.263861517080262953e-01
9.246222817606807309e-01
9.247633340994733109e-01
9.257932236356990474e-01
9.266728831196273664e-01
9.242273909269473897e-01
9.246638500434566366e-01
9.267759856117125938e-01
9.265262123633605240e-01
9.256828379295362064e-01
9.247718476563246970e-01
9.258290114943804605e-01
9.259438942864356425e-01
9.268101848058389880e-01
9.249424457323432991e-01
9.253020797796105423e-01
9.257165481291893538e-01
9.270044656256523075e-01
9.248677957352752221e-01
9.255721380714996283e-01
9.268803437919849175e-01
9.271664894573157234e-01
9.256546802559072473e-01
9.240464729588642179e-01
9.246838095707698990e-01
9.273641091643746170e-01
9.274111801924127541e-01
9.260564720429318442e-01
9.262244480854744388e-01
9.257716642682037866e-01
9.254069304068410773e-01
9.255518414773381553e-01
9.246913145908982612e-01
9.263197613794054153e-01
9.262203886482043291e-01
9.266555011194070879e-01
9.259529282601982603e-01
9.244443342957574528e-01
