7.500000000000000000e+03
7.510101010101009706e+03
7.520202020202020321e+03
7.530303030303030027e+03
7.540404040404040643e+03
7.550505050505050349e+03
7.560606060606060964e+03
7.570707070707070670e+03
7.580808080808080376e+03
7.590909090909090992e+03
7.601010101010100698e+03
7.611111111111111313e+03
7.621212121212121019e+03
7.631313131313131635e+03
7.641414141414141341e+03
7.651515151515151956e+03
7.661616161616161662e+03
7.671717171717171368e+03
7.681818181818181984e+03
7.691919191919191690e+03
7.702020202020202305e+03
7.712121212121212011e+03
7.722222222222222626e+03
7.732323232323232332e+03
7.742424242424242038e+03
7.752525252525252654e+03
7.762626262626262360e+03
7.772727272727272975e+03
7.782828282828282681e+03
7.792929292929293297e+03
7.803030303030303003e+03
7.813131313131312709e+03
7.823232323232323324e+03
7.833333333333333030e+03
7.843434343434343646e+03
7.853535353535353352e+03
7.863636363636363967e+03
7.873737373737373673e+03
7.883838383838383379e+03
7.893939393939393995e+03
7.904040404040403700e+03
7.914141414141414316e+03
7.924242424242424022e+03
7.934343434343434637e+03
7.944444444444444343e+03
7.954545454545454049e+03
7.964646464646464665e+03
7.974747474747474371e+03
7.984848484848484986e+03
7.994949494949494692e+03
8.005050505050505308e+03
8.015151515151515014e+03
8.025252525252524720e+03
8.035353535353535335e+03
8.045454545454545041e+03
8.055555555555555657e+03
8.065656565656565363e+03
8.075757575757575978e+03
8.085858585858585684e+03
8.095959595959596300e+03
8.106060606060606005e+03
8.116161616161616621e+03
8.126262626262626327e+03
8.136363636363636033e+03
8.146464646464646648e+03
8.156565656565656354e+03
8.166666666666666970e+03
8.176767676767676676e+03
8.186868686868687291e+03
8.196969696969696088e+03
8.207070707070706703e+03
8.217171717171717319e+03
8.227272727272727934e+03
8.237373737373736731e+03
8.247474747474747346e+03
8.257575757575757962e+03
8.267676767676766758e+03
8.277777777777777374e+03
8.287878787878787989e+03
8.297979797979798605e+03
8.308080808080807401e+03
8.318181818181818016e+03
8.328282828282828632e+03
8.338383838383837428e+03
8.348484848484848044e+03
8.358585858585858659e+03
8.368686868686869275e+03
8.378787878787878071e+03
8.388888888888888687e+03
8.398989898989899302e+03
8.409090909090908099e+03
8.419191919191918714e+03
8.429292929292929330e+03
8.439393939393939945e+03
8.449494949494948742e+03
8.459595959595959357e+03
8.469696969696969973e+03
8.479797979797978769e+03
8.489898989898989385e+03
8.500000000000000000e+03
