9.401366302445456347e-01
9.409508663524968064e-01
9.400494471770705074e-01
9.399536110082411522e-01
9.423672200615378358e-01
9.414437945661070506e-01
9.392541554839305418e-01
9.411221119645024613e-01
9.417294396299488168e-01
9.415997017596517971e-01
9.404038287989070488e-01
9.408284348685854726e-01
9.405649994199879460e-01
9.404274112978132649e-01
9.409462001964666866e-01
9.414539589553840848e-01
9.399522121785576223e-01
9.402127650093325961e-01
9.415751556935086919e-01
9.406500576767082844e-01
9.406152889397785266e-01
9.411178099326602542e-01
9.403996650331530871e-01
9.400767085607442120e-01
9.403161383431460907e-01
9.409815285174819577e-01
9.412924097846915306e-01
9.407809014538652814e-01
9.406998792996419390e-01
9.404902675455003580e-01
9.408605808004832927e-01
9.412744616430461786e-01
9.408296462304148733e-01
9.401559071049448990e-01
9.412455458332704694e-01
9.412235392849649385e-01
9.401155934019238547e-01
9.408356913704187807e-01
9.407105306148135782e-01
9.407789732204784316e-01
9.412085656056554672e-01
9.403229544316956678e-01
9.406693050910113207e-01
9.404733366338688949e-01
9.404949923270731205e-01
9.412772619458379397e-01
9.409510626833266222e-01
9.399106552850143848e-01
9.400683777130502961e-01
9.414840771800154773e-01
9.417031795527700533e-01
9.400996774846567261e-01
9.409208581031565100e-01
9.397030536005516188e-01
9.404319281620601156e-01
9.407519993114243917e-01
9.409657412691756484e-01
9.408857804751756815e-01
9.397815090231035340e-01
9.405321428828961050e-01
9.404559519826847236e-01
9.399955664563898194e-01
9.413477864855502864e-01
9.406879537127458279e-01
9.400023354829429856e-01
9.403354866743329765e-01
9.413402298235579169e-01
9.402193931534482685e-01
9.414240688780255439e-01
9.405547637148566897e-01
9.400655384519587265e-01
9.407030458838268050e-01
9.409151170374894235e-01
9.414881915005156587e-01
9.414600306709114408e-01
9.399560927559299506e-01
9.404057045365801226e-01
9.408697486778241359e-01
9.404890155123328821e-01
9.412300646203088927e-01
9.411801638378177737e-01
9.416617473929845827e-01
9.402350007722385383e-01
9.412399488744778164e-01
9.410794543661114009e-01
9.410245085182907809e-01
9.412945405923618392e-01
9.393116163949628561e-01
9.407557748859969315e-01
9.400212281414762616e-01
9.400752074884326515e-01
9.414953652612890744e-01
9.415627637265984173e-01
9.391928405728243723e-01
9.405100953625101790e-01
9.404317150089268607e-01
9.417365373329870115e-01
9.414941881277179014e-01
9.399989069703614808e-01
9.409988610108148688e-01
