9.380218012370676872e-01
9.387764329280698927e-01
9.411218086769579383e-01
9.389428506718437983e-01
9.390562197478919959e-01
9.382593330348665273e-01
9.402518592609617754e-01
9.399390659362358846e-01
9.413900088114068865e-01
9.411971584714668992e-01
9.415310303129504899e-01
9.413140525454872787e-01
9.392676579178320662e-01
9.396200084274860531e-01
9.415207216929972756e-01
9.413096063212713638e-01
9.409405190345802028e-01
9.391098427985913322e-01
9.397883040147735345e-01
9.416390177090381286e-01
9.407902014518055855e-01
9.401954625363472262e-01
9.401234841944073883e-01
9.412542928828107058e-01
9.398747519717373100e-01
9.408026719189069853e-01
9.407490809068032034e-01
9.400124375015547207e-01
9.407233421493405023e-01
9.402846284601188431e-01
9.393376535502092617e-01
9.407159713764962072e-01
9.408699189815389330e-01
9.413347523203123846e-01
9.394022904035764787e-01
9.404675388002547987e-01
9.411093623261943542e-01
9.408298949267493994e-01
9.400541896638233696e-01
9.401669121586555544e-01
9.411680797263621834e-01
9.418871782235090917e-01
9.420105621686720720e-01
9.401799347036757792e-01
9.386822470263759266e-01
9.405435249452966939e-01
9.415625805676675064e-01
9.422378884763729090e-01
9.384720164649970053e-01
9.409163005329433949e-01
9.420548436872292486e-01
9.413874987404695638e-01
9.399977437696893645e-01
9.404579243353436979e-01
9.413203412381623281e-01
9.403390537043347930e-01
9.396513398949144502e-01
9.387867057158395534e-01
9.404770435291034403e-01
9.412718496115438649e-01
9.415450718217948101e-01
9.401344669351369143e-01
9.401799922839140233e-01
9.403450355942221117e-01
9.410139816700917592e-01
9.404762543169093991e-01
9.400186268782018129e-01
9.408186976936531165e-01
9.415375470764373311e-01
9.400158514889221939e-01
9.392388732879546343e-01
9.395162315226611716e-01
9.416622061739124971e-01
9.410918170836974905e-01
9.400388905615287838e-01
9.401732253571605247e-01
9.411592606556880014e-01
9.409988948628070782e-01
9.411479093007755203e-01
9.406779946492900280e-01
9.415675866997555987e-01
9.416803064146688218e-01
9.392272040387326104e-01
9.386669748124785162e-01
9.422234568579606062e-01
9.413123470639336299e-01
9.405293006701422875e-01
9.413433390306660264e-01
9.401276023262812309e-01
9.400030456337455931e-01
9.416726456574130433e-01
9.407571616553427329e-01
9.398542115116407247e-01
9.395279097114481726e-01
9.394304254054133274e-01
9.404688404663709145e-01
9.409370061310532440e-01
9.397969797632471645e-01
9.404422852627049023e-01
9.402868521639541344e-01
