9.262176374675084034e-01
9.262102644040490773e-01
9.268523170929340305e-01
9.253512963989984907e-01
9.260764111156799538e-01
9.249519355823219158e-01
9.254615211382511974e-01
9.257180244193852214e-01
9.253626506149136288e-01
9.257462675818222131e-01
9.256235190264119339e-01
9.262056321251128654e-01
9.250048816324354384e-01
9.258081106658609949e-01
9.259695184512078958e-01
9.251903724532175577e-01
9.255459098635536730e-01
9.250842844233890805e-01
9.249745724941009772e-01
9.250586265720401880e-01
9.265522625216585650e-01
9.252627282411064469e-01
9.250537215142585756e-01
9.258156770635270760e-01
9.245409565206051949e-01
9.265039583399661272e-01
9.259007507690633076e-01
9.240154747846686112e-01
9.266956399388767140e-01
9.257742431440936226e-01
9.260647600502108778e-01
9.268317608286470444e-01
9.253032888605248196e-01
9.258937777612369358e-01
9.266000165754065820e-01
9.255104025037894644e-01
9.248624914491578863e-01
9.253671218359820205e-01
9.257379348111136608e-01
9.246412774659578115e-01
9.258217589232510258e-01
9.245611386735592685e-01
9.245551611144392501e-01
9.259793894335348607e-01
9.264749122168753903e-01
9.246115317778131892e-01
9.258388157482708714e-01
9.246036767006874380e-01
9.258062755201316163e-01
9.251088875457599281e-01
9.259112561223415971e-01
9.251404869463597525e-01
9.246272283280972948e-01
9.258078124510299434e-01
9.259702478944976667e-01
9.253257762295080679e-01
9.262753667454964868e-01
9.262727983678913368e-01
9.262507086160876035e-01
9.253335259429120718e-01
9.253382821031506111e-01
9.252667337995874597e-01
9.247064967509693867e-01
9.277283583725940419e-01
9.254015326873477054e-01
9.249609408459769089e-01
9.249333859008447289e-01
9.255003695997557900e-01
9.260649614491921477e-01
9.259426088870765792e-01
9.254518666999821397e-01
9.260735246811332422e-01
9.257498338968003226e-01
9.252044416034367336e-01
9.265190274248751301e-01
9.255062943149443555e-01
9.253592163017788641e-01
9.255511703179933880e-01
9.259124547508673642e-01
9.251063692443671771e-01
9.264560681827778144e-01
9.261577747187020870e-01
9.257555811953240843e-01
9.259620721559049805e-01
9.263848978263932166e-01
9.263304184392692209e-01
9.250069529849713756e-01
9.261496488417765294e-01
9.262882392809211884e-01
9.271132743791762332e-01
9.249045499769769085e-01
9.256398630580361386e-01
9.265932001029029141e-01
9.249639894047133604e-01
9.254726412035726435e-01
9.257216208911036581e-01
9.251163797703676472e-01
9.256706462443832217e-01
9.261663523756457073e-01
9.257906527601409419e-01
