1.050509626274065633e+00
1.055577768892443036e+00
1.008735251500724406e+00
9.886727117997475833e-01
9.317873158231902986e-01
9.260910885298633266e-01
9.024156396885157916e-01
9.151911357340720699e-01
9.512873754152824102e-01
9.905903779025648781e-01
1.005865597636881548e+00
1.028227845318442579e+00
1.020230796226337278e+00
9.855464665723598916e-01
9.405105483516930098e-01
9.280244716796289817e-01
9.126095088099221986e-01
9.359411309062741768e-01
9.612066502885219244e-01
9.841412437665004731e-01
1.007306524339744103e+00
1.008061384857169340e+00
9.979426537912627904e-01
9.760118551449477042e-01
9.592484975365013211e-01
9.386280257360396506e-01
9.291724847504960749e-01
9.365581843089340053e-01
9.662022993671123272e-01
9.921803214131678095e-01
1.009637251612422126e+00
9.948768650008987802e-01
9.844651332603139293e-01
9.604034088794611845e-01
9.389159254908541197e-01
9.197053201952161139e-01
9.226937565835282573e-01
9.427075759778973385e-01
9.712037502092750740e-01
9.988228864505822591e-01
1.017568272743085700e+00
