9.175645969605819019e-01
8.649871330324894192e-01
8.528571772204499579e-01
8.393111571891315181e-01
8.419825779427162482e-01
8.504496655979907338e-01
8.671985447232489763e-01
8.780461127066305771e-01
8.953395786587908800e-01
8.998350388265494715e-01
8.817103739500332660e-01
8.663170856603070735e-01
8.581459687426254979e-01
8.510624975605407538e-01
8.575086133081004647e-01
8.579165030087709809e-01
8.829228401312166907e-01
8.841697353218916922e-01
8.939572912459989862e-01
8.967280190343143165e-01
8.921776365631388650e-01
8.745303113742923795e-01
8.599041211962409337e-01
8.606940534467181214e-01
8.578252604222725841e-01
8.553390999871631761e-01
8.610026182113821314e-01
8.819161162825043254e-01
8.943379604849054365e-01
8.924957203518070203e-01
8.910537772312586702e-01
8.728289051629541939e-01
8.610884920068213599e-01
8.480286281574331841e-01
8.460860346680445510e-01
8.563755653690964253e-01
8.693884450522982865e-01
8.872835526117676119e-01
8.897379130094582589e-01
8.878985939128708482e-01
