9.756028569408103923e-01
9.677872662414873650e-01
9.609776058328993731e-01
9.280447643750182607e-01
9.378865358357205695e-01
9.312647188219767003e-01
9.667948818588586457e-01
9.858327237259204567e-01
9.744477296218840845e-01
9.758569584548453246e-01
9.586447194521205972e-01
9.359261198648070046e-01
9.261840455290826224e-01
9.116857425462766562e-01
9.404678336088403423e-01
9.621720133647982953e-01
9.723220226214238648e-01
9.831692671711421694e-01
9.872796390675913081e-01
9.597146037045870548e-01
9.372505543237250603e-01
9.331739650114093676e-01
9.323824709572287039e-01
9.427581118413150829e-01
9.506767685366476206e-01
9.780910992027186390e-01
9.778123027625382768e-01
9.645026975357646748e-01
9.692205023031723599e-01
9.497024004186016555e-01
9.445408671616366547e-01
9.356792196886506430e-01
9.434939033324107882e-01
9.616268159316659903e-01
9.668687991369869783e-01
9.827266003780097403e-01
9.659474915518585503e-01
9.579092019543974379e-01
9.434621835155286851e-01
9.330829059211634968e-01
9.478932503314312363e-01
