8.646958335943979446e-01
8.606803216665298573e-01
8.707060642764623548e-01
8.810801191011924383e-01
8.814095331795870347e-01
8.788304185657880296e-01
8.741631846658036720e-01
8.691561642126621745e-01
8.568556704753521602e-01
8.597938655672131558e-01
8.612977382099795687e-01
8.689616933300480239e-01
8.726585947147488254e-01
8.881634481682513238e-01
8.753803922007232785e-01
8.801034586190574771e-01
8.728374912088313620e-01
8.699594925061729933e-01
8.533302318679544252e-01
8.686949787269098167e-01
8.658973822476860871e-01
8.760853890887522200e-01
8.887849857976635182e-01
8.932140192422166614e-01
8.793497523231207369e-01
8.721002313353984903e-01
8.613137582161045636e-01
8.536693470697983566e-01
8.605911961751240291e-01
8.677568194237460508e-01
8.773165611485429505e-01
8.939733351996090871e-01
8.911294110023274540e-01
8.856079631371436278e-01
8.793608250814995975e-01
8.686883880919443746e-01
8.474644686937349292e-01
8.532166442949524754e-01
8.566306814186013252e-01
8.723505166133905808e-01
