9.534114534114533912e-01
9.646604938271604590e-01
1.004096084420994073e+00
9.678885543946638137e-01
9.895774963577271821e-01
9.913149474325765320e-01
1.008709088355105976e+00
1.024320589590050679e+00
9.885144835740224956e-01
9.700078926598263429e-01
9.660495094215689749e-01
9.724129525047738865e-01
9.678298145106365435e-01
9.956713363765150593e-01
1.009429514380009385e+00
1.018027892210589869e+00
1.005460307762801264e+00
9.884868421052631637e-01
9.537463215875651157e-01
9.748772852007884238e-01
9.689878016137050132e-01
9.795771445892694773e-01
9.759412304866850185e-01
1.005706342819518539e+00
9.989825632389572885e-01
1.003145944467241035e+00
9.980017611596558869e-01
9.787891742576211307e-01
9.742066747612641020e-01
9.668896526328709662e-01
9.770154472243716137e-01
1.006626775528464357e+00
1.006134467528218446e+00
1.000676097358019545e+00
9.904239729142453319e-01
9.834340836012861464e-01
9.711827404648774031e-01
9.756071944335039658e-01
9.653669037303468370e-01
9.729438847200215790e-01
9.833018067966864395e-01
