8.729799939600306757e-01
8.587027234311654933e-01
8.734985799198432543e-01
8.767485386212043874e-01
8.740324666261910513e-01
8.784435727755532941e-01
8.580726712701419734e-01
8.502516217870698112e-01
8.530120848391364863e-01
8.550057639173589408e-01
8.696511282677017451e-01
8.784622247410294182e-01
8.809645407305625175e-01
8.808954208516722728e-01
8.648917215185815133e-01
8.612312184338557497e-01
8.563238368385572841e-01
8.589828015194191924e-01
8.507041004011898222e-01
8.647168826729801916e-01
8.719379952324296523e-01
8.796397057391533991e-01
8.793958715106854340e-01
8.759340081624454877e-01
8.557222192166372698e-01
8.464304211017822377e-01
8.539968275231317740e-01
8.565742486535737887e-01
8.651381054732982800e-01
8.735902400189738959e-01
8.804415585745529738e-01
8.693972630828220582e-01
8.811835034511932285e-01
8.641572971878067611e-01
8.521098547493608510e-01
8.534081215066667836e-01
8.605959954173678650e-01
8.686903646092946074e-01
8.788439461187049773e-01
8.780541708889521013e-01
