9.962736809143573069e-01
9.674057918332727990e-01
9.540738569753810516e-01
9.253671177656205282e-01
9.065246888089197874e-01
9.456410556156296110e-01
9.670644532403851468e-01
9.877495074102630168e-01
9.992460052779630342e-01
1.005343255189391716e+00
9.750593168901395824e-01
9.442363357738804419e-01
9.272874902004704101e-01
9.213817916069371172e-01
9.430315915719464925e-01
9.735124244459368859e-01
1.000246177411854731e+00
9.955708530110195520e-01
9.845906727287577764e-01
9.546136238061410095e-01
9.327685372299082678e-01
9.296948183207611738e-01
9.294064641578335673e-01
9.597992374885382372e-01
9.720336552251649387e-01
9.960519553333644360e-01
9.852882350326681582e-01
9.756390787142495968e-01
9.444793418573078636e-01
9.350580132015907653e-01
9.294520256769970290e-01
9.292965917331399428e-01
9.501560957387197304e-01
9.676425269645608784e-01
9.837716843872411632e-01
9.802836173653439733e-01
9.620896599219492806e-01
9.668110701371236404e-01
9.407074514351986272e-01
9.476542464926837050e-01
9.408159203980099861e-01
