8.583211121703760993e-01
8.810702808325060476e-01
8.664119125432109270e-01
8.627775251863096795e-01
8.633102479007270791e-01
8.615928809182138437e-01
8.662892737237779528e-01
8.692472527828077888e-01
8.895088733111169432e-01
8.819596877210211794e-01
8.811827846343509574e-01
8.690345089038391535e-01
8.762999710155315869e-01
8.676795985531181588e-01
8.590171360404846856e-01
8.731751219721608503e-01
8.802956355317456127e-01
8.865589975974024206e-01
8.792073212370221658e-01
8.715318638614174551e-01
8.659160697518920591e-01
8.670239248669673326e-01
8.529204209785995472e-01
8.742740952173826408e-01
8.823541839209888549e-01
8.789183156434368094e-01
8.892598416165024000e-01
8.794082691409367269e-01
8.681227945694411918e-01
8.604981881533029231e-01
8.581932418929432149e-01
8.606366382812187243e-01
8.728997031413224805e-01
8.802801056159363924e-01
8.809072059040827796e-01
8.780672582551396488e-01
8.716989881579007005e-01
8.662858485713924583e-01
8.624324494717637846e-01
8.681065564252578026e-01
