7.887530215059268546e-01
8.014603995089581989e-01
8.295104570035223279e-01
8.753247057617118410e-01
9.084895066879562497e-01
9.413025832267698512e-01
9.761884562112502772e-01
9.865845375420450036e-01
9.698576998818441153e-01
9.561213332093499995e-01
9.307935492728096616e-01
8.971270742161815415e-01
8.681937700318510531e-01
8.440784208461382665e-01
8.220298312787686079e-01
8.061571498540259784e-01
7.956972206018806393e-01
7.948048707444227423e-01
7.945012950692574849e-01
8.270308687167582384e-01
8.610363191491797741e-01
8.997575482559946325e-01
9.473098796923992149e-01
9.706232131417414921e-01
9.851912066074123286e-01
9.712636800856992991e-01
9.469201457065683503e-01
9.023233796469367629e-01
8.740051964378340310e-01
8.399001495712882237e-01
8.084959632360038118e-01
7.935833099437954452e-01
7.993601449168967754e-01
8.314110578020761366e-01
8.856518373518288412e-01
9.177791753167555688e-01
9.522530810086025088e-01
9.826158108814194714e-01
9.828323381186245822e-01
9.551376171545822302e-01
