9.128787878787878451e-01
1.096774193548387011e+00
1.014423076923076872e+00
1.074218750000000000e+00
8.085106382978722861e-01
1.041450777202072464e+00
1.017857142857142794e+00
8.644067796610169774e-01
9.453125000000000000e-01
1.006329113924050667e+00
8.787433940105695562e-01
8.644203699084138659e-01
8.889972807199385540e-01
9.210977951015184573e-01
9.693114389319268387e-01
1.010768959168747427e+00
1.051374795941231177e+00
1.055891181753099151e+00
1.034261494715381646e+00
9.981434379815458113e-01
9.399387980516775709e-01
9.111156451481270402e-01
8.738381960720924546e-01
8.750141054864699619e-01
9.060908368767814913e-01
9.502227138497397751e-01
1.007398778414457574e+00
1.045311688311688414e+00
1.054934823091247642e+00
1.046550776820472040e+00
1.000785426537282419e+00
9.586227971885504795e-01
9.198821111412727181e-01
8.791711638783954452e-01
8.808890237008645263e-01
8.955275119124452843e-01
9.403695186741732881e-01
9.842509780243279272e-01
1.027571103279235398e+00
1.055263899203564781e+00
1.038918400991982516e+00
