9.983427079148252670e-01
9.296356129958714964e-01
8.955046786937410630e-01
8.925623732490685081e-01
8.920375854942151905e-01
9.257669575007035911e-01
9.533856299297444048e-01
1.009326268630998502e+00
1.023212045169385132e+00
1.025386244051736728e+00
1.006522301467055902e+00
9.766514910500430080e-01
9.475806451612903691e-01
9.198090515486807561e-01
9.039275519244019952e-01
9.160832702218445478e-01
9.196059396685003495e-01
9.663797026699029180e-01
9.831535254192921292e-01
1.023317236621661630e+00
1.027876763177431263e+00
1.009652694152952224e+00
9.986429041850439781e-01
9.563082615811570042e-01
9.256667546870873675e-01
9.061503416856492299e-01
9.000287438919229999e-01
9.130894227893530113e-01
9.455974786454882652e-01
9.842603883313010282e-01
1.016611691769661707e+00
1.019290976922067493e+00
1.023432304502601475e+00
1.012524682651622099e+00
9.705244122965641651e-01
9.399554948856517766e-01
9.083009832021188279e-01
9.060043885896669202e-01
9.030387731590776568e-01
9.364573794641080084e-01
9.584858262771509541e-01
