9.069251190791881578e-01
8.416217727713024566e-01
8.169810194390388913e-01
8.056529784081650769e-01
8.237031595076824697e-01
8.404915403832897702e-01
8.878077944516532538e-01
9.114789662052316110e-01
9.340640608049582960e-01
9.278818869867418995e-01
9.053888435748095320e-01
8.942491755287128585e-01
8.518520074462492264e-01
8.239244051284968506e-01
8.108965029776531441e-01
8.201819112488608621e-01
8.407453853099244867e-01
8.774884515832790388e-01
9.112264441753182842e-01
9.376538522359170180e-01
9.403183898069886748e-01
9.097379053730780818e-01
8.784560319661897099e-01
8.497889431630093471e-01
8.281471060000722417e-01
8.090450155106190255e-01
8.209639317246164580e-01
8.502414488877249044e-01
8.741689481021862607e-01
9.124220935436094804e-01
9.328563980660656840e-01
9.269571091181425526e-01
9.158066360047538712e-01
8.782429787212473471e-01
8.414796370497946709e-01
8.134765516095910920e-01
8.158041576645488346e-01
8.288396330083039887e-01
8.446962212383588575e-01
8.896594359538675389e-01
