5.000000000000000000e+01
6.025641025641025550e+01
7.051282051282051100e+01
8.076923076923077360e+01
9.102564102564102200e+01
1.012820512820512846e+02
1.115384615384615472e+02
1.217948717948717956e+02
1.320512820512820440e+02
1.423076923076923208e+02
1.525641025641025692e+02
1.628205128205128176e+02
1.730769230769230944e+02
1.833333333333333428e+02
1.935897435897435912e+02
2.038461538461538680e+02
2.141025641025641164e+02
2.243589743589743648e+02
2.346153846153846416e+02
2.448717948717948900e+02
2.551282051282051384e+02
2.653846153846154152e+02
2.756410256410256352e+02
2.858974358974359120e+02
2.961538461538461888e+02
3.064102564102564088e+02
3.166666666666666856e+02
3.269230769230769624e+02
3.371794871794871824e+02
3.474358974358974592e+02
3.576923076923077360e+02
3.679487179487179560e+02
3.782051282051282328e+02
3.884615384615385096e+02
3.987179487179487296e+02
4.089743589743590064e+02
4.192307692307692832e+02
4.294871794871795032e+02
4.397435897435897800e+02
4.500000000000000000e+02
