8.472192059543902642e-01
8.267227182040831623e-01
8.296282150684581858e-01
8.255423661302077054e-01
8.262617831141915170e-01
8.321010708400167211e-01
8.401226471964697851e-01
8.545837862731791024e-01
8.864708361718371954e-01
8.775239110421539923e-01
9.013711995438011826e-01
8.918786576516243292e-01
9.213903837817407627e-01
9.134363368691147400e-01
9.248528411459837617e-01
9.161841793019604996e-01
9.078829774850306622e-01
8.872280174356803606e-01
8.715427550916214905e-01
8.339613084260619758e-01
8.411888792222004252e-01
8.246560271385495744e-01
8.118101862127320434e-01
8.422878931112884882e-01
8.231795293562036431e-01
8.382423217059636888e-01
8.396642204566089340e-01
8.645563529277221493e-01
8.790041563161725691e-01
9.050423137758073500e-01
9.171753521347955074e-01
9.049464446138774099e-01
9.026412168595751018e-01
9.170652629052929994e-01
8.938342253037664387e-01
8.958248533205479536e-01
8.754505389658917558e-01
8.614964390750183831e-01
8.264818304340465493e-01
8.289002721197472612e-01
