9.152046783625731319e-01
8.590929106120651637e-01
8.582412301777991859e-01
8.973379997878884184e-01
8.982590734730009352e-01
9.018079361352430157e-01
8.946368425598065777e-01
8.819260684788710059e-01
8.768381685487092181e-01
8.903796361679948701e-01
9.185100564267664192e-01
9.287234042553191848e-01
9.432045188399806879e-01
9.533396946564886010e-01
9.665863937387115801e-01
9.586103430017062221e-01
9.673202614379085018e-01
9.651584883645556445e-01
9.489621739724156679e-01
9.428855227216289547e-01
9.233613072571998925e-01
9.110188343467299221e-01
8.918001303199698526e-01
8.810537885553342274e-01
8.983027601577232568e-01
8.700314355571079350e-01
8.973202830015762910e-01
9.178118096379226376e-01
9.285980195071104060e-01
9.431360672676096790e-01
9.571835304424003432e-01
9.506680757907450818e-01
9.708170495635340957e-01
9.578768485374408170e-01
9.586636689938073941e-01
9.680808565036752578e-01
9.288610256025227052e-01
9.389272235141625789e-01
9.043534368239267707e-01
8.996412386706948983e-01
8.809874723655121143e-01
