8.724860799183628002e-01
8.656819312613724948e-01
8.834132172535508198e-01
8.728819279344537385e-01
8.768848393065571400e-01
8.908353034879176180e-01
8.654243623601723945e-01
8.592487103759187672e-01
8.608504612026310898e-01
8.592415213375840244e-01
8.748008836920139197e-01
8.729097438759224614e-01
8.801606491446026803e-01
8.763442939707550838e-01
8.692214947661868196e-01
8.683880574994492507e-01
8.533960636227512220e-01
8.541651008413797541e-01
8.556066251794326449e-01
8.641496764172791334e-01
8.707648640791928463e-01
8.764629494287943245e-01
8.784052124879087042e-01
8.735440801078441231e-01
8.663069913496921348e-01
8.630006289401903619e-01
8.618065602076112608e-01
8.654916910300337607e-01
8.718146352952080846e-01
8.668617114036408777e-01
8.685628422490054845e-01
8.714603949111882075e-01
8.802660760695679709e-01
8.806489419889973469e-01
8.636154288885963259e-01
8.614578932636113295e-01
8.684117850604069488e-01
8.643902259698726942e-01
8.541593393876085738e-01
8.764592937472110989e-01
