1.000000000000000000e+04
1.001025641025641016e+04
1.002051282051282033e+04
1.003076923076923049e+04
1.004102564102564065e+04
1.005128205128205082e+04
1.006153846153846098e+04
1.007179487179487114e+04
1.008205128205128131e+04
1.009230769230769147e+04
1.010256410256410345e+04
1.011282051282051361e+04
1.012307692307692378e+04
1.013333333333333394e+04
1.014358974358974410e+04
1.015384615384615427e+04
1.016410256410256443e+04
1.017435897435897459e+04
1.018461538461538476e+04
1.019487179487179492e+04
1.020512820512820508e+04
1.021538461538461524e+04
1.022564102564102541e+04
1.023589743589743557e+04
1.024615384615384573e+04
1.025641025641025590e+04
1.026666666666666606e+04
1.027692307692307622e+04
1.028717948717948639e+04
1.029743589743589837e+04
1.030769230769230853e+04
1.031794871794871869e+04
1.032820512820512886e+04
1.033846153846153902e+04
1.034871794871794918e+04
1.035897435897435935e+04
1.036923076923076951e+04
1.037948717948717967e+04
1.038974358974358984e+04
1.040000000000000000e+04
