9.519071310116086204e-01
9.663668361360969739e-01
9.595302795031055432e-01
9.524904214559386517e-01
9.194474170639167498e-01
9.528847095699872760e-01
9.227512231840421242e-01
9.346662911855815326e-01
9.298569450853715335e-01
9.398788536298706697e-01
9.837257932539321681e-01
1.001794204718758463e+00
9.766681797548797395e-01
9.692156687784420077e-01
9.264604810996563966e-01
9.424142708694146497e-01
9.105712070302404149e-01
9.329215989020415156e-01
9.371865703357415978e-01
9.462714615187494127e-01
9.479095270733378653e-01
9.823024054982817388e-01
9.417492312948411159e-01
9.639670264298462188e-01
9.495503211991435100e-01
9.396129032258064839e-01
9.508225720856182672e-01
9.367729331320486796e-01
9.401579041808720838e-01
9.176542349250610409e-01
9.280467297990973030e-01
9.469136902110982801e-01
9.594853545031480913e-01
9.909781576448243312e-01
9.804804804804805318e-01
9.591620003861749399e-01
9.709907478797223934e-01
9.544182327069172800e-01
9.486590837942189269e-01
9.338382244661828091e-01
9.179030662710188082e-01
