1.200000000000000000e+04
1.201025641025641016e+04
1.202051282051282033e+04
1.203076923076923049e+04
1.204102564102564065e+04
1.205128205128205082e+04
1.206153846153846098e+04
1.207179487179487114e+04
1.208205128205128131e+04
1.209230769230769147e+04
1.210256410256410345e+04
1.211282051282051361e+04
1.212307692307692378e+04
1.213333333333333394e+04
1.214358974358974410e+04
1.215384615384615427e+04
1.216410256410256443e+04
1.217435897435897459e+04
1.218461538461538476e+04
1.219487179487179492e+04
1.220512820512820508e+04
1.221538461538461524e+04
1.222564102564102541e+04
1.223589743589743557e+04
1.224615384615384573e+04
1.225641025641025590e+04
1.226666666666666606e+04
1.227692307692307622e+04
1.228717948717948639e+04
1.229743589743589837e+04
1.230769230769230853e+04
1.231794871794871869e+04
1.232820512820512886e+04
1.233846153846153902e+04
1.234871794871794918e+04
1.235897435897435935e+04
1.236923076923076951e+04
1.237948717948717967e+04
1.238974358974358984e+04
1.240000000000000000e+04
