9.493388186893917391e-01
9.543863610703398059e-01
9.450232764353801995e-01
9.032673426685980944e-01
9.041227741831987519e-01
9.230161655521036401e-01
9.387168027944726711e-01
9.526780279975654020e-01
9.316532458494880542e-01
9.039826212889210399e-01
9.094061551798873211e-01
9.282316731952994227e-01
9.725754060324826034e-01
9.492607977131627406e-01
9.349324145242512429e-01
9.158461742240275871e-01
9.159243971323050015e-01
9.260990778468797258e-01
9.666270417822392380e-01
9.667075441704138239e-01
9.331099072628775692e-01
9.089236430542778633e-01
8.993302316069328173e-01
9.208664655881546590e-01
9.574012375059495206e-01
9.477263635151353949e-01
9.445561398082276128e-01
9.022942687571973153e-01
9.117359890646358211e-01
9.265465275582253080e-01
9.789619697144839039e-01
9.730691056910568681e-01
9.360932475884243820e-01
8.715897728895871666e-01
8.979018668428878636e-01
9.473988439306358922e-01
9.830139372822299659e-01
9.719602977667494148e-01
9.342977697408076931e-01
8.897477624084622061e-01
9.068783068783068391e-01
