8.801560002468763466e-01
8.760789253086264106e-01
8.739318892842893316e-01
8.767574876610924051e-01
8.664582481124207813e-01
8.787490229207921555e-01
8.691364858532564242e-01
8.770222008720185425e-01
8.765705195524529092e-01
8.772914885503730886e-01
8.824626842219913669e-01
8.796798167150424730e-01
8.759974676392715542e-01
8.747693430006547866e-01
8.782872169678367369e-01
8.708123259645474956e-01
8.765940121598788659e-01
8.666240395695724574e-01
8.680062513573914007e-01
8.731744653719384353e-01
8.794449254062243204e-01
8.739421274603068612e-01
8.733889665158993676e-01
8.747133951535143170e-01
8.718582935611538520e-01
8.689725915112544996e-01
8.715590163593561757e-01
8.883517572150376740e-01
8.729891674700099857e-01
8.734211430729115211e-01
8.799778967897495807e-01
8.720510547745696783e-01
8.660097472409687969e-01
8.750735518009158387e-01
8.664546266769012073e-01
8.783535345449126064e-01
8.816560273379269175e-01
8.781458057846260878e-01
8.708203022894764889e-01
8.715800111417822960e-01
