8.766983794477902769e-01
8.657472255144920137e-01
8.536652146857498513e-01
8.639349685712935933e-01
8.913854371289204881e-01
9.319454564380139638e-01
9.526610538976171272e-01
9.708601946110372305e-01
9.678550459912583781e-01
9.613125802310654722e-01
9.300033278924931812e-01
9.043844934517305534e-01
8.859588108990836819e-01
8.643106457242583085e-01
8.777368905243789765e-01
8.817940889295290408e-01
9.189497893095837089e-01
9.341722399110312658e-01
9.577454046220730266e-01
9.803799439426970075e-01
9.815125789097242093e-01
9.732565539292532542e-01
9.394280081933128468e-01
9.219522919643838854e-01
8.781274079665360999e-01
8.582915360501567337e-01
8.600787806131187097e-01
8.646707492250699234e-01
8.992765977053863713e-01
9.259032743695897461e-01
9.646311002946074131e-01
9.839005764217791938e-01
9.828743506045699574e-01
9.807863267471538249e-01
9.430058641365223204e-01
8.963022508038585023e-01
8.737819190554093618e-01
8.444965870307167277e-01
8.515527950310558536e-01
8.629290285049446840e-01
8.897628218122846100e-01
