9.218517192950338446e-01
8.797915923821749695e-01
8.556087466123446506e-01
8.295899228666708813e-01
8.163557436229570419e-01
7.956201920860541676e-01
7.851322392298991648e-01
7.994952369873821185e-01
8.217264378833514238e-01
8.593326603113951023e-01
8.903642796332913445e-01
9.087360168961384765e-01
9.233169909753775606e-01
9.252307411150637595e-01
9.136563273372989569e-01
9.024740575984814273e-01
8.644293590340089706e-01
8.426674006076287915e-01
8.173744281953883029e-01
7.931242033464364072e-01
8.005821384504566707e-01
8.033417250604617532e-01
8.157468295587412266e-01
8.412804794842012601e-01
8.711568761686102613e-01
9.003710585600867011e-01
9.080612494584955341e-01
9.189725827248278467e-01
9.116840270769701604e-01
8.903419475359060087e-01
8.725374033039818844e-01
8.462687282922347620e-01
8.193322847080047877e-01
8.015748851266670805e-01
7.971183646540696000e-01
8.071472841885918292e-01
8.286976589340847577e-01
8.473144942151411563e-01
8.708552088581563710e-01
8.931547952933753809e-01
