4.000000000000000000e+03
4.010256410256410163e+03
4.020512820512820326e+03
4.030769230769230944e+03
4.041025641025641107e+03
4.051282051282051270e+03
4.061538461538461434e+03
4.071794871794871597e+03
4.082051282051282215e+03
4.092307692307692378e+03
4.102564102564102541e+03
4.112820512820512704e+03
4.123076923076922867e+03
4.133333333333333030e+03
4.143589743589743193e+03
4.153846153846154266e+03
4.164102564102564429e+03
4.174358974358974592e+03
4.184615384615384755e+03
4.194871794871794918e+03
4.205128205128205082e+03
4.215384615384615245e+03
4.225641025641025408e+03
4.235897435897435571e+03
4.246153846153845734e+03
4.256410256410256807e+03
4.266666666666666970e+03
4.276923076923077133e+03
4.287179487179487296e+03
4.297435897435897459e+03
4.307692307692307622e+03
4.317948717948717785e+03
4.328205128205127949e+03
4.338461538461538112e+03
4.348717948717949184e+03
4.358974358974359347e+03
4.369230769230769511e+03
4.379487179487179674e+03
4.389743589743589837e+03
4.400000000000000000e+03
