9.306255728689275530e-01
9.245397587701139619e-01
9.118004223864836222e-01
9.154791154791154240e-01
9.364574316262311848e-01
9.621759551982657088e-01
9.830136864951056763e-01
9.961534258550978072e-01
9.896126989634383975e-01
9.710169930130251315e-01
9.561700444014595845e-01
9.147584895878337896e-01
8.975544991220181235e-01
9.004814709919173321e-01
9.041216275595395091e-01
9.221954952984910969e-01
9.566870302817210847e-01
9.703801362337948211e-01
9.872807906170505410e-01
9.951103218429950825e-01
1.001411827384123709e+00
9.544350641841100602e-01
9.170031404217138249e-01
8.951875135486667689e-01
8.888583002320368243e-01
8.958241370177452145e-01
9.238862559241706185e-01
9.448316481790517418e-01
9.908509642875708012e-01
9.766932164430427443e-01
9.936281028368794122e-01
9.890797406438402994e-01
9.365327671936979348e-01
9.288426710288018029e-01
9.133028919330289375e-01
8.861554720526068074e-01
8.683408577878103385e-01
9.049977194239916534e-01
9.491195204196327673e-01
9.561021436501836446e-01
9.886442872796095127e-01
