8.510132719000796930e-01
8.826898301368909516e-01
8.879520383833818808e-01
8.870856157902975436e-01
8.826713934229067915e-01
8.873765179252177671e-01
8.702818836499954802e-01
8.692368053533614525e-01
8.492000871538879503e-01
8.474860008553831703e-01
8.512302344389678366e-01
8.641009422509401405e-01
8.637867443278284263e-01
8.777975761400402810e-01
8.825031363221449432e-01
8.850266959447883330e-01
8.790881192700037428e-01
8.845473026377744796e-01
8.814683264537893637e-01
8.641276867152747343e-01
8.488442872269673645e-01
8.583945591826467325e-01
8.566473145013077106e-01
8.523868811041672711e-01
8.532303639546466867e-01
8.763470048677405311e-01
8.747532129784262311e-01
8.803097432562516644e-01
8.863101971774572929e-01
8.828682029823263777e-01
8.685033754318995936e-01
8.661520954869036393e-01
8.538610372631535439e-01
8.607646669186657107e-01
8.532456583294043551e-01
8.647676153738360627e-01
8.723568388613199831e-01
8.713410726479526858e-01
8.712356685774924614e-01
8.876076252666403876e-01
