1.105527638190954676e+00
1.028169014084507005e+00
9.013452914798206761e-01
1.020074630390628734e+00
9.316154608523290470e-01
8.899341486359360065e-01
9.199927758714104842e-01
9.011020603737421863e-01
8.980732662833054158e-01
8.915368232260957315e-01
8.957380207079219669e-01
9.033783644850205130e-01
9.123360131714921550e-01
9.444525229024284263e-01
9.711567616737416531e-01
9.858040245590374839e-01
1.009474065774731422e+00
1.016200543086387631e+00
1.018184663536776169e+00
1.000863557858376440e+00
9.796937230044314715e-01
9.579974626720015873e-01
9.282874392578412959e-01
9.018551289443859087e-01
8.867831651489047617e-01
8.833263874418281203e-01
8.939111747851002931e-01
9.192457917798441125e-01
9.384332259818478628e-01
9.699802951703060394e-01
9.894319682959048512e-01
9.998279290302845013e-01
1.032041976025550589e+00
1.009666745450248149e+00
1.011097694209648568e+00
9.787324790135902841e-01
9.507168048367150570e-01
9.248475609756097171e-01
8.981348637015782455e-01
8.959291116713629100e-01
8.908985675010852034e-01
