8.285036103303533572e-01
8.145282315614348345e-01
8.068928117101269448e-01
8.076229975734029454e-01
8.109256141580025723e-01
8.248349973879403052e-01
8.466957803628117896e-01
8.574043310795984585e-01
8.847579910837407580e-01
9.011715837606557589e-01
9.204614629213672128e-01
9.280844563284016413e-01
9.304088549785413109e-01
9.490244575664291693e-01
9.361673770344788315e-01
9.226035741193524542e-01
8.966298299305963670e-01
8.767075611003071200e-01
8.631314517479886650e-01
8.318692844347410631e-01
8.111038571912365658e-01
8.062474740655077854e-01
7.972604872162294409e-01
8.029223666241448454e-01
8.090139161512031052e-01
8.245670579365661501e-01
8.549471294905910401e-01
8.665453363986784785e-01
8.945732973157578538e-01
9.078249112532151832e-01
9.213409523180646765e-01
9.329331104463087776e-01
9.242371125015537148e-01
9.266752265338935590e-01
9.126507824628479204e-01
8.972515829590907988e-01
8.576831431643515691e-01
8.295073395381454828e-01
8.083177652049376993e-01
8.009173051353908335e-01
