8.916590123780780974e-01
8.896554697943167556e-01
8.685789276340457610e-01
8.859095902673230771e-01
9.114922947384910268e-01
9.411079941222495471e-01
9.849012329056952009e-01
9.933272730789315386e-01
9.861868411486731656e-01
9.573364081867973274e-01
9.268541644043870598e-01
8.944369894295736145e-01
8.919621310562465544e-01
8.775712371073947082e-01
8.994490358126722152e-01
9.288474810213940280e-01
9.515832864905378052e-01
9.674328714174103006e-01
9.727664489759652033e-01
9.431698009103867131e-01
9.344902182091798792e-01
9.370521014913809621e-01
9.107557135100449175e-01
8.978663161088077382e-01
8.870730345632644731e-01
9.048048048048048519e-01
9.309155465381688810e-01
9.486558862910701162e-01
9.556872410718968425e-01
9.617066104819594896e-01
9.639232185117012630e-01
9.380169615747042666e-01
9.209956138033081885e-01
9.073042733211952315e-01
8.955256417243446787e-01
8.884148342632096629e-01
9.103402044578514651e-01
9.064142413111048180e-01
9.493693912199854257e-01
9.634146341463414309e-01
9.695606326889278925e-01
