8.597267747443264607e-01
8.626075236689948467e-01
8.728956868533336300e-01
8.678407065970060730e-01
8.795265731488391969e-01
8.698907402049301796e-01
8.634130408488315256e-01
8.542116505095463941e-01
8.568261364339125885e-01
8.586677502166029097e-01
8.574323762451271369e-01
8.654526925431962336e-01
8.634760554623091000e-01
8.765538042575665711e-01
8.686018723587890511e-01
8.730756570487827606e-01
8.720449391812014062e-01
8.680124379338536311e-01
8.593508295006393460e-01
8.647584315312312198e-01
8.598884515541889151e-01
8.666287992417959218e-01
8.644731172432361666e-01
8.657063302744757438e-01
8.657380961880573045e-01
8.612093995799799950e-01
8.738435861953506301e-01
8.680111965874032220e-01
8.744385451134171205e-01
8.632157226683163653e-01
8.615816692078505090e-01
8.599425889017688895e-01
8.591668374945929942e-01
8.804963511120058595e-01
8.619421939540882205e-01
8.618140973629727641e-01
8.741370640275882842e-01
8.715323461667688898e-01
8.674030092627301736e-01
8.668999922501681166e-01
