6.000000000000000000e+03
6.010256410256410163e+03
6.020512820512820326e+03
6.030769230769230489e+03
6.041025641025640653e+03
6.051282051282051725e+03
6.061538461538461888e+03
6.071794871794872051e+03
6.082051282051282215e+03
6.092307692307692378e+03
6.102564102564102541e+03
6.112820512820512704e+03
6.123076923076922867e+03
6.133333333333333030e+03
6.143589743589743193e+03
6.153846153846154266e+03
6.164102564102564429e+03
6.174358974358974592e+03
6.184615384615384755e+03
6.194871794871794918e+03
6.205128205128205082e+03
6.215384615384615245e+03
6.225641025641025408e+03
6.235897435897435571e+03
6.246153846153845734e+03
6.256410256410256807e+03
6.266666666666666970e+03
6.276923076923077133e+03
6.287179487179487296e+03
6.297435897435897459e+03
6.307692307692307622e+03
6.317948717948717785e+03
6.328205128205127949e+03
6.338461538461538112e+03
6.348717948717949184e+03
6.358974358974359347e+03
6.369230769230769511e+03
6.379487179487179674e+03
6.389743589743589837e+03
6.400000000000000000e+03
