9.887429024164795521e-01
9.627981546314170469e-01
9.615179227020893560e-01
9.569651655583503169e-01
9.252630437140687558e-01
9.055578613741840366e-01
8.924222721361863009e-01
9.084498329828034624e-01
9.176034802084679365e-01
9.353509454695297931e-01
9.335112836690123705e-01
9.530670843121900049e-01
9.803746654772524938e-01
9.700918484500573591e-01
9.395920815836832363e-01
9.419354838709677047e-01
9.197009102730818730e-01
9.232258495226650652e-01
9.272551590862033732e-01
9.276756448624768892e-01
9.213201603665520656e-01
9.180064308681672447e-01
9.205391718796545053e-01
9.388646288209606672e-01
9.295944519825116714e-01
9.517378961098749146e-01
9.498406434967370249e-01
9.440160394818013501e-01
9.482349216400189906e-01
9.458472535156553507e-01
9.300312012480499435e-01
9.398563009606846208e-01
9.288138332255979623e-01
9.330269205515430153e-01
9.267450464523555587e-01
9.338995879236396958e-01
9.357106555988480290e-01
9.388750963102474589e-01
9.363395225464190563e-01
9.563499033901282642e-01
9.532610627332503972e-01
