8.000000000000000000e+03
8.010256410256410163e+03
8.020512820512820326e+03
8.030769230769230489e+03
8.041025641025640653e+03
8.051282051282051725e+03
8.061538461538461888e+03
8.071794871794872051e+03
8.082051282051282215e+03
8.092307692307692378e+03
8.102564102564102541e+03
8.112820512820512704e+03
8.123076923076922867e+03
8.133333333333333030e+03
8.143589743589743193e+03
8.153846153846154266e+03
8.164102564102564429e+03
8.174358974358974592e+03
8.184615384615384755e+03
8.194871794871794918e+03
8.205128205128205082e+03
8.215384615384615245e+03
8.225641025641025408e+03
8.235897435897435571e+03
8.246153846153845734e+03
8.256410256410255897e+03
8.266666666666666060e+03
8.276923076923076223e+03
8.287179487179486387e+03
8.297435897435898369e+03
8.307692307692308532e+03
8.317948717948718695e+03
8.328205128205128858e+03
8.338461538461539021e+03
8.348717948717949184e+03
8.358974358974359347e+03
8.369230769230769511e+03
8.379487179487179674e+03
8.389743589743589837e+03
8.400000000000000000e+03
