8.696273411592205793e-01
8.686659813393283747e-01
8.720992413413657385e-01
8.645345708793249484e-01
8.658634608997651805e-01
8.612116202283189859e-01
8.516324390625955587e-01
8.663808275306238427e-01
8.640905979480153487e-01
8.668663078070054651e-01
8.712098369935505904e-01
8.625503220799356496e-01
8.762162179843471232e-01
8.548091936026976922e-01
8.566332039378650176e-01
8.625341962753202418e-01
8.588771008972067023e-01
8.509082136225194493e-01
8.579975082977672196e-01
8.708017065689088732e-01
8.608369660177812577e-01
8.743057144691347427e-01
8.658239483372410783e-01
8.692731505867629105e-01
8.676886727406748490e-01
8.601109679939542563e-01
8.616425066216397699e-01
8.605612606226337169e-01
8.605604796939161361e-01
8.601499930459474141e-01
8.635362849101746452e-01
8.810829256695751344e-01
8.554148503343630416e-01
8.759084420154297224e-01
8.758770797209600723e-01
8.630339636908661571e-01
8.676855022657237182e-01
8.634722072844245311e-01
8.630874071936081027e-01
8.575435247781448833e-01
