7.650472340499817801e+04
1.565997481650008704e+05
2.092761735700029822e+05
2.966398845950055402e+05
3.668412217399994261e+05
4.428341567849992425e+05
5.191981006899939384e+05
5.826926630750009790e+05
6.662535645700028399e+05
7.530594408949966310e+05
8.198116125000061002e+05
8.957635351299988106e+05
9.809457481949998764e+05
1.060255407749998383e+06
1.132304956790001597e+06
1.213932055304998998e+06
1.296302259824997513e+06
1.375706124095003121e+06
1.451904203549997183e+06
1.534040784910002723e+06
1.616749925299998606e+06
1.697953522564995335e+06
1.779723114595002029e+06
1.858450776780006941e+06
1.941608186099995859e+06
2.024023087310000090e+06
2.108036550699993502e+06
2.187442488775001373e+06
2.271191194279998075e+06
2.354767627725008875e+06
2.440663203994994517e+06
2.520788583255002275e+06
2.605754445249998942e+06
2.691173125930008944e+06
2.777444643804998603e+06
2.863543493625000585e+06
2.944387887184993830e+06
3.031906348414994311e+06
3.119096710494999774e+06
3.206368491915002000e+06
3.288860048964996822e+06
3.376949645435001235e+06
3.464974217705001123e+06
3.553472085899993777e+06
3.637220132100003771e+06
3.726489928519998211e+06
3.815552689069998916e+06
3.905180669874993153e+06
3.995462291844996158e+06
4.080719693734999746e+06
4.170479696145004593e+06
4.261086127194999717e+06
4.352519613704998046e+06
4.438415840044999495e+06
4.530282909139998257e+06
4.622155429270002060e+06
4.713966603019995615e+06
4.800154983064996079e+06
4.893660319420004264e+06
4.986896841855000705e+06
5.079705467894999310e+06
5.167675274949998595e+06
5.261900757345001213e+06
5.356121570025005378e+06
5.449907268800002523e+06
5.545100196799999103e+06
5.634451122395000421e+06
5.727916548575009219e+06
5.823627712269992568e+06
5.919527438269998878e+06
6.009993044179992750e+06
6.105911029684999026e+06
6.203306047024998814e+06
6.300163600389999337e+06
6.391109404584996402e+06
6.487794580654995516e+06
6.585200494994998910e+06
6.683115613430002704e+06
6.780399522929997183e+06
6.872921739524997771e+06
6.971469307734997012e+06
7.070444720545001328e+06
7.169499056380002759e+06
7.263404854069994763e+06
7.362717733909995295e+06
7.462309794669999741e+06
7.562595454854999669e+06
7.657196255490002222e+06
7.758292251809995621e+06
7.859748017330000177e+06
7.960382709369998425e+06
8.061181769250004552e+06
8.156932365844997577e+06
8.259431345979997888e+06
8.361650021039992571e+06
8.463426661004999653e+06
8.559614783564995974e+06
8.662415444929998368e+06
8.765481199320003390e+06
8.869488578309997916e+06
