-1.965485074554740308e-03
-2.591815582592804645e-03
-3.582890877042554933e-03
3.978368353350858477e-03
-4.886564211960542359e-03
3.717294981999130776e-03
2.617944828420371017e-03
-3.501589663066351221e-04
-1.034792364618675187e-03
6.615098544730413366e-03
-3.383135462637132385e-03
7.306797534724851495e-03
-5.610004660440259805e-03
-7.891732642934190523e-03
-1.323995999059635054e-04
1.010625040994073132e-02
-3.378611873866121940e-03
-5.834403779287233860e-03
4.910764475308693200e-03
-7.695773067381006527e-03
-5.000449661771932952e-03
-3.414871056996338083e-03
-1.521999239706972595e-03
6.409529450368656178e-03
3.137239444739980954e-03
2.901664207794474315e-03
5.401979207026341712e-03
-9.719469094763955042e-03
-4.325269971509504430e-03
-3.040271278960893220e-03
4.357198346364166142e-03
6.606389980917892757e-03
-5.627431338050881138e-03
5.269228810290127463e-03
-3.242152196767378314e-04
-9.982720385476540059e-03
1.329328425695952554e-02
3.503924954917025936e-03
8.663109380880551491e-03
3.997777863731233339e-04
1.763397642171982138e-02
-1.418234817867514153e-03
2.614763098975902977e-03
2.447447020382576000e-03
7.219165549562700512e-03
-8.337245712101037931e-03
5.874635566483377147e-03
-2.285381049970780509e-03
3.507989866394001233e-03
3.966214017333546948e-04
-2.168762266761325996e-03
-1.237031802441168615e-03
-1.293012283772543292e-03
-5.769208487579335909e-03
-4.159906273438984670e-03
-7.706668073875655445e-03
-3.652200041132536157e-03
2.179387579209324244e-03
-5.026780619950543816e-03
7.559162164674226858e-04
3.709310543192900766e-03
-3.643582988636429043e-03
-7.291434732101031990e-03
-4.995965495837140224e-03
-1.494875760670311138e-03
1.343420154031660374e-03
4.421586922011000453e-04
3.855780518607909713e-03
2.329137529550884267e-03
-1.182665234526392162e-02
6.304516568692464240e-03
9.732918578386429154e-03
5.435006008989051729e-03
-1.436729438853867613e-03
-6.854644868919623768e-03
-8.367178147433262936e-03
-5.568493066868795971e-03
-2.527243425382019737e-04
4.305582185538225914e-03
6.530993907190918435e-03
6.281884998270315101e-03
-6.211223209868665940e-03
-4.834749444552310926e-03
-1.134436741325572928e-02
-1.195212328843531235e-02
-7.135584016460638779e-03
-4.360246866811245958e-03
-7.458943977382004320e-04
2.298106678190969809e-03
-8.283811646384586780e-04
-1.817159471397600257e-03
-1.289289306384366895e-02
5.502656924353255263e-04
1.009301028387366017e-04
-2.372497993993194498e-03
2.616649125273373677e-03
5.474995417128813990e-03
-1.177234273302962819e-04
-4.278858989180456263e-03
-4.659813536242785048e-03
