-7.264778442920283297e-03
-6.487626966360626746e-03
-1.873066080468888117e-03
-7.756676635539250242e-03
-5.204426893969604784e-03
3.350013943834162511e-03
1.808854082316679879e-03
3.196872896831015609e-03
-7.634097006692375231e-05
1.120566926186450374e-03
4.008663065660389435e-03
-6.954867314218571295e-03
1.891449414689216901e-03
-3.569018143232627338e-03
7.396165617687189275e-03
-2.865538958877200670e-04
-2.263032438154399806e-03
7.816967493365023500e-03
2.173460741105692762e-03
-2.781281558213888339e-03
8.882842533908585914e-03
-9.376716829011977339e-03
-5.707390985510985004e-04
7.190049302874257364e-04
-5.646398070543123815e-03
7.363812579781470191e-04
2.569856554344607247e-03
-3.118292799451416464e-03
5.417558252919785211e-03
2.520191284756334582e-03
-1.669869597324846744e-03
-2.967855786156992082e-03
-6.361449482586545301e-03
-3.783898361832127577e-04
5.739130632123057296e-03
1.448992783659286410e-03
-3.312620327217019600e-03
4.582312971788127243e-04
-2.766586243918012222e-03
-1.135487856301464760e-03
6.336468195882183352e-04
-3.143291456706442943e-04
6.254880218831471161e-03
-1.168962755167668455e-02
-2.286254302125478866e-03
-1.048241828104146123e-03
1.215436203275632732e-02
-2.136654495225043249e-04
1.326930077815147158e-03
9.943350918828364193e-03
1.040521355103263268e-02
-3.643625008975637236e-03
-1.075240044667302719e-03
-1.729663711030671180e-03
5.518515712900406989e-03
3.624469913009686906e-03
-7.764982295966893489e-03
-4.631104236969330046e-03
8.205039750440290547e-03
-1.885031458626063028e-03
-5.685362891115541828e-03
1.015348493584644629e-03
-1.931854905310559367e-03
-6.025749327462914806e-03
-1.666798491315679698e-03
4.183665239670286695e-03
8.279138623888071535e-03
3.705917907685263302e-03
1.862328969398641121e-04
2.859946726232909242e-03
-2.960608885747784136e-03
1.674563531905981506e-05
4.782019102518852982e-03
-1.568209794286290482e-03
-5.686758875801056767e-03
-2.260599724382306164e-03
2.261945567373468968e-03
8.031496031886131703e-04
-2.722192284916880034e-03
-3.622624180710798392e-03
-7.669985310306604021e-03
-9.897343426253923937e-04
6.895845690898405600e-03
8.122420976982569485e-04
-1.789109873043703836e-03
3.189078357476171632e-04
3.348738829061281841e-03
1.764657846280881515e-03
3.923082215545603546e-04
3.073095344610199398e-03
-7.706488640374153931e-03
-2.079131298882486156e-03
-6.086513346212907294e-03
-2.754812086657620895e-03
-2.641373724886819652e-03
-1.673448694948342919e-03
-2.231319160617140085e-05
1.617806411704503233e-04
3.944347226926270267e-04
-4.711526790998066261e-04
