1.006772732013316851e-02
1.355960302679815044e-03
-4.367693082253820691e-03
1.002766093797713420e-02
-4.239438020729346945e-03
-4.458612848801113415e-05
3.166735516939578332e-03
6.504117910166695715e-03
1.194858570055568059e-02
5.856366660316858486e-03
1.458827176456745089e-02
-3.753704285987868872e-03
5.692824021852893601e-03
-4.190636535742808810e-03
-6.326864997071801611e-03
-1.575190601419163006e-02
-1.089384707581131373e-03
-5.583960449386249358e-03
5.339044463233633131e-03
-6.426879334111346154e-03
-4.326434615988028476e-03
-3.866552144859092266e-03
9.776246097972229876e-04
1.077301746547743022e-03
1.205129382454761533e-02
1.069095467819158873e-02
5.175137821504360858e-03
-1.123989781543799360e-02
-1.303211527574943407e-02
2.720602769102908880e-04
-2.954893724087526152e-04
-5.153390073857844200e-03
6.851472865322394412e-04
-6.700493479793401264e-03
-7.686984722575340712e-03
-4.093631657105523125e-03
4.056940518562646147e-03
-3.363215666618790678e-03
1.162733019250183908e-03
-1.523123736877352030e-04
-1.166959646488940905e-03
8.875976865725943021e-03
-1.761147958200259822e-03
-5.539477366948153403e-03
2.948520623148209729e-03
1.369544846140047234e-03
-6.198823437787326363e-03
-4.329838845930411573e-03
4.896424494480910994e-03
-5.320098840665421491e-04
-3.744628873011968118e-03
-3.078487347730751722e-03
-5.264084613435637827e-03
2.032586462085039791e-03
3.375177272136764550e-03
-3.963890199209618714e-03
4.702792318607373900e-03
-1.240009482686910136e-02
-3.273837987261662974e-03
4.782114210951982081e-03
2.925734583797301447e-03
-4.158084075943646596e-03
4.236522749983540059e-03
2.220823569375252049e-03
-4.453015891433542706e-04
-1.113891833451430280e-02
-1.719678720917161563e-03
3.942277054328480190e-03
-5.073287950474458796e-04
1.723208486681393481e-06
-9.717845096028021601e-03
-4.385872341566510180e-03
-1.133681340184211628e-02
-4.088311978986847173e-03
1.385708031937549212e-02
9.743982734365386200e-03
-3.052368970238528156e-03
1.707149300551602522e-03
-8.802181373860351599e-04
-1.208197345565031888e-02
-6.410504139064965301e-03
4.075757507525645806e-03
1.815375684359854525e-03
6.143208093492114052e-03
1.169912292053876257e-03
-5.963532279237071521e-03
-4.503365245552393148e-03
-8.343522548120096971e-03
-7.276775294465132049e-03
2.106622085555454049e-03
-5.682240492561274614e-03
7.351004215325751545e-04
3.603022756550222638e-03
-1.165093003275097239e-02
-1.778733613269078973e-03
8.559731390508362736e-04
-2.764643997279048193e-03
-1.527433357063290309e-03
-5.450764611048986019e-03
-8.982710322545939263e-04
