-5.902807647725882845e-03
1.371418686212377835e-03
2.575082489624014315e-03
4.879070388833284255e-03
-7.451813149441988138e-03
-2.488565700180855877e-03
8.840223803072699837e-04
6.968637689898304899e-03
6.569111402038085856e-03
-1.400158165193121640e-03
-2.814477099840839713e-03
-5.230025590084341758e-03
-2.523508590946743624e-03
-4.988085697427702137e-03
-5.736263503378191686e-03
-3.057690869552320834e-03
6.980327425153420862e-04
7.265716324090787381e-04
1.071273105612280396e-03
-2.217549280514097276e-03
5.296387169723137944e-04
-2.262881040442810132e-03
1.325536547259198450e-03
-1.580548375164081421e-04
-2.106157757669757657e-04
-2.124921032798821052e-03
-5.637723486665691119e-03
-8.689716590914997596e-03
3.864598900584770291e-04
-2.696108658439166916e-03
-5.453911516779541557e-04
-9.943143984525892876e-03
-1.987974710710549431e-03
-9.052062243908309824e-04
1.283942823731232252e-03
3.203310631073374992e-03
4.968446993848796289e-03
-2.111960052384009856e-03
2.255437120488590352e-04
2.992914144374081431e-04
-4.572976093527136854e-03
-7.884712863787113335e-04
-6.268789225279070010e-03
3.561471980004338178e-03
-4.797091852745016816e-03
-2.585448382027677461e-03
-1.229725280356586126e-03
-3.729700023726079117e-03
5.695112442073435588e-03
5.264525885281035045e-03
6.820194870763574002e-04
-8.362601575245043328e-03
6.990335139660519559e-04
-5.881970050279905493e-04
3.045751480764580243e-03
-2.411669970402985363e-03
-7.870426490497406391e-03
-9.613075251024283396e-03
-5.456843025702262651e-03
-4.007416108934847010e-03
-1.885709230137644354e-03
2.191512193818856424e-03
6.230836520036975301e-03
3.234800331754938973e-03
-6.718425824408069680e-03
-7.961142851109381802e-03
2.776498169292374030e-04
1.002292605581378560e-03
2.015543277940068378e-03
-1.255166372525540197e-03
1.273395849589631368e-03
3.266643783328637696e-03
4.102639457076784346e-03
4.882752099036102855e-03
1.357456096840681248e-03
1.223233536146284273e-03
-3.699316611504022134e-04
-3.759682570767197696e-03
-3.766877153483449980e-03
-5.452480064994102982e-03
-7.250714931965163146e-03
6.913643098732547010e-03
-1.187114130119293343e-03
-7.876762424353644931e-04
3.231853924230532193e-03
-8.530104793857185008e-03
-7.542271024465807550e-03
9.041877881176274556e-04
2.167654761489501425e-03
-2.062109314826532369e-04
-5.588056029960375426e-04
-4.725090513156393612e-03
8.246380419837828768e-03
2.375436106479278386e-03
-2.106127670961743803e-03
1.772001084765495449e-03
2.394422248293448519e-03
-4.592665596456768640e-04
6.436752812375656774e-03
1.109685905375967785e-03
