-7.425819248038423304e-03
-5.957058484096111606e-03
1.774781149450621598e-04
2.084294655932183993e-03
5.788928479354416012e-04
-2.475349274541627231e-03
-2.528409287211319523e-03
8.894509235135572567e-04
3.004270667265607209e-03
-1.203716413083633086e-02
-4.495338736506981903e-03
3.527331211782391840e-03
4.927502516140602751e-03
-3.379444407505260983e-03
-4.354520125138816589e-03
-5.204410877934773083e-03
-5.332412979950240661e-03
1.644581800537170402e-03
5.726944816509926817e-03
6.967377964506304977e-05
6.486967497710494079e-03
9.003514910101539925e-03
3.828459268460204790e-03
-5.238583729700541092e-03
-2.528113627592420976e-03
3.353695688581903589e-03
-3.300290378180914530e-04
-3.704469395835019441e-03
6.200892068441987703e-05
5.534526292089392285e-03
-4.148250333503966658e-03
2.403371584201341449e-03
-3.168502889799529321e-03
4.961735984803428146e-03
-2.736271818344238049e-03
-8.638666303213637931e-03
-3.542142076310983434e-03
2.690887475918390948e-03
-1.432164672695357410e-02
-7.872059279905863072e-03
2.516359488165420544e-03
-2.760298756567913792e-03
-5.638056058687945793e-03
-9.089983475365603915e-03
1.877294534526230407e-03
-3.461694767906697834e-03
3.097946862767098075e-03
5.056576576952798163e-04
-6.128465938639471311e-03
7.956675266005408531e-04
-9.823085489710781104e-04
-4.718227430472787809e-03
2.898321336830433914e-03
6.297831312075174992e-03
2.060884687795194736e-03
3.035640436879205595e-03
-1.416664705249037759e-03
-7.787524335639561812e-04
-3.851889049279244581e-03
-1.108832665325798494e-03
2.472953913003506088e-03
3.919332884546045115e-03
5.032149699120358477e-03
2.586265876931670427e-03
8.391827884500768775e-04
4.243525934104597219e-03
4.552670305459360911e-03
2.660898552204638001e-03
-4.197472290019654828e-03
4.211374627056896358e-03
-6.314110283186180617e-03
1.342634174751111686e-03
3.213735502908598995e-03
2.632836293280704787e-03
-1.313944172566583468e-03
-2.783174636989627082e-03
-6.974066478909524136e-03
-5.562831717316862878e-03
4.779261389351363576e-03
4.590918162788559798e-03
-2.530420847540737483e-03
-2.319820251772353181e-03
4.622237617561752998e-03
8.874773265707958103e-04
1.568804712104965304e-03
4.885036821352661818e-04
3.033883362159484065e-03
1.992696930201209859e-03
-4.861586590976130218e-03
-6.865936692288965304e-03
1.413042999402591704e-03
-2.932043768529846162e-04
6.701176567984523658e-03
-3.194098156626412610e-03
1.628496502495413445e-03
1.017457018584133621e-02
6.658017985977759956e-03
-2.668360220029808438e-03
-2.732378701621906991e-03
-5.709824571731081377e-03
