4.609138582729155331e-03
-1.411085917523924316e-03
1.986373823510412251e-04
2.276192960419587408e-03
-1.747797593092892399e-02
-2.731056873341297653e-03
-7.595146128423491128e-03
-3.260729912117898976e-04
-5.105851291443919138e-03
-6.145176227059567786e-03
9.610814725347083254e-05
-4.213482342079188925e-03
-5.525422567734139534e-03
5.295091051210953914e-03
3.320865253532145900e-04
-3.559237500492029582e-03
-1.594685149960972659e-03
-2.337020961011404552e-03
-6.415514677430178558e-03
2.060473109933624869e-03
-8.863666937187986150e-03
-8.611139064702566515e-04
-7.638343048962270565e-03
-5.169588376530032114e-03
-4.030926519970612354e-03
-1.872224819576828736e-03
7.935013243407618155e-03
5.827420800280647128e-04
3.557221118250963876e-03
-9.737077036572672206e-03
-2.734530554954761605e-03
-9.482941769094699325e-03
1.668427617532164398e-03
-1.696197929463627574e-03
-3.297990159735753046e-03
-3.097187757875485836e-03
-1.488744509745232314e-03
4.244135746264809939e-03
-1.305943882234816833e-03
-7.141864766340710879e-03
-9.478239629641116437e-03
7.640209151518195796e-04
-7.195788552778803471e-03
6.358280724782838789e-03
-5.314220861353358139e-03
1.698678419294163966e-03
2.442142880752729006e-03
-6.234695395080369629e-03
1.408899012048991928e-03
4.192744223369904155e-03
-3.694782627273962561e-03
-4.693103134192355697e-03
-7.148857521660390013e-03
-6.628808377279304942e-03
5.586171299679976165e-03
-1.220808924210226021e-02
-1.633680582884822208e-03
6.175112308192121091e-03
-1.054716476410311188e-03
2.337909606456078926e-03
2.975363890681093082e-03
-5.151620737319562160e-03
5.402227529641145942e-03
2.870419210126318177e-03
-1.689315971681315531e-04
-1.650597152508925802e-03
4.667055209625847745e-03
9.575213723234110574e-05
-1.814692035660980807e-04
-3.173843515335006416e-03
-1.953409857113896919e-03
-5.014905608667241665e-03
-2.803405371387679423e-05
-5.412054117925335639e-03
-1.453814738554548569e-04
-3.284408517802872574e-03
3.267948558395739056e-03
-1.881073839391511626e-04
-3.831145500956423255e-03
4.522668216378922246e-03
-2.591228709891701953e-03
1.718304402392845098e-03
-3.502363027113153393e-03
-4.174487602631726801e-04
2.353214918879853457e-04
6.708417220381179824e-03
8.502205878058943789e-03
-7.717185105282631241e-06
3.518150820513987753e-04
-1.999743394397235363e-03
-4.322580839441370060e-03
-8.026688057606201632e-03
-7.248797499253667453e-03
1.971595964772587806e-04
-1.044510195827963450e-03
-1.176523579972221789e-02
-5.081133919522695663e-03
2.012965929402699139e-03
-1.395063152274444995e-03
-5.189859825083242839e-05
