-5.271091123457916083e-03
-5.060042022569821718e-03
2.543489295287693075e-03
-5.483547016831291643e-03
-6.156727160891328765e-03
8.963361699566574359e-04
-1.715949607992706127e-03
-4.718319346447619189e-03
-1.058394687164398995e-03
6.010740769744393752e-03
-1.150909469919936257e-02
-4.190308947402465733e-03
1.422778363858179240e-03
5.369517741255491750e-03
1.834319387634897325e-03
7.821300844843559474e-04
3.072791938019792113e-03
-3.470683303292920741e-03
-2.284470118209980249e-03
3.701896987132857753e-03
1.123864892074610822e-03
1.453581699102368674e-04
3.633217181297276888e-03
-1.494278008932869994e-03
-4.277710115990318585e-03
-7.919059168378650426e-04
1.312432955628151099e-02
8.075010895323253557e-03
1.837629028218379368e-03
-3.277888951010110574e-03
-2.288333968654243655e-03
-2.593098124255011072e-03
-1.666455996047311316e-03
5.367429880378193907e-03
-8.157036449704335723e-03
-4.417718849559659766e-03
-5.259053417222436799e-03
-3.359394263448112206e-03
-1.118017646128954823e-04
-4.933653743626309485e-03
-8.373505797980573817e-04
5.088070467751060200e-03
2.953825768696627385e-03
3.942110836549272967e-03
7.318134364367900879e-03
6.172354596055362741e-03
-6.849556233297082741e-04
-4.648551913794318757e-03
1.848561140846971540e-04
-9.380251391867266975e-04
-2.279658515070059899e-03
8.560069553140814413e-03
-8.284784045315962686e-04
9.597914675856245026e-03
1.967534568489859303e-03
-2.647303841179393658e-03
-1.233912832317241026e-02
-4.945883249714122520e-03
-4.807262348180629807e-03
-1.896316766237360341e-03
4.078919930279312211e-04
1.412676764700471210e-05
-6.785160720879090945e-05
-4.989743857052308940e-03
-7.581923058889716849e-03
-3.206339740514541070e-03
-8.922621952942244583e-03
-5.712358726518318441e-03
-2.783648109057068609e-03
-8.223917622894871826e-04
-2.279430065530330118e-03
1.523316223552606541e-02
-5.561116483484784823e-03
-5.143098889745512103e-03
4.972009344249017637e-03
5.358436166795432776e-03
3.857001722608388583e-03
4.970861974802898153e-03
-1.051668351736978479e-06
-7.789171383066006982e-03
-8.423872323911396620e-03
-4.480015478782073401e-03
-2.607969284079914019e-03
-2.201582430258253176e-03
-3.397262194818728709e-03
-7.739695649365829766e-04
-3.434844281401394639e-04
2.995147222850214064e-03
3.862965326870582139e-03
-5.942418484444655924e-03
-2.510223250657306338e-03
-3.931872670639213752e-03
-1.492273660276044467e-03
1.476637314760886888e-03
2.213467685069692159e-03
-2.026626711937984382e-03
-6.581445768928717577e-03
-7.533063801806516580e-03
-5.763316516846583859e-03
4.936142480426841672e-03
