9.302988636789022436e-04
9.528844726142127186e-04
7.449164086557047426e-04
8.502776692168922956e-03
-4.207231141179490486e-03
-1.845712747068795068e-03
-5.463057014778782694e-03
-6.008957156075744876e-03
-5.652377462238233896e-03
-6.363721076585338032e-03
-4.512960501682705683e-03
-5.878503791610034668e-03
-3.968735282177782153e-03
-4.055555070375693738e-03
-3.997308436541335830e-03
-1.128180500617581572e-03
-1.330762878727353993e-03
-3.916760644667616198e-03
-6.079467390430526308e-03
1.096539484424396971e-02
-1.496877145186648050e-03
-7.180870046277210150e-04
-5.316616835172927047e-03
-1.529151453160793039e-03
-7.884021635243820825e-04
-5.494222962602712812e-03
-3.380759977127167915e-03
-2.660954196368803260e-03
-1.087137913388103172e-04
-6.708154971284407964e-04
9.324620981987052915e-03
8.116998830698607392e-03
-5.257311524979435546e-03
-1.942981158735701541e-04
-5.296388305479515779e-03
-2.518366440618646784e-03
3.042812943152339855e-03
-1.777077450589303886e-03
-1.285545935000298456e-04
-1.912083341621795274e-02
-6.460767349289464612e-03
1.045545775887801732e-02
3.933383636401499572e-03
-3.054132066070636142e-03
1.659867875488552080e-03
-6.380962999661954349e-03
-9.936248343130893446e-04
-1.247385658182720292e-03
-1.195459004256071989e-02
-7.234990330013624238e-03
-1.600634521348176520e-03
-1.149535779351174014e-03
-1.781371946859455768e-03
-1.446944309952069574e-03
4.048959171697452675e-03
4.753948459345402888e-03
6.086981795150325780e-04
1.633971249153765015e-03
-2.316080878814630317e-03
7.623058934195237057e-04
-3.585755030826032197e-04
-2.192073372349723215e-03
3.105483776011386254e-04
1.111839886911436537e-03
2.007327287821492057e-03
1.558522850201748966e-03
6.590814104499020942e-04
5.675187176389040467e-03
-1.028201440982146053e-03
-8.574758655878755853e-03
-4.541190115481263945e-04
-6.997669660789185286e-03
-7.086456041178190723e-03
8.541727236525131772e-04
4.611557606575611423e-03
7.293077507569578621e-03
6.925459437688852304e-04
-1.106646251006804249e-02
-8.069716991581765697e-03
4.250892499627179077e-03
-4.977710879287777779e-03
9.553965493084293215e-04
-1.586804782656825452e-03
6.711740204249361241e-04
-1.269962852031070177e-03
-6.802820571799927940e-03
-3.641269870748975457e-03
5.256124017771757195e-04
-6.523990785642919121e-04
-8.807028734805211201e-04
4.125393696778889563e-03
-1.984894749972765382e-03
-3.490204838589416880e-03
-6.973537267336515910e-03
-4.238629518904968307e-03
-2.997310544047171454e-03
-3.180919294880846238e-03
-2.363647318149197929e-03
-3.352110571394173455e-03
-4.585188300737064182e-03
