1.074175635114094085e-02
1.767452155596371810e-03
-8.966194581543018849e-03
-2.019944357132930080e-03
-4.328989701618768393e-03
-2.600118989639965683e-03
4.512803145340749111e-03
2.513986537547752143e-03
-5.722536558145918661e-04
-5.814620051532992662e-04
6.504441002201155619e-03
-6.591981185548045907e-03
-2.206305662909580079e-04
4.998036135942962588e-03
4.739510628846366203e-03
-7.210013553044070100e-03
-2.690539284449511293e-03
-6.526215213301655993e-03
3.129508445987028153e-03
2.892589980902471325e-03
-5.729772745683758828e-03
-9.081028876146701734e-04
2.869939053805503626e-03
2.313727370626850188e-03
-1.250235690928303001e-03
-1.018700187403220880e-02
-2.673512752560114336e-05
9.701740625507548899e-03
1.384531107467834588e-03
-3.171552427131962837e-03
6.392470915150827437e-04
3.595161193100326891e-03
-3.110227982410229686e-03
7.078146127557527478e-03
-2.808016595555629102e-03
-2.489680698966378891e-03
-4.913445341005129308e-03
1.728562942004741032e-03
-5.313402211702622502e-03
4.945326113812376079e-03
-3.854375253009356683e-03
-8.573128096260207442e-03
-1.143471326278600042e-02
-5.803698095923071065e-03
1.109499100757638246e-03
-2.389338406798890979e-03
1.386291434688824431e-03
-4.408693230166460530e-03
-8.512436981557458537e-03
7.341943748507273604e-03
5.504376727066939701e-03
-4.609236553682505289e-03
-2.085300026999359346e-03
-1.480133343227829634e-03
-7.396764419861590056e-03
-1.690023681991892346e-03
-1.196390845743855458e-03
1.400892345936544103e-03
2.715863738945056838e-03
-3.442576714067557830e-03
-8.547460573248066851e-03
-4.744236443963822936e-03
1.720231354603196650e-03
4.067633746439591746e-04
-6.030606236227420425e-03
-6.928164064540998091e-03
2.153760735344345534e-03
2.802643491923273444e-03
-9.604460480119203503e-03
-1.643830162375792270e-03
-3.132505251802086832e-03
9.744052190563512461e-03
-2.199262083426023473e-03
9.782980032831956052e-04
2.462307791264439771e-03
-5.189256805874009615e-03
-3.322869515615889391e-03
5.224518610567607801e-03
3.031401600276040220e-03
6.514150247767247492e-04
5.984423995573751043e-03
3.876746472209147143e-03
-7.899863932866457716e-04
4.241630626373060764e-03
-9.592821607692370023e-04
1.265437266591784571e-03
-2.556175150054573741e-03
-3.198920273548178095e-03
2.490866958195003811e-03
1.113933448907311607e-03
-2.233232705279863950e-03
5.773970406247497245e-03
-8.617730209347196357e-03
3.246261656713600452e-03
9.614171253425896069e-04
-2.172795584259090695e-03
-1.652214104681415385e-03
-3.322497835378857012e-03
-4.696349452954384773e-03
6.815206508158366816e-04
