2.577360915883231129e-03
-4.245431816647826651e-03
-1.157490727227783456e-02
-2.498149781318015350e-03
1.532624531307535953e-03
9.111915533186465410e-04
8.356074929280588037e-03
2.917539448029637938e-03
5.429926570199694602e-03
-3.941690288419064103e-03
-2.279441521535696680e-03
-4.445433263692621928e-03
-5.769394068914635021e-03
-4.136518823441015513e-04
-4.650898837992301083e-04
-4.577022469871572241e-03
-6.104126616168659147e-03
7.099763816769133484e-03
9.871333329237619303e-03
-7.518154597467630040e-03
8.345642078285919752e-03
6.742347882638277667e-03
3.108389586689686013e-03
-1.316333323457818949e-04
-1.250916816319314062e-02
1.482528215014156103e-03
-6.227192934438186001e-04
1.202084393124969175e-03
2.714930274893223583e-03
-4.304645571543086469e-03
-3.554162570696184353e-03
-4.954386012651079696e-03
5.405808262444522505e-03
-1.128053660943129088e-02
-2.534791440689909692e-03
-3.157379457064179995e-03
-4.406686197356290968e-03
9.495867846527339395e-04
-5.158005188938385999e-03
-3.046425313617873165e-03
7.894594519363806739e-03
3.290938194913883841e-03
-1.186324603241306619e-03
-2.377252651410088902e-03
-6.257732652562131292e-03
-9.995202122427881974e-03
-1.699603083935019576e-03
1.326564036117638956e-03
-2.916885006563063598e-03
-1.441890930572453655e-04
1.877063059146588664e-03
-1.002515697009775941e-02
5.805881508017529669e-03
-8.308608617353385739e-03
-4.563641147308561408e-03
-4.432500101960168415e-03
6.789722447909318781e-03
-5.633011897078876729e-03
2.754543131901820985e-03
2.752616199228730132e-03
3.513264904913104836e-03
-2.791935149769164681e-03
3.514086626499324240e-03
-5.362049340529417840e-03
4.987188830690825192e-03
-6.448664550992133648e-03
-7.025538577083434433e-04
-2.938475552980324146e-03
6.457983291693114580e-03
4.190455018559857692e-03
-1.509797119297151546e-02
-1.524219788995417879e-03
-1.325618030246966672e-02
2.456623591552742347e-03
4.737902253697523491e-03
9.878746422470219279e-03
5.564817519122855494e-03
5.312009519824467674e-03
-3.967538406243642513e-03
-5.438715091208412566e-03
-2.435101232441838626e-03
-1.166561969738433291e-02
-4.701901794222362874e-03
3.127219492261579248e-04
4.253368649164923632e-03
3.842884619194020246e-03
-1.306944845293145363e-03
-6.066975592414869389e-03
7.496863404781728413e-03
-2.199673469654550573e-03
5.485260344311293501e-03
4.639866849915907920e-03
1.557476327830986662e-03
5.808640249558294499e-04
5.597033211078294990e-03
-3.086987430768295404e-03
-8.612732541442014167e-04
6.203595320605659325e-03
6.722454705999858504e-03
4.770265131637141387e-03
