-6.543641286525292422e-03
3.054345214837494993e-03
4.019271340510277568e-03
1.953477167722095231e-04
3.919146714280064003e-03
-9.715963210785716342e-04
1.854054171037899934e-03
1.400004218974681969e-03
3.036025974085032608e-03
6.976732501858817770e-04
-2.610894813529496261e-04
4.915900078531265649e-03
1.182047255106288830e-03
2.348639871861180062e-03
3.290592163095906741e-03
1.598796982110184395e-03
-2.091729056428182076e-03
8.580140990687157299e-04
5.063789046417688233e-03
-4.559178902067584360e-03
-4.938517998097968764e-03
-1.536899523485568686e-03
-9.152116030929691171e-03
5.127836664189588944e-03
5.029993679946942464e-03
4.895199202510802650e-03
1.670862706873665893e-03
5.475333578534025136e-04
2.598151801597614607e-03
4.226185363143897256e-03
-1.178032465283140873e-03
4.433736127896881207e-03
-6.916009282562973759e-03
-6.079535419054593604e-03
-9.469812774275387923e-04
5.642748530733765477e-03
-1.634228887645416961e-03
-4.059625183060688869e-03
3.552753026100141653e-03
-1.215941476351289907e-03
-6.673389772040683177e-03
2.453561944862014954e-03
4.163357579940130115e-03
9.758225880210358305e-03
6.271719940947884098e-03
-3.274841069210276956e-03
-3.127652238891553971e-03
-5.434717012682166448e-03
7.790751660218253605e-04
-7.296861402292909027e-03
9.443764274100763245e-03
-6.373800633129977911e-03
-5.804127499342337515e-03
-1.234826417778722707e-03
-3.473155197779020931e-03
-1.707597064614319038e-03
2.342942330258002137e-03
1.341461845365543581e-04
-2.187661910321159198e-04
-1.024106774473065862e-03
-6.327510699982830111e-03
-8.008122109560367186e-03
-2.968849992867061971e-03
1.553381778040430206e-03
3.359041679066865349e-03
1.563648352541968656e-03
-6.054534199019578899e-03
-3.699010433114491292e-03
2.035148321382407310e-03
-2.864354475076935636e-03
1.982996796351166324e-03
6.083697437620938508e-03
2.970359903922470401e-03
-1.474111344316630934e-03
3.644608077595479223e-03
-1.667007855986835096e-03
-4.605332850281640411e-03
-2.597031618446599133e-03
-5.449829883458434665e-03
6.632138526588837735e-04
3.104906101750182223e-03
-9.742816989393721094e-03
9.422349092729209730e-04
1.806876051726913346e-03
-1.110241621053775773e-03
1.547423089257149442e-03
-1.725439500259384751e-03
-5.209301860399473405e-03
-3.305781896705273226e-03
-1.391150821506204061e-03
3.063783307992729021e-04
-4.798527643965488920e-04
-1.371972497533402446e-03
-2.102417050552696232e-03
-1.126627603905805408e-03
5.219106520906180435e-04
1.061025797287395989e-03
-2.144440252944246339e-03
-9.517026131966144220e-03
-1.052752124100519993e-02
