-3.424316721214237802e-03
6.227318213269938951e-05
1.129696309872363358e-03
5.572011786171282566e-04
1.190350845935994606e-03
8.829967050789644389e-04
1.029823829514220357e-03
1.256195926431447063e-02
6.811659816936543876e-04
-4.624485365456676433e-03
-1.090899190821614795e-03
3.165621412069219431e-03
-4.039213771680927323e-03
-1.301633262711243688e-02
3.996707770210106148e-03
3.030542079511366893e-03
2.817213519535011201e-03
4.645563609635861013e-03
-3.621740204816314979e-03
9.062209241416874228e-03
-3.608549890603440780e-03
-3.937989578618572573e-03
1.543560504023600011e-03
6.261693891832176284e-03
-2.491049387309485219e-03
-4.365768296170413620e-03
-5.739744502460952802e-04
-1.591264711723328062e-04
-5.894847575485306912e-03
-6.345809753168674128e-03
-4.740371340788973598e-04
-9.975792990491227918e-03
-5.579028912680583652e-03
4.063070010969171975e-03
-3.075486433786189799e-03
5.972988146749624860e-03
8.328362111073350782e-03
-2.677779277918679313e-04
9.650525703142065481e-05
-1.175831462224219415e-03
4.087838031239243719e-04
4.082637943404465730e-04
4.927163717161842094e-03
-9.040420767769674626e-05
-2.317079814984412955e-03
-8.630111981060673010e-03
5.930436625717239174e-03
3.983596665788402547e-03
4.115819521752994703e-03
-8.740868937541224071e-04
9.965743102122726071e-03
8.379891352541246619e-04
-4.220444823356372943e-03
5.784547386653238199e-03
-9.025246775864359527e-03
4.112591398361842288e-03
4.069086835502555566e-03
8.067376837454176552e-03
-8.240806495239394458e-03
8.804716663916467567e-03
1.189806921789382521e-03
-6.527720703533912427e-03
1.785894125717168990e-03
5.550125587340692945e-03
1.240719184357541582e-02
9.338129568292052873e-03
-9.763618002654683714e-03
-4.520349394891653994e-03
-4.761570507009205144e-03
-6.327305938472194136e-03
1.394974451401576054e-02
-2.246400811189097624e-03
5.880781872280915756e-03
-3.756853271687621287e-03
-3.498297700755714779e-03
-5.310147387312502687e-03
-3.277314774202677583e-04
-1.098612170529633669e-02
-7.759684961211932297e-03
6.900450956413783921e-03
7.256283642383509758e-03
4.525066817105960482e-04
-1.057920185069716190e-02
3.619420436952403008e-03
-3.821375525997483535e-03
-5.504967012111894320e-03
1.384434199307549296e-02
-4.322333970018688021e-03
-5.923316766691444357e-03
1.483307513654441578e-03
-3.263203817449711330e-03
-5.363171520381571078e-03
-2.632088659453857282e-03
1.525500062891982367e-03
2.987751410132521990e-03
1.618417932577331797e-04
-5.750551715780427564e-03
-2.222785098823565342e-03
-8.806031322537100081e-03
1.236862879468558774e-03
