-2.382634851719522828e-03
-4.977152920878635811e-04
4.159152219026296393e-03
1.221172473431009209e-03
1.426284776715047720e-02
3.291476216329081161e-03
-5.870652705045831254e-03
-4.181049612355991485e-03
-9.360225602281557755e-03
-9.911608183803655159e-03
5.088320568834570068e-04
1.732010778041970234e-03
-2.682683741318525605e-04
-1.354733375692251940e-03
-8.108762667766833410e-03
-5.036781912790666560e-03
-6.971616642749922654e-03
-3.282956582131291157e-03
-5.368569240376208640e-03
-7.997419305461050953e-04
-5.303510968114544255e-03
9.710705544591635707e-03
-7.410812091106500077e-03
2.973522537659478715e-03
-8.715955666145025482e-03
-5.384247199194280853e-03
7.448786201237567184e-03
1.204746064401240879e-03
4.389513873342520967e-03
1.944051907009414215e-03
-1.089373300564400182e-02
9.335216073259600122e-04
-1.797779688049394586e-03
5.301348114404857981e-03
-3.301733835895159785e-03
-3.483984452098853879e-03
-1.384288468571459596e-02
-1.410954899730754164e-03
-5.009634038177779303e-03
-6.414774095309216939e-03
3.060816112087860752e-03
-2.958356501451930853e-03
6.162759892973657116e-03
4.211394027732184853e-03
-1.478368702634513809e-03
-8.642347211528678130e-03
-8.144515974250476908e-03
4.094876585360673893e-03
1.526192029005279949e-03
-1.612208450785024283e-03
-1.024054135095775475e-02
-4.215389198319874353e-04
-4.307115316731668919e-03
-1.657430711546092894e-02
-6.014681181100156593e-03
4.840085830598583883e-04
3.680737007324852428e-03
4.888324183887737817e-03
-1.031171346830772606e-02
-6.358549590482431846e-03
-9.322988189596759234e-03
-6.254956256966814898e-03
-1.335038310013914042e-03
1.393749056920356999e-03
-6.190317311290383095e-03
2.105861390384489162e-03
3.177788201874198748e-03
-7.227398539770835129e-03
-3.204738767877968186e-04
5.088722772631726343e-03
-3.050493309624813243e-03
1.379792476191465944e-03
-5.690126008248141964e-03
2.121554409862391744e-03
2.808796380571187967e-05
1.873997023769891079e-03
-2.299553812210808346e-03
-5.312285099453251114e-03
4.566526553774541419e-03
5.011787658100397280e-03
-5.091107586460030809e-03
4.075072638485832677e-03
-1.047537699522438359e-02
1.079562023409308402e-03
9.829040677136191562e-04
-6.868342556021089784e-03
3.170388665839296571e-03
9.122956720182151535e-03
-1.270409982219822265e-02
-5.986511775841085736e-03
1.730326646090851739e-03
-7.229119171569986513e-03
-8.381667490601985016e-03
-1.921954734346309479e-04
-4.591148394236022057e-03
-4.828020544695110772e-03
3.445010683685967301e-03
-3.097746187141758867e-03
5.724559588361266549e-03
-5.512882422806120175e-03
