2.616437360802414958e-03
6.339986480368708932e-03
-3.769857518283292741e-03
5.306162493830091087e-03
3.341460841674637194e-03
6.299060078903684357e-04
1.462763906956765503e-03
1.557230365808237593e-03
-1.588822727357719344e-03
-2.699882416674737051e-03
-4.772926541139921319e-03
5.211689063861491000e-03
-4.844241352418010571e-03
-6.795945117370694177e-03
-2.883776411125804628e-03
-4.382786336681099293e-03
-6.276407958899055117e-03
2.762994622619308061e-04
1.484273845086425681e-03
-8.582680928719388369e-03
-4.538118476287711367e-03
-3.721910481386259129e-03
3.324645649278368253e-03
-7.719481546178741382e-03
-1.195214771865682479e-03
-1.830586111296605978e-03
-2.930376987106297904e-03
-1.447339978854822462e-03
-6.188444764892775396e-03
-3.770162222503037341e-03
-9.661831761318628864e-03
-6.439454970313507332e-03
2.505809877914488837e-03
-9.851109609299579795e-03
-2.831506141246387109e-03
7.833547273364716013e-03
5.770111698801039246e-03
4.282928143440445368e-03
1.587787620542013833e-03
-1.180872502828833603e-03
4.132755413940536471e-03
-4.189716652547081921e-03
6.576737398613419217e-03
3.480321247214201996e-03
-1.150507997811822669e-02
5.088184152080010847e-04
-6.386686877609126789e-03
-5.091798426573035385e-03
3.808864709029746720e-03
3.802283691902164087e-03
-2.756613839774657571e-03
-4.119543466575836810e-03
2.105220006613617301e-03
-2.249151087795664417e-03
-1.474861442489761032e-04
-2.510217435511830075e-04
-5.958832401271707546e-03
-1.524846198180385137e-03
1.136220478069938089e-03
-8.649903907065326081e-04
1.481587180073518084e-03
4.073910851523088184e-04
-5.837813725118490282e-03
-3.542327562550906528e-03
1.911170530208838869e-03
3.014431852834675851e-04
3.066432040072397669e-03
2.970207233115695900e-03
-6.589690184113372595e-04
-3.828710592076345343e-03
7.843100824582172059e-03
5.598463699047373510e-03
-1.015425149716508990e-02
-1.325067727117967831e-02
-9.134060216476891370e-04
1.017996167237988914e-02
9.346880516020616980e-03
4.939745932474370882e-03
3.501101676196771706e-03
-9.889091744466060874e-04
1.479251556264493672e-04
2.467414774176446279e-03
-3.310601183733496988e-03
4.852244837295516255e-03
-4.448258618283684740e-04
-1.429983269843115856e-03
4.637474846651556959e-04
1.228388871167607199e-03
1.517001871416123748e-03
6.459964082559110921e-04
-4.787091350052508076e-03
6.779759725532130687e-03
-2.986352082741117187e-04
3.165728975657700062e-03
2.701402464801549996e-03
1.909756676182650104e-03
-8.616466635005259889e-04
-2.056288297758168682e-03
5.589340806202103273e-03
-2.468423022553789536e-03
