1.735731753815805689e-04
-9.815289804963156506e-03
-7.797214095879301254e-04
6.645677559585783101e-03
5.294675403345161513e-03
-1.104756327449107900e-04
-1.050375044262086277e-03
-4.816195076040585832e-04
8.818323178908515914e-04
-6.756463569223436494e-03
8.928876676902453013e-03
-4.957916938804762808e-03
1.908923179038013451e-03
-1.978189357688675543e-03
4.083714452508768744e-03
-1.414667849869766236e-03
-3.393863686900977505e-03
8.507285797314523279e-04
-1.362754309234603944e-03
6.265654190486413810e-03
8.094346736521540464e-03
4.183880171917619961e-03
8.343973659443726376e-04
-5.955824399318077056e-03
-3.407487872049808075e-03
1.019559368410027922e-03
2.441376842214015852e-03
3.796112645048754786e-03
-9.059254193916954634e-03
4.738584181127714068e-03
2.490001928816987231e-03
1.433161247773373503e-03
2.993358256682454588e-03
3.194916560967819841e-03
2.656557640276946408e-03
-7.085929140556945782e-03
-3.860210292206178728e-03
-5.295460422357067820e-03
-1.188954813201803518e-03
-8.209435217376714888e-04
2.841058206726088109e-03
2.354913367045075034e-03
-7.518818742583421866e-03
-5.203610779416112386e-03
9.319594991392676775e-04
1.132374831107929580e-02
-3.809855703484910094e-03
-4.140391876544580185e-03
5.420948686644888603e-03
-5.324964547158805850e-03
-2.886788252946081990e-03
9.485387886371321464e-03
8.388581289187069245e-05
-8.619173211445896321e-03
-4.832644354906712181e-03
-3.794242912242840049e-04
3.513715902859315676e-03
-6.915314912493086830e-03
4.382371412747776418e-03
-8.977984524288107337e-03
1.533279592424108273e-03
-4.117691855573757387e-03
3.718774800466340125e-03
6.796955402421867021e-03
-2.284953787486498911e-03
-2.981494106348736572e-03
2.844528752447894604e-03
-7.075307773549366352e-03
1.892431557598661662e-03
-6.831488827426790422e-03
-3.824690487786441828e-03
3.749452010126219648e-03
-7.367709244509690336e-03
-8.488368299149895435e-04
-5.508414507003900340e-03
-5.862107655673076678e-03
6.741242065135821804e-03
6.017031679456441573e-03
5.047729773568487843e-04
-3.292033730981636097e-03
1.781826183843149281e-03
1.539479140078126029e-03
6.577471439504378736e-03
5.900896341738959272e-03
5.088155889019785327e-03
2.512265997275275886e-03
-6.001113015798198447e-03
-9.881842010535102361e-04
-2.879581312630552503e-03
1.668379568012801073e-04
-5.737563478892093727e-03
1.571252562982383694e-02
3.841580964072832671e-03
-3.141825416460575227e-04
-2.153225767528299528e-03
3.521725112051732332e-03
2.998780492353692040e-04
-6.449104763871615908e-03
6.579357649570516386e-03
7.882650337543983809e-04
