9.577106561744042068e-03
1.999135734821466670e-03
-4.273793623652433205e-03
-1.018275022317083334e-02
-1.032214945691833918e-03
-1.171635562609729675e-02
-3.389206421485768672e-03
4.664030117882855819e-03
-1.275356786115233731e-03
-3.014196452172268614e-03
2.469728638283874567e-03
3.500821981789692394e-03
2.183282478827153206e-03
-3.653227323225816114e-03
3.756846791372892014e-04
5.774527253000982796e-03
1.274064955407383515e-03
-4.783760080450227825e-03
-3.526168703598675513e-03
-3.813395304783862017e-03
-1.967425624991747668e-03
-4.819738569579734566e-03
-1.770149216993255337e-03
-4.958009310638278322e-04
2.707254527393510024e-03
-4.367215270000279759e-04
2.111375293226358529e-03
-4.910216089324181965e-03
-2.911013053991551303e-03
7.733035346908168073e-03
7.496314519704894153e-03
3.764540702106300429e-03
-2.979391584675417093e-04
7.403676405458248233e-03
-2.448194228150679663e-03
-4.365486402858942405e-03
-2.020096560619522030e-03
-6.462107061639188466e-03
-4.362364195140022716e-03
5.656188840976628107e-03
-4.437670982044839008e-04
5.085087171854740795e-03
-1.205806381658014459e-03
6.199924786638444374e-04
-3.047791216681861037e-03
-2.433325495479810030e-03
-3.519052932002608713e-03
-3.795112300883141110e-03
-4.062834487147282125e-03
5.276763045530818985e-04
-1.350554354017596825e-02
-4.609717213454378459e-03
-2.097068988905936848e-03
-1.504843432756142185e-03
-7.539341000118993108e-04
-4.365916749998421942e-03
-1.734602828326825552e-03
1.666507260612903885e-03
2.370897547181560761e-03
8.337940908048624422e-04
-5.202462612799663155e-03
1.305432351157986837e-03
4.430545500229254863e-03
-4.095116215430683049e-03
1.780903184845916698e-04
1.863955098283520684e-03
-1.859379427568974563e-04
-3.374877403923726149e-03
-1.676926307578208153e-03
-5.236717039904803528e-04
5.016317075862031238e-03
-1.702493394422854855e-03
1.808536542089012045e-03
2.015535101416610075e-03
1.614878356765103717e-03
1.687960292175549881e-03
-2.669724871186773818e-03
-8.239794760474428159e-03
-6.789784701163203984e-03
-2.024209478044491917e-03
-2.925971836429508421e-03
6.746000922600026151e-03
7.525872330264471444e-03
-1.890108982318006170e-03
-2.009026200908481385e-03
-4.781472068621672733e-03
-8.230998057085603392e-03
-1.253015618903219330e-02
-9.279750800960440138e-03
5.340764795003227761e-03
5.446445167579527791e-04
-9.959044876376776934e-03
2.352362724293510787e-03
-4.683282738417005042e-03
-5.282384084703273253e-03
-1.076684715088371824e-03
4.758380819534613337e-03
9.630866893148515295e-03
8.309435850278878988e-03
-2.576958034259946295e-03
