1.076505033677899181e-02
7.465794847393625311e-03
3.535094778331138166e-03
-8.449584707890145374e-03
-1.730948746695137874e-02
-8.037268181454781946e-03
4.674251493973491378e-04
8.663209523321668826e-03
5.422520392641350107e-03
-4.756455517586410942e-03
-3.899480907420094233e-03
9.490091939581724034e-03
1.042541698304277897e-02
5.655078422248660530e-03
2.702349787323643504e-03
-1.597809300309949165e-03
-3.775495801730643919e-03
-7.248285847506918955e-03
-4.053088632221424348e-03
2.345345553212641043e-03
1.945814389939459765e-03
-1.043201547145433672e-03
1.854497157344536795e-03
-4.257067241871026475e-03
-4.238819596334986173e-04
3.246223259668612471e-04
8.548234314713631932e-04
6.378514278512215085e-04
-3.920036187444742026e-04
1.356103492192173299e-03
2.582696841077480876e-03
-1.611270843870360459e-03
-3.837053991344152593e-03
-4.327504912611357391e-03
-5.669964638644109378e-03
5.780539211700519431e-03
2.713643409794852523e-03
8.102948170504942205e-03
8.691673413506739720e-04
3.172889546615542677e-03
6.835509573200670985e-03
2.668398643067559917e-04
2.756052526830865546e-03
-5.034496720827452698e-03
1.882463489569330406e-03
-7.442468075528507754e-03
4.803682111668483579e-03
-2.558994818755322420e-03
-6.621797773338489179e-04
-3.259428755155835411e-03
6.661501457251306491e-04
-1.627290611958653876e-03
-5.670032824216297840e-03
-8.183732910049479337e-03
-2.536848618268527922e-03
-3.785064520526404408e-03
-9.716975010698458703e-04
-2.010671455743295866e-05
-3.148216440500339885e-03
3.034178515349816863e-04
-1.015480371005184068e-03
-1.935959324478431220e-03
3.793150808935719098e-03
3.911198683602790105e-03
3.098391981098957970e-03
4.604671471290844309e-03
-2.818448146238328178e-03
-7.594341995043052407e-05
-1.703347812043842779e-03
2.688710760989199144e-03
2.674855727249680903e-03
5.401054381853009900e-03
-4.105625912385058029e-04
2.793893290668925111e-03
1.035594364100500542e-03
-5.848301899843089124e-03
-4.253693823002224761e-03
3.544582894094427949e-03
2.956323900147772576e-03
-1.316125544551738358e-03
1.371558907456993381e-03
2.816548076889024976e-03
-1.386235145597658480e-03
-1.041467357994041443e-02
-4.917897259347547845e-03
4.146073688869988949e-03
1.294924933891494767e-03
-3.534478749392944152e-03
-4.067434595887320370e-03
-5.451165050753048469e-03
1.598819481446356328e-03
1.129081669894538287e-02
3.304181895679048075e-03
-9.477038917366176207e-03
-3.716177507037232708e-03
2.633341369343566996e-03
-1.407897459308804500e-03
-7.428318068871897495e-03
-4.537232902770860221e-03
1.072217192767499494e-02
