1.581963041895728672e-03
6.434213097982310892e-03
-4.525472119412676797e-03
2.952566854105831418e-03
-5.437414979224675093e-03
5.332174661752953071e-03
-4.193169431581211803e-03
6.547034607990220856e-03
5.869749374057264824e-03
-9.592376258302115488e-03
-4.506717082831235288e-03
-1.610950760786045155e-02
4.424245412072314032e-03
-3.000091087145717594e-03
2.318050741324517716e-03
-3.362293819098027825e-03
6.202182863572214266e-03
-3.271204691382201268e-03
4.992021126853374291e-03
7.468741212245832983e-03
8.587562732008668931e-04
-1.041137093081334619e-02
1.906015762359491994e-03
-3.866807575637620786e-04
-1.892722961207571331e-04
-4.858317471606254934e-03
-6.030737780450157182e-03
1.476227303945920610e-04
6.086122672901317365e-03
-4.244698713220529385e-03
6.056012564785717700e-03
3.182276407347583991e-03
-2.344800487510623199e-03
-7.545600305141397790e-03
3.850436193632122972e-03
2.011081885538557046e-03
-2.795929782766437555e-03
-8.439111920934605493e-03
-7.044001085085072056e-03
-8.211110180221692367e-03
1.018200795161550154e-02
-4.803873956850446270e-03
3.551371521317792102e-03
3.011552364882708055e-03
1.419664992675317983e-03
-2.372918821860525718e-03
-6.073499441853980052e-03
-1.218239198611981156e-02
4.959582708229826054e-03
1.485035110271604175e-02
-5.817513515267935809e-03
-3.882464505025939872e-03
-8.250207358479144659e-03
5.856431325607647231e-03
3.051322787277266357e-03
5.485876546788115427e-03
-7.312848007519967553e-03
2.250269288060491313e-03
-7.550780710835924836e-03
-3.990145586247439979e-03
-2.666428566059364513e-04
3.258078578680212445e-03
-4.268656101689805027e-03
-2.433658443141695216e-03
-1.931297048477498279e-03
3.534630230477397994e-03
-7.086044432214833044e-03
1.127962139570359845e-02
1.418381806934254641e-02
1.356004862402726552e-03
3.639757583201785884e-03
-3.388261219606780728e-03
-2.851467847483246665e-03
7.726672194550809891e-03
3.447963053529012889e-03
1.801762234616033354e-03
-7.684613073255963656e-03
1.115666347802291014e-02
-6.591376913185009734e-03
2.580947530685717695e-03
1.419304529589093811e-02
1.411230718896483438e-03
5.765318766046356735e-03
-2.010679019751937524e-03
9.655376516311209301e-03
3.135227264178808149e-03
-3.022933470319788540e-03
4.022091269628824683e-03
2.338644085473906564e-03
-1.117450919912998941e-03
-6.109580472251074923e-03
-3.504554372308787968e-03
-3.917960545164356212e-03
-4.018929419512873302e-03
-5.250638549130215438e-04
5.386837846821812548e-03
1.009717117743746950e-02
-2.792203496947753827e-03
-9.715014626210050075e-03
7.114838465757888919e-03
