-4.137815837720770773e-03
-4.431378403840224856e-03
-3.593246780093206638e-03
-3.215020052319217392e-03
2.159694720416105440e-04
-7.295278591845422156e-03
-7.545764837711077533e-03
-1.044223130214216866e-02
-7.253023439941719275e-03
4.021301615803052343e-04
-8.781218130899604013e-03
1.117585824253253257e-03
-5.079661476051766655e-04
-2.990865530342334822e-04
1.347200423335470632e-03
-4.006338005178355921e-03
-2.080182082073056549e-03
-1.863338899800170978e-04
-5.956665699107244194e-03
6.367693842654897907e-04
1.255900156802103318e-03
-2.906144239236074789e-03
-1.818932459091038290e-03
3.310655476068791181e-03
8.166291150628279816e-03
3.734647598458984419e-03
-8.329423202120267433e-04
-5.763513446049195466e-03
-2.318283861159176062e-03
2.349274971443104931e-03
1.907759750110260555e-03
-3.517592725180707092e-04
1.846171560358267349e-03
-1.301294932175234287e-03
-4.774255347993139331e-03
6.061049048286637486e-03
5.480475499103132364e-03
-1.690969105664352767e-04
-1.544080531634683950e-03
-3.428352889753738530e-03
-4.168233092473161427e-03
4.022042939076597712e-03
-2.756477821757030711e-04
-1.073491865530851186e-04
-5.648968154163824806e-03
-8.294792354960112135e-03
-9.032516853228478304e-03
-4.741838447829826997e-03
8.903324340005958071e-03
7.446073821964938055e-03
5.718401886699031600e-03
-1.998911866132657700e-03
6.295793368309876570e-03
1.619697822246024543e-04
-1.425885096588919154e-03
-1.436531154966891322e-04
-2.677165695865735273e-03
-2.035474903034573124e-03
9.115707454920851660e-05
-1.217369553391578485e-03
3.157258974425425357e-03
4.424292747433167250e-03
1.796915724944780912e-03
1.953528598967246843e-03
3.031027692821597341e-03
7.737381908425988719e-03
3.711610526391795339e-03
1.901835389974237955e-03
-1.444235024635087683e-03
-3.516733946970940217e-03
2.277704796988189173e-03
6.216606000165825208e-03
1.425689765278570498e-03
5.617818237411031923e-03
9.196464346326038708e-04
-2.277087177092851356e-03
-9.809323910852096873e-04
2.475513005197105265e-03
6.630416864714105962e-03
4.963983068886235195e-03
-2.789498329128337062e-03
-2.842768233277004342e-03
-1.676481715023991903e-03
1.014029206181099596e-05
2.044615677858185876e-03
-2.606835066872315032e-03
-9.992740214140316546e-03
-3.408041102579861814e-03
4.547278369397167452e-03
-7.286935680429929008e-03
-5.081765934828563758e-03
-2.296286007795744766e-04
9.897758329493466789e-04
-1.163078739984668708e-03
-1.630314610836292033e-03
5.324788461181784172e-04
8.228180381516514430e-04
1.624459770539044001e-03
9.091202891130079067e-03
4.480266680219835429e-03
