7.360166321694894265e-03
4.051369916464264698e-03
-5.930472332254188572e-03
5.362905224502556578e-03
1.715447565626249116e-03
5.126143678578665153e-03
1.762280963599760497e-04
-4.244435373193300443e-03
-6.331114711101593073e-03
-3.916658780185655608e-03
1.958416365081094845e-03
7.063761499598086857e-03
6.112515063277701444e-03
-3.783793968810900132e-03
2.455272530596741554e-03
4.633433833142186486e-03
-4.758467284848855172e-04
7.510054490111661707e-03
1.713989800763648930e-03
-3.352416492777621215e-03
-4.423445691706162641e-03
3.910603674850965383e-03
3.654481755114513675e-03
4.160499101201309280e-03
-7.977444562067281808e-04
-4.084247461620171826e-03
-4.580401289422164623e-03
-5.270052034700101196e-03
-1.431867601110581312e-03
-1.505728018420082748e-03
1.396365774530616832e-03
1.131348799399134464e-04
-7.418639512825064841e-03
1.681783134875547425e-03
4.527757407128962797e-04
-3.817717583171509332e-03
-3.092622830622393515e-03
5.516921841980493291e-03
2.208693458453314662e-03
6.754585669939583426e-03
-2.009622257244991772e-03
2.097921024579729732e-03
6.570886939384124048e-03
5.927996174634575510e-03
-8.416699906313995783e-04
-7.687568974518166343e-04
5.852644929792427675e-04
1.135801704743144569e-03
-6.590115551625586043e-03
2.961729010280134133e-04
1.748156130093381222e-03
4.720025961861051833e-03
-4.704373743261713869e-04
-2.925497407731514343e-03
-7.070052498519441286e-03
-2.794892714767738262e-03
1.986075635649675597e-03
7.337391418844263491e-03
7.512735854659613466e-03
7.521651277866414631e-04
-1.164734370137088248e-03
1.113407002126365342e-03
1.487149398730847061e-03
-1.016060725616108051e-03
3.147174288552490040e-04
4.205356220257305822e-03
-8.319560849945006886e-03
-4.257156580679377633e-03
1.563691707154757360e-03
-3.324533067008417220e-03
1.031331723916828480e-02
2.570466481481736842e-03
-4.802776189382407246e-03
-7.788039717594452682e-04
-2.777328826722214039e-03
-5.881146714064144909e-03
1.666130678117383468e-03
5.416382646276640678e-03
-2.800751869047268805e-03
-1.685051027652928468e-03
5.871723953278285002e-03
3.759347276490299095e-03
3.722910203071139179e-04
4.207181237139923091e-03
-3.188528889954689305e-04
2.139070318707414486e-04
-2.084185806054184020e-03
-7.432737866178706909e-04
3.020242233534142784e-03
-1.039073516036270739e-03
-8.878278824787644297e-04
2.822565343919336556e-03
1.624105143873788570e-03
1.876185553678522133e-03
-9.418577567718022792e-04
1.513416483398755119e-03
1.427643307891135471e-03
-1.365570977797991858e-03
4.140012013786109613e-03
-9.763002876306714484e-03
