1.579530116056493405e-03
6.969928694519067491e-04
-9.687409004909275367e-04
4.240521454019430259e-03
2.963740472863851672e-03
-8.295154101368384936e-03
-3.290376890880075678e-03
3.409171840408675713e-03
2.438667048893727873e-03
6.399647338350411552e-03
-2.757330814702974031e-03
-6.985425366839992378e-04
-1.409770422478473506e-03
-6.199789886945139550e-03
7.353129741849429024e-04
-5.112589802922062887e-03
-5.940386038773781685e-03
-1.619741381924177936e-02
-1.714452555935941369e-03
5.560652638110785695e-03
1.205085522123405806e-02
1.024689131422173993e-03
-6.651709612788492265e-03
3.204029234252891989e-03
-1.450461433800687150e-02
1.727889969858953378e-03
2.172192692025953775e-04
-2.596309147338105028e-03
-9.522425340072748767e-03
1.164673434859708756e-03
2.965933764461081701e-03
-5.966933860113710075e-03
-3.200109781590243507e-03
-7.644614891039069882e-03
-3.426124784176698412e-03
-2.792722218944110324e-03
-4.996019300161025356e-03
-5.168415006380655541e-03
-1.372567649270517443e-03
-2.422516403566055132e-03
-4.436983151311690854e-03
4.604041003920866792e-03
4.623521324146562250e-03
-4.369401667205341511e-03
5.341337385462385789e-03
1.541558929372577325e-03
7.774316506114375969e-03
2.786194361392713148e-05
-5.439830250889565733e-04
-2.148639417045905553e-03
-1.815665668241761566e-03
7.800367082346326697e-03
1.957655956954629239e-03
4.251993065294668028e-03
-1.423746141584203428e-02
-3.300810571719048347e-03
-1.864663587709314285e-03
1.053463899748474653e-02
-4.165899358822056087e-03
-6.680192611263624514e-04
-1.713250494950857572e-03
6.918401734435919437e-04
-6.095809612560398882e-03
-1.466975333261122394e-03
-4.694039762012103267e-03
-1.178904386797352544e-02
-2.210326104830850902e-03
-4.542867261789651501e-03
-2.229972899832621813e-03
-1.946498878742652927e-03
-1.209318132180325911e-02
9.099084484760489033e-04
-1.216291535167191018e-02
2.046449277068096428e-03
-5.451746751617192466e-03
-6.030831178726048236e-03
4.499164128815014152e-04
-6.570913107653231222e-03
-3.785947671856138008e-03
1.536863165168989021e-03
-4.284859546724861801e-04
-1.335663586339352893e-02
-8.059278911196843254e-03
-6.271270704018228059e-03
9.439231369935408011e-03
-1.449408392535045387e-03
-6.321419224399993375e-03
-3.722362238377963095e-03
-3.085525426409496674e-04
4.663939373574788050e-04
7.356431954082087721e-03
-4.250734278927303933e-03
9.765545367297345791e-04
5.386562877147782480e-03
8.417497320926781157e-03
-2.347888533326680793e-03
1.854997627456889120e-03
-8.629859620193136571e-03
2.971307205608231250e-03
-2.990535429389096223e-04
