-5.632089315032007271e-03
2.909535256273576564e-03
1.822645637730591073e-02
4.174732048832119347e-03
-3.321727771039006960e-03
7.078906675705987084e-04
9.613108498392919365e-03
-7.212352549769263099e-03
-1.213571026546267362e-02
-7.686271694591906289e-03
2.346467539244945222e-03
5.157432890429802796e-03
-2.384067728684491350e-03
3.793710067640509997e-03
-1.119211009870391127e-02
1.459830078148316446e-03
-1.412501958494405407e-03
4.640674950112666508e-04
2.547797161866705018e-03
-4.482294950850063131e-03
-4.241233460540394518e-03
2.089022333012779953e-03
-3.063298728720131869e-03
4.592626561560342324e-04
4.124835798902104500e-04
-2.001490523623750128e-03
-3.153640051075545792e-03
-1.047004753773272956e-02
2.633454265850265763e-03
-5.503793149256086537e-03
-3.337535346494391320e-03
-3.695483935962196043e-03
1.686404053047985130e-03
-1.349730585274322436e-03
-6.684799756533021942e-03
1.339240437596145306e-03
7.760683269425472375e-04
-1.504409952113638926e-02
1.078651562901677963e-02
5.107463485228169731e-03
-6.505296558427797748e-04
5.937994539199187294e-03
9.565314902225119376e-03
-4.137431080054598809e-03
1.739369690531122892e-03
7.085140875530804294e-03
-5.951634343305811647e-03
-1.410677087150369324e-03
-5.194735376724324283e-03
-5.545133883300135125e-04
4.423583015451981737e-03
1.247300004989404520e-03
6.954929609386262257e-03
-4.876184564625463125e-03
-3.506656868898172519e-03
2.596150464462709806e-03
-1.625455889432192436e-03
-1.623917419064202505e-03
5.532486866919983370e-03
1.436384780689414775e-03
-9.202675655806680233e-03
4.430721702292972353e-03
-1.056917518454514315e-02
8.007983758906433991e-04
9.866691614333067406e-04
2.232233356579738093e-03
6.562072859234158173e-03
5.325663768403265941e-03
-9.802316139568389985e-03
8.516099284683997794e-03
-1.695570189831685504e-03
3.061739139331720594e-05
-4.934424181972763002e-03
-5.709588434199441842e-03
5.223782890322103967e-03
-4.952583205724336857e-03
6.315277201801805518e-03
1.457959004889330945e-02
1.230652856639258275e-03
-3.698152341200300341e-03
-1.165040334067724004e-03
-1.295752505176772651e-03
-6.382363001774526978e-04
1.006135104525307522e-02
-8.972036471332600627e-03
-5.344142463531764697e-03
-2.577150256087845648e-04
-5.594234040086076831e-03
-4.248026687040384886e-04
9.571114351559772970e-04
-2.268725774767776926e-05
3.011661253455311105e-03
8.576434939105204158e-03
4.776410087381721681e-03
-2.845056488146591178e-04
1.628694494880011945e-03
4.098410437945787521e-03
7.005663323679134358e-03
8.780334274291479169e-03
3.123874979005236696e-03
