4.609138582729155331e-03
-2.078081754730565223e-05
-1.203213298222038929e-04
-3.265039495388366575e-03
-6.093344620609730811e-03
-6.201427167175199706e-03
-2.763538270783016948e-03
-5.727666402522424427e-03
-1.690244188548128967e-03
-3.887916357722676075e-03
-4.965167175728146809e-03
4.508750784554038660e-03
-9.044699003248890534e-04
-2.713302635077630143e-03
-1.984738575709799058e-03
-4.995114278673606911e-03
9.626893855008145096e-05
-7.303947547987799105e-03
-1.417697285085228742e-03
-7.625727212375643660e-03
-5.013142328419761817e-03
-3.597775018657434210e-03
7.123585210919713973e-04
5.426748166156847297e-03
1.873948967670457932e-03
-2.864188069462425545e-03
-6.031752722768679575e-03
-6.825081420803624788e-03
-2.070552645186629626e-03
-6.814562400214718707e-04
-2.860256990177001413e-03
-3.146883788975984864e-03
-1.770423146539634729e-03
3.413155412171575698e-03
-5.880516029777016485e-04
-6.440716523228529056e-03
-9.355345966305939065e-03
2.964032489786161406e-04
-6.845934889369909015e-03
5.767846587460212504e-03
-5.248616697989150204e-03
1.700816604962462897e-03
2.435241541905885931e-03
-6.038997204535934138e-03
1.112054728248823565e-03
4.192128460958954861e-03
-3.510119131219457955e-03
-4.646790466060202185e-03
-6.957113646724688572e-03
-6.656053578376619484e-03
4.564247838195201190e-03
-1.010315402240169469e-02
-3.330814577747420735e-03
4.992288967203162287e-03
3.015621729364204029e-04
1.535784607325618722e-03
2.793107969699115678e-03
-2.745142867263572484e-03
1.863286359378601986e-03
3.866612584668360775e-03
1.213322620516987804e-03
-8.824275136518622276e-04
1.151311922626296891e-03
2.795186361820634069e-03
1.643504990989086423e-06
-9.827815930343319906e-04
-2.921577137434572258e-03
-2.499589386671052793e-03
-4.518740732994186438e-03
-1.240791747056935179e-04
-5.049269061804473324e-03
-6.795309092469947743e-04
-2.711928803877938776e-03
1.481413832736033775e-03
1.073341606053657138e-03
-2.163604593467316484e-03
1.273970464176210626e-04
1.637089404648572888e-03
-1.275093125204351807e-03
6.620381406267084046e-04
-3.168355784753162929e-03
-3.827040807258264010e-04
1.981282207422774277e-04
5.636868159995978012e-03
8.007859895126867578e-03
2.998954974819501018e-03
1.900375135267529103e-04
-6.646124049245472065e-04
-2.725105494184365540e-03
-5.025628415815663885e-03
-7.971461590191242230e-03
-7.240214640283237912e-03
-7.400640022815485608e-04
-7.267741839760422096e-04
-7.633529674811567745e-03
-8.326996891178550797e-03
-2.169053096657824753e-03
1.076352033230199012e-03
-1.213439408743854919e-03
-5.189859825083242839e-05
