-1.258488260901913236e-03
-3.367389248575713978e-03
-5.263734155368071654e-03
-3.625399189133071687e-03
1.096300157992002866e-03
-6.632993380090046465e-03
1.556897659655054333e-03
-1.523836286468127632e-03
4.200634968895999855e-03
4.506432932237736111e-03
-2.526573950263233392e-03
1.672722067949661273e-03
-4.550041204065879974e-03
-3.948661500758676723e-03
-4.941984720450376400e-03
-2.969465710938035130e-03
-5.874166704018635166e-03
-5.084100115754330851e-03
7.821585304826461638e-03
5.372438241387667013e-03
2.136279171971566804e-03
8.791714438164177636e-03
-6.523638056088465476e-06
2.457926629651163708e-03
3.511546837702717028e-03
-3.651545625440899556e-03
-6.042968152058958431e-03
-8.669169604378690330e-03
-3.099653405241986626e-03
9.384470161701852220e-04
-4.373601577671859530e-04
-5.490092436719162805e-03
-1.556155968983730098e-03
-2.842227668595875834e-03
-4.511243104105555624e-03
-3.657756747875717807e-03
1.441816549956342897e-03
8.514120113130130285e-03
1.983476887614799011e-03
1.213625477016577747e-02
4.578541134810376612e-03
4.643193284352920003e-03
-1.226692745803037443e-02
9.978763278171154383e-03
-1.102011720042206377e-04
-9.936142424885052726e-03
-1.008156887883027153e-03
2.724683236754787963e-03
5.190286366589025313e-03
-6.319907839080096679e-03
4.466122869143385188e-03
-4.506759737027410395e-04
2.363504407901784177e-04
1.940914883982958195e-03
3.540212758708638496e-03
2.327570264980094450e-03
4.142465101702574870e-03
-4.115058726728793026e-03
-3.391248212687214547e-03
1.375547578579050523e-03
1.491406181335142023e-03
4.010334109242341682e-04
-2.773726494672557052e-04
-2.141000933656767025e-03
-4.764550129910172238e-03
-7.380300844903486812e-03
-3.343863895044152379e-03
9.782791448337824214e-03
6.424658282385475871e-03
1.342414185968476836e-03
2.539768331578984295e-03
3.369633594710985669e-03
3.665426129918714082e-03
4.073870331100737374e-03
1.506681121091757447e-03
-5.863579932226525848e-03
-9.369740339796650552e-03
-7.198424361847810538e-03
-1.173402816924351555e-03
9.900823841493711086e-03
7.245804404183320280e-03
-3.044773478224072072e-03
-2.638516873955332187e-03
-3.336437990229756956e-03
1.309836322009094722e-03
-1.246274741065978020e-03
7.986647204366592590e-04
-1.868353081250329062e-03
-7.222247620704336235e-03
1.138495717408760655e-04
6.003687997535478438e-03
5.716666631133460186e-03
1.578439086326044460e-04
8.075759242602731369e-03
3.682279439772839780e-03
2.599739466907835528e-03
6.291677777069626387e-03
7.111744288812782422e-03
5.753961694592080178e-03
-1.450635780474440750e-03
