3.755961482627467873e-03
9.284546417391847939e-03
2.016117558624186401e-03
5.742405450690490909e-04
-6.737372171993993852e-03
-7.530923695858171563e-03
-6.356686747734707765e-03
-7.714359352764210698e-03
3.165996206957677472e-03
2.798600312088894704e-03
-1.422012501349212421e-03
-1.785516788025964807e-03
5.427417341664630968e-04
-5.022929998062086732e-03
8.060775546129050895e-03
-3.518150345596438022e-03
-8.584121845681913499e-03
3.359326375126259201e-03
3.077623551028252358e-03
2.041611575368418308e-03
-5.883976114459343876e-03
-1.664477283902954241e-03
4.775760822320895826e-04
-7.565624290156613974e-03
-1.405129403959204382e-03
8.262803424962106291e-03
-2.835707607546922304e-03
3.498960283017438222e-03
-1.050217710828138529e-03
1.442635359911070836e-03
-1.951535094748546584e-03
-6.265852167636754011e-03
-6.138468610016323268e-04
7.158651728302434236e-03
4.457227249579087669e-03
-6.405422203095589850e-03
2.375189044338532618e-03
-1.775326877775929013e-03
6.220213180682554466e-03
-1.043811036563158101e-02
-6.126446872460777904e-03
-3.564808463583979403e-03
-1.364302639394932015e-02
1.657134177084129689e-03
9.863355585265631831e-04
-7.502248392371679842e-03
-4.090220859059412462e-03
8.086037577643812035e-03
1.305800482269192653e-02
9.350772927362416276e-03
-1.455289465718712094e-03
6.604810059531063260e-03
5.371732347504987182e-03
2.903624477370914114e-03
-6.956175368754147215e-03
-2.932487891556312398e-03
-8.426422990094328824e-03
-1.701709013908869750e-03
-3.663376958173980569e-04
4.838282644165303736e-03
1.504655940890997634e-03
3.062851391423926373e-03
5.746753560881390221e-03
1.312749260664047846e-03
-3.374480278051428250e-03
1.256089329096043983e-03
-3.400707649171219593e-03
3.632824840910320319e-03
3.665086842284170920e-03
-1.481619157934543907e-03
5.570798287907186008e-04
-4.063481433472793114e-04
7.480127511748757563e-03
-6.354529240038098159e-03
-2.307165515360920516e-03
-1.954409733706197194e-03
5.328237216153053346e-03
4.323362549176756886e-04
-1.213969053266983344e-03
-9.564549589494042436e-03
-3.414295707554027004e-03
7.423186843424689485e-03
1.001723086501149496e-03
7.367744025912892347e-03
-3.531426657163660998e-03
7.264260610198691737e-03
3.679991073289423653e-03
-6.724608026909884018e-03
1.432081291108500132e-03
3.700906087820698964e-03
-2.906155852637981596e-03
-7.831681268973600396e-03
7.086801126489072900e-03
1.081160708578621232e-02
-6.483882807710394935e-03
-6.780966741661953456e-03
-3.006143033650987562e-03
1.106677606894646004e-03
-4.129952972982575687e-03
-9.079768079655603508e-03
