-1.763016590802246597e-04
-3.508023628817413808e-03
-8.305562796984466978e-03
1.091659994934435218e-03
6.338863061115751485e-03
-3.216101255317016516e-03
-2.219110568359328184e-03
1.445603207103518528e-03
-8.431865611202460364e-03
8.082289847070156519e-03
5.195010256026089124e-03
-3.140525521825310307e-04
-4.340485073230704316e-03
4.502832329173589443e-03
8.079309956957159145e-03
3.848067780621411416e-03
-3.773064606693576906e-05
8.212486457251255700e-03
-2.674735844091835624e-03
2.720900267552450735e-03
-5.685022989863619536e-03
1.143999449109256439e-03
1.553323521709548682e-02
-4.275006357931432355e-03
5.804198870194010595e-04
1.806878932234412538e-03
2.536924304038623568e-03
-3.466614836769021935e-04
-1.437535206513795849e-03
4.182332786601405950e-03
-2.012538504524652438e-03
-8.617735828189143632e-04
1.443775346602838017e-02
-9.019169748623045990e-04
4.451209655788046504e-04
-7.478232850193222703e-03
-3.656973372239358255e-03
3.170110297084138828e-03
5.205299407268326739e-03
-6.842757569854862609e-04
2.939496315740863785e-03
7.244182042411062561e-03
6.711318869664806286e-03
-1.712992728848727886e-03
-1.528037746991173229e-03
5.926907975499329240e-03
-9.943638104063179384e-03
1.064676485702487074e-02
4.867722699974375011e-03
1.114864452590613730e-02
2.290271180362957182e-04
-4.861909046547041591e-03
-6.858664151336291148e-03
5.046872192152607184e-03
6.965106374382745713e-03
-2.270543029508131916e-03
2.686396027670401310e-03
1.372220102512144990e-02
-4.176388290900945321e-03
1.268628672773430832e-02
6.094730037771833864e-03
4.056410644814323341e-03
1.299721668592379586e-02
-2.123593305195403680e-03
-9.540110039761851013e-04
6.960076257044534032e-03
6.844598083745823125e-03
1.626625704544970574e-03
6.523438065304865141e-03
6.313848370110841657e-04
6.981672203307476288e-03
6.445482705968341719e-03
8.038009906308207775e-05
-5.671085920121665680e-03
4.530297253118042988e-04
-3.419575665078444793e-03
1.885139802221935668e-03
1.101431902369887084e-02
9.590792422986549326e-05
-8.028313254408003807e-03
3.306398527097131890e-03
4.128768978890362540e-03
-3.934593387658558150e-03
-1.302201550391401952e-03
-7.567101136828124908e-03
8.100914810693415902e-03
-3.030705518625165240e-04
2.358092311801396335e-03
2.698552492781280954e-03
8.496487457021140166e-03
1.868764195304795095e-03
-5.953777721969255587e-03
3.288139041224269477e-04
-6.146512708836926464e-03
1.124595891126289882e-02
-1.380004024809422525e-03
-3.955978993976816405e-03
7.593258061940999504e-03
-4.778902201871493283e-03
3.348889860330439561e-03
