-1.591775777885828802e-03
-1.515301527038048768e-03
-1.925578118652682136e-03
-7.873316861759072083e-03
-7.871263360258229369e-03
3.106646661061196468e-03
-3.671371055437022690e-04
1.834748185328249903e-03
-4.757510662852681982e-03
2.298141567969036458e-05
-1.041876651356421490e-02
-7.686573198053880951e-03
-2.255910601442923102e-03
-5.295636735116127092e-03
-7.760903548198583302e-03
-5.336505653743994770e-03
-1.176782703615764092e-03
7.111655606490407955e-03
-5.464845832869547060e-03
8.509750400328419673e-04
2.031661424710673458e-04
2.138159660708738308e-03
-1.698992834296308985e-03
1.749305150204105708e-03
6.964547164676870850e-03
7.384450144559684404e-04
3.276179998527140036e-03
2.715438593032692971e-03
6.166055538500136990e-04
-1.707975859370769456e-03
-3.755868519835781072e-04
-2.372751500596903540e-03
-2.200535096110511901e-03
-5.638115131128662583e-03
-1.710776568385385943e-02
7.107051934340025134e-03
7.470094344468325431e-04
-6.681354744911383037e-03
6.577249304975607558e-03
5.994835310734636380e-03
5.460084077572702199e-03
1.530693779589820114e-02
-6.716590034233638207e-04
7.291603252790546108e-03
-7.782842176757620578e-03
-5.088763370741045122e-03
-2.163457773656562999e-03
3.189265794905082885e-04
-3.434265556428894861e-03
2.617005664642180207e-03
-6.949737944372480491e-03
-5.463270969803257771e-04
-3.203042700717917413e-04
2.791694942480438257e-03
2.314605352676024630e-03
7.503027371714710014e-04
-3.046523959399749515e-03
1.036342206182760961e-03
-5.250863234179337091e-03
-3.155749313592082217e-03
3.147598477398649841e-03
-4.168366268856305012e-04
1.369636422509978857e-03
9.080279956264813990e-03
2.942522296559779704e-03
-4.146782019352923676e-03
-1.377823374927977795e-03
2.754299076088373432e-03
-5.844189619553130655e-03
1.465338352752976192e-04
-2.531680332799934874e-03
2.779270044807047313e-03
4.921350794274914620e-03
-3.886267493782291638e-04
-9.284337095001315987e-04
1.147650621767803969e-03
-1.115418868672390929e-04
9.813020356812529599e-04
5.044693491082719028e-03
4.127025562380426393e-04
-7.802459442105558196e-03
-5.507721741598081699e-03
-5.228984516885804013e-03
5.096813004846767470e-04
5.345377794058969734e-03
-6.290649724456143232e-03
-4.006316019114830596e-03
3.506518249527190711e-03
1.757694336539272761e-03
-1.072401881712758964e-03
7.348840880264662090e-04
-6.060723355143959878e-03
4.050621202942972232e-03
-3.965469738907212438e-03
-6.314717552393211975e-03
-1.941818854387156179e-03
3.507895752186906968e-03
4.199163417366924556e-03
-8.839340440111032038e-04
-1.015095114504149798e-03
