-1.763016590802246597e-04
-2.736484754974677358e-03
-7.347423602474978388e-03
2.546215439232057953e-03
-1.015250393943678553e-03
-1.521598690828906975e-03
-3.562085352722177412e-03
1.401918173421390357e-03
6.029791424521646626e-03
1.205512767489258508e-04
-3.912919727591779306e-03
5.053150956084051515e-03
6.749179255145287826e-03
2.186901988117995188e-03
4.265778078939241880e-03
1.163206888866841204e-03
1.446568600254716230e-03
-4.443974081116297548e-03
6.499891432241167166e-04
1.548837540493708254e-02
-3.623474667076576061e-03
8.228128714589111325e-04
1.996650823487988724e-03
1.566144277968750664e-03
-8.160343746529408193e-04
1.257515415179266682e-03
9.247327517745151937e-04
-1.319168507454726580e-03
9.268506891652372737e-03
3.755883734138931729e-03
7.560387960758863102e-05
-5.523547919143445561e-03
-4.330529860760767846e-03
2.165869461838498822e-03
4.935205465803726987e-03
3.887818459513692204e-05
2.733862620315052894e-03
7.036442052450353479e-03
6.736167749314625475e-03
-1.314840241342762894e-03
-1.476740570542811604e-03
5.901499402755194801e-03
-9.772986387181936685e-03
1.016256632857504005e-02
5.101313212546476628e-03
1.113441817638771703e-02
4.900168614775379794e-04
-4.611361667759661387e-03
-6.700629194627105711e-03
4.415304501449335284e-03
6.801512943968024416e-03
-1.154052431957319769e-03
1.897629768524033977e-03
1.202882328145038482e-02
-7.638207187883327975e-04
8.667097874129447987e-03
7.992046621938642126e-03
4.665336932212493792e-03
9.992996737688608633e-03
3.835672996066352702e-03
-1.486873957788348299e-03
2.851358289491789932e-03
6.909068276000351894e-03
4.717799497417574095e-03
3.281283222451469861e-03
4.964039004057618776e-03
1.917649594063375318e-03
6.888032780196451377e-03
5.831875235859262929e-03
-1.482355102078170006e-05
-5.288140251968109773e-03
-1.700017835634115571e-04
-2.716802170739995859e-03
4.413386170472044512e-04
7.686572491552912112e-03
5.094239461824412452e-03
-3.747759606757661288e-03
-3.437514820630593881e-03
3.558077732038422702e-03
2.486347016872447746e-03
-3.660623160850584590e-03
-1.636283283020900647e-03
-7.203597805298556089e-03
5.478752455754465345e-03
2.028320108932502031e-03
1.421653346607709700e-03
2.546162762070314223e-03
5.213043223681101956e-03
6.413523544348098682e-03
3.483795450414106654e-04
-5.470350104283872028e-03
2.863322656403433086e-04
-5.353993050548622179e-03
6.856531469221049946e-03
3.443110292801310202e-03
-2.712907082118243274e-03
8.231000400583665666e-04
4.132180654423445176e-03
-3.635697467257448245e-03
3.348889860330439561e-03
