5.459470726845494504e-03
4.787224960939195917e-03
-3.146017085594365881e-03
-6.712112274274151247e-03
-2.195361433396381123e-03
3.537678205760674821e-03
-4.120634685395474506e-03
3.376796313878660527e-03
2.083765447307150964e-04
-6.036815648494675557e-03
8.505412327323158550e-04
-5.235669403742870820e-03
-8.866186208301707339e-04
2.988818257075864793e-04
-4.244091156945350995e-03
-8.127883000479840803e-03
-2.257739412488413144e-03
1.630158212388099770e-03
1.144209823993769248e-03
-4.217100371704862738e-03
-1.142061845754971383e-02
-9.693388184441875666e-04
-2.066433499969821952e-04
-6.033437644693662172e-03
-7.258713429030727582e-03
-2.665279953037447136e-03
1.569064206267900552e-03
-1.919808806907230547e-04
-3.905327494795773902e-03
-3.793495161489301992e-03
-3.050567955586669378e-03
-7.096615277113693665e-03
1.607000575023942446e-03
-2.529508745721775753e-03
2.817780405546255196e-04
3.571724285607258409e-03
-2.736383287727406355e-03
-9.456515653951225175e-03
1.076036625626386467e-03
1.411553749727456619e-03
-9.245711508051313032e-04
6.887814700666794465e-04
4.722183812882918552e-03
3.703588010865233038e-03
8.335674027985850998e-03
4.971383333723489173e-03
1.191764435659159460e-03
-3.777880148606027610e-03
1.690919565380477607e-03
1.134739509139193192e-02
3.310022750860230900e-03
2.800297923203465267e-03
2.714079014582870819e-03
1.909172509749090807e-03
1.453587201984185562e-03
-6.570956924824011836e-04
-8.934843877029807757e-04
-1.801630882789173604e-03
-8.360885633033054987e-04
-3.025713571210397745e-03
-4.536522235209949905e-03
-3.430696964527135684e-03
1.823674386116524992e-03
2.618853243024910071e-04
-2.955755473667109889e-03
9.034307621486825646e-03
4.665208417289234966e-03
1.728101986333552276e-03
-6.458714017743227842e-03
9.576840844890410764e-04
7.217974885136424490e-03
-1.611680768240475459e-03
4.207934986962702517e-03
8.231011738054849758e-03
4.066207982821645750e-03
-1.197069208734968804e-03
-4.737978036939094473e-03
-4.394713788201998206e-03
7.336798150670009733e-05
2.552706232496482208e-03
-6.675603659340723084e-04
-3.046959724516851153e-03
-4.251448260925827505e-03
-3.378062759339717225e-03
2.168866482822440211e-03
-5.256883309703308527e-04
-7.299712960014970164e-04
-8.232152745454301979e-04
1.012604044727583030e-03
7.924586569943214975e-03
-2.734818250551329655e-03
6.141505771037114592e-03
-3.199365394134678908e-03
-2.289514061207476026e-03
-6.034647693420658321e-03
-6.023739481343493019e-03
-1.961315041616451538e-03
-5.958424422609631677e-04
-1.377287576670438440e-03
5.573819632118004463e-03
