5.161299218379156173e-04
-1.217673251625250863e-03
-2.785312309691145849e-03
-1.624066163966042531e-03
-4.740838625666432549e-04
2.075614052519214603e-03
2.509608269446572670e-03
-2.854441026651333146e-03
1.342276220758442662e-03
-5.428881595738732635e-03
-4.887360964386244788e-04
1.624476437006583396e-04
-1.564623231407047399e-03
-8.106484962780435843e-03
-6.079918090066027681e-03
4.434072208571171458e-03
4.066956830344192753e-04
-9.205493610418225003e-03
-1.900904720009699567e-03
-1.477113532109886052e-03
-4.843881084336310039e-03
-5.325426412834399770e-04
3.566985640088948806e-03
1.435993793947876185e-04
-1.168205335366212516e-03
-5.965244022814064628e-03
-9.273381123497292933e-03
-4.882994833450560179e-03
-4.433072016084671496e-03
-1.239460829942085063e-03
-1.161602335450151458e-03
4.510456024423570298e-04
-3.102234636418677027e-03
-2.578428771482177417e-03
-6.042402654525824701e-04
-1.812872440149826403e-03
-3.425420153202463069e-03
-4.396640496282522292e-03
4.411234429950838809e-03
3.796308428893890863e-05
4.061643195454767152e-03
2.500319717562815569e-03
6.852726026749467181e-03
-9.605742625594770878e-03
1.082495340360867253e-03
-8.389324583367718802e-04
1.050868636478374807e-02
-8.741368756004175289e-03
-4.094969459879638229e-03
5.735581377439791240e-03
7.675151673174229749e-03
5.939225709528095365e-04
1.855999547350162260e-03
2.142608360227504782e-03
-3.833134624859235728e-03
-3.039312009625483313e-03
4.343162382294263324e-04
7.293348375291275332e-04
-6.803745203729616442e-03
-4.622422815884097425e-03
1.142494612791811193e-03
-1.796623036664057871e-03
-7.859355680513435694e-03
-4.567215627104381781e-03
2.042948332744320972e-03
7.341771203706048965e-04
-2.747845007004312556e-03
-5.678100873396485504e-03
1.465395965153715174e-03
-2.181107325822106979e-03
-4.726263766750005146e-03
-6.323147683479524161e-03
-8.132116257229871081e-03
-3.704512616706678862e-03
-7.269140550414388002e-04
7.715039802370649014e-04
2.407580458504421372e-03
5.786688746594714772e-03
4.883707727122210684e-03
-4.316747358732775375e-03
-1.611270785763951885e-03
8.466180640400722268e-04
-6.005763796544716371e-03
-3.906748366213630419e-03
-2.287740510408253769e-03
-7.226116342706756512e-05
1.267543233624546239e-03
3.369682851621313979e-03
5.215302085615936001e-03
3.066336062419794395e-03
-9.967147136024090415e-04
7.041066766709791480e-04
-2.771599605170260716e-03
7.660207835803234389e-03
2.670568798477379602e-04
-7.941053929451546978e-03
-8.362279457681975892e-03
-7.708111973713127618e-03
-7.836562718245843051e-03
6.846475144886010611e-04
