3.409967881361719577e-03
-2.948097550023898172e-03
3.156973082894753979e-03
1.562699357158803259e-03
2.092557713976095357e-03
-3.914438794206831496e-03
1.621547481334140173e-04
-2.396552532291207349e-03
-1.783194277140798256e-03
1.730131365872411564e-03
4.834561573115347954e-03
-2.850496222601917040e-03
8.713932836554860728e-04
-2.295246373577142229e-03
-2.520402099770557847e-03
-2.341397269831735350e-03
-5.110828934808187007e-03
2.089424720548627157e-03
2.900560865393031484e-03
8.926355104416194841e-03
5.444178938632693310e-03
6.371208970728736709e-03
-4.836620696089255489e-04
1.793405293673777656e-03
1.763448490883945396e-03
-2.509619239754456999e-05
-1.278504124137325171e-03
4.400312316599763740e-03
-5.036577662863694904e-03
-1.466614207686567362e-03
3.711699388946554379e-03
4.114499819811712200e-03
-2.663665735785469835e-03
-7.040833037100346914e-03
-2.783631900320826524e-03
-1.389982337480277774e-02
-1.764190219380123992e-03
-5.538471601597372285e-03
4.554621749746856629e-03
4.643328482187847328e-04
-3.949311466388438774e-03
-8.774837698030335531e-03
5.174069235392653177e-03
-7.211625746116445690e-03
6.332202032589884233e-03
1.049693183137856423e-03
-6.843899392618979505e-04
-2.823571023398141477e-03
-4.821464354369253691e-03
-6.244095109722569426e-03
-5.524449035969714039e-03
-1.145645943227080465e-03
-5.881078766363012633e-03
9.069681339600732528e-04
1.284620347500431414e-03
-2.503891690176618390e-03
-3.161143234494012688e-03
-1.596972203468438600e-03
1.992285138646576748e-03
-1.804547034925385596e-03
-5.126764504908010167e-04
-2.005033300921388317e-03
-3.677151466815797853e-03
-5.397578030271410476e-03
-1.065475230321899502e-02
5.143796183496585073e-04
4.530014776798596543e-03
3.595145698155555181e-03
-5.399628494250019450e-03
-1.964432686911044001e-03
-8.620826219159050119e-03
-7.759288553781829023e-03
-1.133324856154249716e-03
6.847429843575003616e-03
5.477177068665906035e-03
-5.709642878996001869e-04
-3.531823583303173031e-03
-3.625634446332126615e-03
-9.959856187908844305e-04
3.966949311100309572e-03
-5.777070385903582128e-03
3.690878707498512767e-04
-3.694573304649506618e-03
-1.466432435109688015e-03
7.840938978060929543e-04
1.198893323976601977e-03
-2.235625376569849720e-04
-4.760951635732535436e-03
-6.458754254764387248e-03
1.555393831149665118e-04
2.890615576311983403e-04
-1.127466945348520877e-02
-2.644638668300336448e-03
-7.635463103954354125e-04
2.488010011027719237e-03
-2.131311367012833635e-03
-5.614599602668191025e-03
-2.441017768306519287e-04
3.015385706541473532e-03
-2.122637139244765159e-03
