-4.734004555200788111e-03
-5.564379057632073966e-04
-7.759709292128880165e-03
-5.639017622304454136e-03
2.434272458874509049e-03
2.313256433864596673e-03
-3.197678582497087696e-03
-4.901914272955165686e-03
-3.922484398413139672e-04
1.474688057073514358e-03
4.525237608030252545e-03
2.106181274632801248e-03
-9.651200213257604688e-04
-4.712680431106064383e-03
1.309059991540961754e-03
-4.388970830616845120e-03
7.042448414814383995e-03
-6.204450299462593854e-03
6.985178651947476780e-03
-4.694678495681392505e-03
-4.104317060083295665e-03
-6.686321184719012933e-04
-7.800495752647296221e-03
6.219713389729153441e-03
-2.025757166569830403e-03
9.973766077265855401e-04
-7.288933908692007968e-03
-9.631561959235979131e-03
-1.111322932960567833e-03
3.163975439375077414e-03
-1.217645629969399401e-03
-1.076845865198960972e-03
-7.472956603882141557e-03
-6.083314259762606646e-03
-4.771721867930733829e-03
-3.715161142982981168e-03
2.609681368394234369e-03
-2.230361019772031383e-03
-5.994573668219982387e-03
-8.443626396211434404e-03
-4.496416994679175438e-03
-1.240967727660913233e-03
3.988446286780300554e-03
-4.218868372410256029e-03
2.487564261747121641e-03
-1.640442684765308634e-02
1.180391393136415168e-03
-6.833008432679199551e-03
1.280846262622037379e-03
-1.092467979136990675e-02
5.356274169937558227e-04
-5.715238781543785507e-03
-5.418915463783591235e-03
-9.523936365049223696e-03
-7.990847252352550889e-03
4.414193890328932390e-03
9.562576508397868658e-03
-2.895365162002727644e-03
-1.518164903380347930e-02
3.399222114790489968e-03
8.256495834049193405e-04
9.227204027156155064e-03
-2.819853797049964861e-03
4.234842764028523554e-03
-2.733251496613076093e-03
3.194076818434976595e-03
-1.680701600998313339e-03
5.969909623397939846e-03
3.624329473995935302e-03
7.200124721880030165e-04
-8.593234278775341295e-03
6.843545851084487097e-03
1.899724156749216242e-03
7.273708733905870361e-04
-2.329141670299850198e-03
2.551135355095213164e-03
3.926019265013680482e-04
8.468441845704499649e-03
-2.985845605766312971e-04
-2.419686466786696855e-03
-1.290289176450920561e-02
1.531451399660599400e-03
-1.790754135475136621e-03
-6.961712120463481313e-04
-4.551311813549840934e-04
5.906046334637204964e-04
4.506383011626535762e-05
7.089489219061162473e-03
8.380646593480700624e-03
1.254725385657495806e-02
-9.894303948681626437e-03
-2.294708265417888526e-04
-1.580885755822603045e-03
-2.501091018662249255e-03
8.943453559624114924e-03
4.341318168975205616e-03
1.711975079280891876e-03
-3.623927644990865282e-03
1.207490326490379129e-02
-5.164756745015486317e-03
