1.579530116056493405e-03
9.033417748478544951e-04
-6.307821100922650359e-04
3.890400465964005683e-03
-5.696028008954190369e-03
-2.031821322330151780e-03
2.918778391710064035e-03
4.791925319723500110e-03
-9.686886795079452384e-05
-8.663177132679500403e-04
-1.632455251900366555e-03
-5.145829421811742854e-03
-1.097172696012616022e-03
-5.466008010460488009e-03
-1.127935531226309518e-02
-6.835234839376203020e-03
3.840240264118777169e-03
1.109122009661545061e-02
1.838715551914504864e-03
-6.630013312471816356e-03
8.536202029095774080e-04
-1.131617776532256592e-02
1.336176114204001841e-03
-7.295320511759850746e-04
-5.575608341571447468e-03
-4.401048780314442688e-03
2.108735374712678023e-03
-2.418178254429803609e-03
-4.132998707104484915e-03
-6.294445755502753315e-03
-4.587882014609467873e-03
-2.949449681492022357e-03
-4.609021473827801252e-03
-5.143112295124097066e-03
-1.871586837586924901e-03
-2.297492779865795143e-03
-4.325201278146728612e-03
4.167616354277647872e-03
4.622606894852387960e-03
-3.949570915338762589e-03
5.314605224113311266e-03
1.553297643636764036e-03
7.711865558324260128e-03
2.132140007498062317e-04
-5.199723027590197333e-04
-2.144935261054192743e-03
-1.824048843687031685e-03
7.309981603396020766e-03
2.422357877482683719e-03
4.130886295566571498e-03
-1.266148622248552957e-02
-4.615864649914591666e-03
-2.097585340810059762e-03
8.611928644637445451e-03
-1.375865899687855887e-03
-1.500053166087589318e-03
-1.411981234297310372e-03
-3.214668644246909679e-05
-3.804616060237853148e-03
-3.290295293040035318e-03
-3.228122583608383778e-03
-8.124485874135167762e-03
-7.533241022457781710e-03
-3.162733325132949247e-03
-3.758450562010184903e-03
-2.154163346186677153e-03
-4.031621964841747285e-03
-9.808087168628243369e-03
-3.452492199029766340e-04
-1.194384539170789683e-02
1.102223563146709218e-03
-4.711648205559693103e-03
-5.926735340112787576e-03
-1.314388235157504248e-03
-4.004545823067195975e-03
-5.065894854397123837e-03
-1.272670544848586438e-03
7.405067390219288725e-04
-4.376270196190579220e-03
-1.228119852453235517e-02
-7.872141477761274153e-03
-5.460124822004863709e-03
8.540013443949501237e-03
3.603796582027918305e-04
-4.966317560277433429e-03
-4.637765708037089318e-03
-1.833903098622302608e-03
2.898766676107111806e-05
2.648916492354547181e-03
5.086267300810631831e-03
-3.853998108254264032e-03
9.941292477119167970e-04
4.843535719714964216e-03
7.653907968129702866e-03
1.753216935667767373e-03
-1.720941977516599053e-04
-2.469799235274794391e-03
-5.409606821645041030e-03
2.517026661771337714e-03
-2.990535429389096223e-04
