-1.311994766159063630e-03
1.333564071607562518e-03
-2.167937638068218043e-03
1.839970077481489774e-03
-8.095183219867241320e-04
-4.571751865369844126e-04
3.988320512922749472e-03
1.665836491511418771e-03
-7.691327611225262650e-03
-3.968604339111836410e-04
-3.038860873846305211e-03
-2.659270262440616150e-04
3.492302204863961812e-03
-3.410351373494324712e-03
-1.437382759618133221e-03
-3.331297101734742583e-03
-8.833413796367817206e-03
3.190921231552845683e-04
-4.438288191858097420e-03
2.334531783362292501e-04
2.619999526151328695e-03
2.078718804794488229e-03
-2.981621013818935850e-03
5.113974376979024683e-04
2.863922132448348812e-03
-8.280114388065085151e-04
-1.590871855653541722e-03
4.911180222091027225e-03
-8.136451816988188313e-03
-2.901294641601048774e-03
2.072028569168105072e-03
3.125255410880156681e-03
2.208081175998910517e-03
5.478927537711175688e-03
1.315062105388786762e-03
-1.275412794910046888e-02
-8.804449089592214506e-03
-4.298027697538064906e-03
-9.215603437481179050e-03
3.318552386033735146e-03
-2.142041861120658197e-04
-3.930915824210456933e-03
-9.719703258960987746e-03
1.210411695926505438e-03
1.245428388491065519e-03
7.123280472505877370e-03
-3.427956092467709936e-04
-7.232434186912772844e-03
7.773649043712693718e-03
-2.644831296655381081e-04
7.171874632593278065e-03
-8.209375941921059905e-04
-7.018953865144617055e-03
-3.945079317354549531e-03
-9.284181267139257621e-03
1.961972895235808423e-04
9.943856987254640067e-03
-6.273328860132210139e-03
7.329762492517710726e-03
-1.323681580872837493e-02
6.956844961233721314e-03
2.050982141213242294e-03
3.960836246476473477e-03
4.166305536826064859e-03
-2.544597190235919904e-03
-6.075915356417160851e-03
5.116035438667676516e-03
1.420473867730676076e-02
5.065782971026222548e-03
3.213653380915171276e-03
4.122092822182121807e-03
5.850732078247933288e-03
7.449557853798416396e-03
-5.585728688431323974e-03
-2.995890874264439674e-04
5.896051162563309411e-03
-1.505782555983437021e-03
-6.005455866753939276e-03
-4.470596309459562434e-03
8.974680045079841406e-03
4.548123930023573180e-03
-2.442224142041871104e-03
-5.169249893800964557e-03
-1.520074313982422431e-02
-3.536733634536881610e-03
-3.652414465628472939e-03
-2.246506888047505868e-03
6.290238427706595914e-03
-2.389209944006487341e-03
4.226694475133130346e-03
-3.906126223710337797e-03
-8.724686157873473569e-03
-1.005531726507125079e-02
-2.125936659452598576e-03
4.373390318369918539e-03
-3.245797406055128675e-04
1.511391228886882487e-03
5.698639048969944554e-03
-4.747160168089403776e-03
-5.573754415565068676e-03
