-7.927522506369855115e-03
-1.755003730519621996e-03
-3.969997081723741772e-03
8.962901264295553005e-03
8.469696414642347015e-03
-4.444685532942638240e-03
2.181863727948263332e-03
-5.092469716459269158e-03
-5.315466622678899355e-03
1.580135656536696409e-03
-3.900648624990732394e-03
2.213791095429407108e-03
2.027166486024301051e-03
-3.884086926819074748e-03
7.106088409464472733e-03
-4.361679072385382661e-03
1.696948949451693167e-02
1.471582721101705182e-03
-3.361002481921171459e-03
2.100484033121241545e-03
-8.808576709838922270e-04
-3.974993040075092132e-03
1.559517050920111725e-02
-6.929967513389367895e-03
7.306345569762173753e-03
6.357893846481665889e-03
-1.200387149857817803e-05
-4.569638706987566579e-03
5.538066662048368727e-03
7.625273209397320784e-04
-7.998066230372025132e-03
5.603270427010698107e-03
-1.102753993930738474e-02
6.362921766121854006e-03
5.113620710479827025e-03
9.535204588670964654e-04
7.855501818100352196e-04
-6.909185455707955725e-04
-6.243495866963488794e-03
3.241827034765609739e-04
1.020131786040878730e-03
-1.197252638241108613e-03
5.244002418447468727e-03
3.977731974040832341e-04
2.276905319101740766e-03
-8.209139584819280522e-03
-1.504596870192220770e-03
6.952403133637097277e-03
-9.257164652223814905e-03
-3.436575562071331191e-03
-2.730584352045761776e-03
-4.677947065491183665e-03
-2.151512603658090050e-03
9.627660174083008116e-04
4.224049851782041287e-03
-3.607081187183891480e-03
-2.088285848496851393e-03
4.947236703926050083e-04
-1.383833798255684755e-03
-1.957376563690327309e-03
8.964437897515442621e-03
-3.585664585313730335e-03
3.614549585943094279e-03
-1.711195079946770115e-03
-1.514230102002156464e-02
2.477469763264572578e-04
-5.341413900945557458e-04
2.232376006887637487e-03
-3.350961014148556849e-03
3.742440923418466348e-03
2.588829935752268163e-03
3.606335979894792487e-03
-4.259685323173001414e-03
5.278042848271380372e-03
-6.777660134272833758e-03
1.461659620880617627e-02
2.906510682502139176e-04
5.559195566851027337e-05
-6.010638925445732639e-03
-4.264525683596476213e-03
-3.450374241996678748e-03
-2.315863781887306239e-03
-8.445779373188466721e-04
4.173553045929034866e-03
-6.680615401294276445e-03
1.384514029588501671e-03
8.661508157101760474e-04
-6.628231165427544980e-03
-4.901896501188884869e-03
-4.678463352225881167e-03
-4.823979872943584546e-03
4.719894405181834784e-03
-3.243000199011025764e-03
-1.267398654782425638e-03
-3.112670696596930853e-03
-4.952513846184558588e-03
8.795221277608455956e-03
-1.604117557785222914e-03
-4.225964017145034113e-03
2.205059814352483549e-03
