1.277384919002422237e-03
1.054141061298863313e-02
1.287447354396231702e-03
-2.052487956160531368e-03
-5.455364583141109058e-03
-8.633566881675047711e-04
-6.565210216271655241e-04
-1.493697674256222463e-03
-6.900369543877626910e-03
2.581218753978209435e-03
4.012617758513914445e-03
-4.243856455501293645e-03
-6.947205683818125088e-03
-2.337423734783294904e-03
-5.104831316769531391e-03
-4.757039567018228610e-03
1.960850200685260170e-03
-7.407210059770075183e-03
-9.978820828900447637e-03
1.565339698138545899e-04
-8.299984333773546830e-03
-3.563181231315049047e-03
2.589804280450525020e-03
3.242750990408604927e-03
1.126773479352194407e-03
2.637231260577133085e-03
-9.835311633202836745e-04
6.586722279344758846e-05
1.764280745863433530e-03
-1.477816932201947431e-03
-3.111092045583352395e-03
2.639315378155981939e-03
1.495565243128105237e-04
1.015752822771665009e-04
1.695815423569890790e-03
-5.559160992916090116e-03
-3.643776611636950769e-03
6.258205526798565899e-03
8.400942200368355373e-04
4.032913822171302343e-03
-5.337619353091072050e-03
-5.268602991970738891e-03
-1.199825962870826324e-03
-5.199809179802783454e-03
5.082473078233729069e-03
2.247247917414263441e-03
-4.544758107480673104e-03
5.583976831303294475e-03
1.419661961485241264e-03
-1.742089308459537911e-03
4.373692647989924076e-03
7.005655270417410208e-03
3.849894611094972774e-03
5.566583552583548311e-03
1.005918964193441845e-03
-7.791210973895568159e-03
-1.033714418071540742e-03
1.964600022772877708e-03
-1.403114134866489948e-03
-8.468942564571202425e-04
-3.824771917974700841e-03
-3.861493598541931860e-03
1.073184798872084400e-04
1.477941690062212210e-03
1.890075139264757453e-04
-2.655566276557164151e-03
5.517313514756705395e-03
5.500418643895721438e-03
4.192971829888314517e-03
-2.343688518037012614e-03
-4.097540700302992889e-04
-5.486305748260145165e-04
3.594539096510862564e-03
-2.736663088254487342e-03
-4.034729143433390952e-03
1.151663540199798774e-06
-6.985066029085995609e-05
-2.110355274870023834e-03
-2.426784019059491371e-03
-5.985409046914025311e-03
-2.679133952045997802e-03
5.251030369412656995e-03
2.684923343179823618e-03
-3.918715402007055815e-05
-1.096539237770977060e-03
-4.728675384439218199e-03
-6.411249036687327596e-03
-4.077684800507408447e-03
-3.514101743226194507e-03
-9.422009135240050348e-03
-1.213343185588389161e-02
4.477655709401839879e-03
-5.689839282654318708e-03
1.566744244727913404e-03
1.481363497079057900e-03
-7.205677703482349372e-04
-2.782516646213983869e-03
-5.428251522203719759e-03
-5.605969565066315496e-03
-3.969571186405174146e-03
