3.851305379247271787e-03
-1.476484919223419734e-02
-5.104507376413547348e-03
-3.935073602839844753e-04
3.566923586413306424e-04
-6.134756042684874622e-03
-5.132034582345457174e-03
4.476474203422675657e-03
-9.622672301703438791e-04
-8.752681580093124580e-05
-1.677942184728609121e-03
5.064676250635669064e-04
-8.949711872048737860e-03
-9.181692291070353562e-04
-4.456116111389296641e-03
7.853583572195788065e-03
2.841037488616193762e-03
-1.081159433448219964e-03
1.749590871814921123e-03
-4.848841859159236378e-03
-5.859573638147264063e-03
-9.008418120172390076e-03
4.138432042614326178e-03
4.766134447985015399e-03
-4.168587258918332594e-03
2.446651126018495326e-03
4.505008611652150385e-03
-4.677547231271894645e-03
-1.844862070525588038e-03
2.660860210312421259e-03
-5.292675785399492128e-03
6.952507051991241305e-03
-4.577394293630354660e-03
1.772731281112882584e-03
9.156937960920208397e-04
5.640155916845857043e-03
-7.776007056368161585e-04
4.810311482188356358e-03
8.026429799314449554e-03
7.974024638081500527e-03
-5.361008159531555073e-03
-7.343247756938953152e-03
1.067724719784279852e-02
4.735257508431400808e-03
6.628785940669956744e-03
1.663330665882756243e-03
-8.476917512376669350e-04
-1.617515530351498754e-03
5.490392817850686669e-04
1.739409849687234555e-03
5.420852427527433903e-03
4.518045169843443176e-05
-2.686893575226334541e-03
-2.631943835536998400e-03
5.367327816562239562e-03
-7.292699046183237499e-03
6.690987970552009223e-03
-9.544698733339296304e-03
5.740120182871177867e-03
-8.107247359073754822e-04
8.035601436560568800e-03
1.803929329033726603e-03
1.698235416751070481e-03
-4.490660195804907495e-03
1.872603622723123529e-03
-5.627920459119306607e-03
-6.757928004570756819e-03
9.203372583071578461e-03
-2.637174367045580503e-03
-7.558246116133870984e-04
7.914295486410871661e-06
-8.823115900722600102e-03
8.695860747380157463e-03
-3.822116367650396640e-03
8.511362233741714967e-03
-6.642647130961298885e-03
-8.980170401527987067e-04
-1.131631990558323864e-02
6.436773037459264657e-04
-5.059725843788220878e-03
1.337009043412162868e-03
-1.109058696737386107e-03
1.607392260949525031e-03
3.665752784909548367e-03
5.498931579359989108e-03
-2.938438205712601281e-03
4.221301771287766513e-04
-6.861199850753507690e-03
5.404580349454901622e-03
4.210041961539845445e-04
2.889947477664245312e-03
-5.502284817775482395e-04
-4.330346809209295600e-03
-4.038878003449708487e-03
8.515657865142856053e-03
-7.106069215849109000e-03
7.475586712475057460e-03
6.081065639433003156e-03
8.844010969240034825e-04
-2.805704967339783806e-03
