1.178128392697486149e-03
-1.973816447916099115e-02
-4.586165892152327395e-03
-6.986884224536749066e-03
1.128685624110636887e-02
8.658307937982057112e-03
5.363240098794075372e-03
-2.994771492566661308e-03
-1.839915947318571110e-02
-1.529838281980833159e-02
-3.726977606159476153e-03
7.013261942262261073e-03
7.839019134754154905e-03
1.046596716143377570e-03
-8.856816243638543362e-03
-5.927038923686955840e-03
-7.497744588329857685e-03
-5.034033181435471072e-03
-9.430172578884898904e-03
4.419162105500196169e-03
-4.558662989840978064e-03
-6.967184698334460968e-03
-2.504627754010391172e-03
-1.325460776100073623e-03
-1.786298410986764118e-03
5.869185881227534374e-03
3.182543564852480245e-04
4.231218181115270482e-03
1.673400520936563218e-03
-7.659050978473080917e-03
2.178018178115692649e-03
2.577242641198851381e-03
-4.520955070321130975e-03
1.649031215574803255e-04
-3.493451838014638433e-03
7.121436643061307414e-03
-6.515286638989814527e-03
3.892274595483691257e-03
2.877275874914597686e-03
3.278559023920601945e-03
-7.893282794723233131e-03
-6.739883935639734425e-03
4.230530926622178001e-03
-1.016904931064210871e-03
-1.209778307298181588e-02
-8.761030300623695588e-03
4.289156268984628539e-03
-1.389967143394021942e-02
4.061922101151305142e-03
1.899915272460361848e-03
-2.363363865082179771e-04
6.341093492490124106e-05
7.279583214238605215e-03
3.938130785872573369e-03
3.965788440496331724e-03
2.917136668321718140e-03
-6.769457746986451419e-03
-7.862483492014793462e-03
-3.001688693292647869e-04
-1.819629460486638095e-05
-3.965562461782368153e-03
-1.638829892041337999e-03
-1.524991364031169638e-03
1.235459066213495660e-02
-6.259238788364207551e-04
3.322134363184070516e-03
-8.002826634249116111e-04
-6.109006550902740251e-03
8.104481683219866284e-04
-2.693409244903244293e-03
-5.546420973146504174e-03
-1.107729614778563132e-03
6.376686712500356791e-04
-4.882128187141288045e-03
7.090662104123013343e-03
-3.505597921472980438e-03
1.150543370954126843e-02
1.980182744900527148e-03
7.428631247751171784e-03
3.015526487433417557e-03
6.750227309528566977e-03
1.436088768884791200e-03
2.581767650688626681e-03
-7.223078627667911533e-03
-4.846210639714354507e-03
-2.884283363358663976e-03
1.673632808022906815e-03
-8.488069677763498966e-03
4.469655554330764780e-03
3.177369818017194980e-03
-2.803494891883140383e-04
-1.969867763632837665e-03
1.300298452638681823e-03
4.736918340046081255e-03
-4.685525307472682144e-03
5.973883151493053489e-03
1.707680250689680435e-03
-2.602017182631422010e-03
-5.478490579788886095e-04
4.524498533151843915e-03
