-5.661045033217515510e-03
-1.444342678283083714e-03
3.087897278206686025e-04
8.941691548909669329e-03
-8.387132514625639246e-04
-3.134622095227301841e-03
-6.952989210043614143e-03
-5.901564811448767323e-03
3.867396080212359699e-03
-5.961965316365280820e-03
-5.690902523255658707e-03
-3.333743897708796311e-03
-3.027642321841939044e-03
-1.341661599450483244e-03
2.301843725805996499e-04
1.060568038401488167e-03
-5.146088632169254495e-03
6.595000408785134383e-03
4.412427918710104535e-03
1.221943120859991794e-03
-5.570434099145815665e-03
-2.167789375568052179e-03
-1.392536775141506311e-03
7.258388315365182919e-03
1.458124546090733276e-03
-1.050496738820294595e-04
1.420823341773402859e-04
8.160868364117668250e-04
-4.207880336277391997e-03
7.767341744072675525e-04
7.816596921293439415e-03
5.179153337643738197e-03
-7.366652250813898739e-03
-1.904547711629733797e-03
-9.416029038667783624e-03
1.923477948404417326e-03
1.017367565315363542e-02
-9.032410291332171326e-03
-9.018813510152212665e-03
-1.186363709828497370e-03
-7.726514801732808913e-03
-4.010828133135913021e-03
-4.130471508887012533e-03
5.109391480335956359e-03
9.636083236205239544e-04
-1.115336398373112381e-02
-1.781199426121649054e-03
4.031862583511180986e-04
2.864022001668797834e-03
-5.145791402231258971e-03
-1.926438628250592977e-03
7.028182103416491522e-03
-5.618309290782996790e-03
-2.365981305333608731e-03
-5.620349482911346506e-03
-5.322864225603018973e-03
4.984886844594527133e-04
-2.457228127228705539e-03
-3.329125550466605077e-03
-1.586069409518553464e-03
-3.521584157208712540e-03
-4.835061194485512637e-03
-3.323897005748310818e-03
-6.785954835293761533e-03
-1.069316116553120644e-02
-5.389771775905605189e-03
-9.806898140537478881e-04
2.437097053401449109e-03
-3.492492004410374662e-03
-3.704878475180972686e-03
-1.807202944459240790e-03
-2.905654540807267594e-03
6.519163432063823649e-04
-3.504608263047326311e-03
-6.726244023597116595e-04
-2.573928354770993465e-04
-3.820901059112813414e-04
1.863086461423968387e-03
2.283676802697143238e-03
2.538690851294211903e-03
3.182630393041674388e-03
6.979640843086554192e-03
2.655347467113267079e-03
8.940258042382520642e-04
-3.192614132080939804e-03
-3.452673659065430556e-03
-1.493020028323077675e-03
1.165940657465669439e-03
3.683093381273705447e-04
-5.778699887213245567e-03
-5.568260029400917688e-03
-1.208422725006896847e-02
-9.594046962360103237e-04
8.567197901612422228e-03
6.276960713015089510e-03
-2.544894655763796365e-04
-1.667977504010709211e-03
4.299768215965560358e-03
1.125600933178172447e-02
-3.131447611880444626e-04
