-1.965485074554740308e-03
-2.780900760196547417e-03
-3.786797258605090200e-03
5.191447289736972337e-03
7.459050894175200952e-04
-6.597617720640380767e-03
3.635099515545858750e-03
4.074044201347271077e-03
1.191260596677401473e-03
-1.404204528574148902e-03
-8.835538428927369736e-04
7.287246764240640218e-03
-3.994817413904505621e-03
9.202829176558791069e-03
-3.171919569818215656e-03
-1.096558446459983127e-02
-3.756011740237541474e-03
3.215229585884049612e-03
1.389027049622415522e-02
-8.747237629576076756e-03
-5.324350658525545121e-03
5.744690876206770547e-03
-7.696323835066465335e-03
-5.288192729243856860e-03
-3.110773952401002518e-03
-4.657437490102278588e-03
7.439184480165783597e-03
4.381827751635869461e-03
1.479949482440123809e-03
4.454821120241536647e-03
6.264880284265195165e-03
-2.037010671828787256e-02
3.926735675726322761e-03
-6.104799438793828692e-03
8.360730506665081663e-03
6.023482548304981421e-03
-8.183351635992375250e-03
7.624252872827641525e-03
-1.550342410548632976e-03
-1.117710062047660990e-02
1.479621524180263492e-02
2.908724200968326734e-03
8.952068156279802125e-03
-3.293938904314064331e-05
1.773608088803058092e-02
-1.419005614890611611e-03
2.668478077632596701e-03
2.441763858092582673e-03
7.430114343439431224e-03
-8.399311034664069808e-03
6.245606798828129413e-03
-2.742659194700070024e-03
4.057809767430087255e-03
1.876954879166392587e-04
-2.392811717464637944e-03
-1.075566867846378116e-03
-1.334652396404178987e-03
-6.581581467501096405e-03
-3.583007252129233322e-03
-9.003748573165770708e-03
-1.482657749447224838e-03
3.742504444701366673e-03
-9.499360899358877397e-03
7.432557981620124821e-03
6.089599989145266790e-04
-8.181226788821938101e-03
-6.183412933700838110e-03
-3.276625796065135710e-03
1.989553783588227098e-03
-4.335331040117296197e-04
3.851042599835152735e-03
3.878032817859922154e-03
-1.211002394838589513e-02
7.643486374711128128e-03
9.969331336227016394e-03
4.422376264184513239e-03
-3.643345251067797719e-03
-8.711005622695333628e-03
-8.076096557493861461e-03
-2.785925464149019426e-03
3.459917696512215812e-03
6.231703483889017292e-03
7.714971431246775424e-03
-6.292189877085907490e-03
-4.747854227885373035e-03
-1.265035104928868837e-02
-1.168133454842346097e-02
-4.629015957056448194e-03
-4.140076684589044653e-03
3.711980003803683204e-03
-7.944630051081036370e-04
-9.709213714537145989e-04
-1.292981989042552016e-02
2.464599242992027150e-03
-7.005859370600164837e-04
-3.409733181794272205e-03
8.280790773086854628e-03
1.448518574793888902e-03
-4.217290589478284168e-03
-4.659813536242785048e-03
