-6.543641286525292422e-03
5.950086393706421894e-03
3.534006413229540122e-03
3.897549911877629114e-04
-3.185159768457346274e-04
5.195917453437171041e-03
-1.526812814443778699e-03
1.444715867477852633e-03
2.253159641946389513e-03
8.198956079560337784e-04
3.941980608716200152e-03
3.954450080845273163e-04
-5.483406391564304982e-04
5.615982600244540102e-03
9.476274061017697647e-04
1.696083974214612766e-03
3.230119215527182952e-03
3.346530927153201773e-03
6.428885452413046764e-04
-2.942728020844276315e-03
1.535029783250818625e-03
5.349469196197276233e-03
-4.558340631680368737e-03
-5.937627834090686285e-03
1.539524448463502893e-03
-1.396170342550517862e-02
4.618958341122469946e-03
6.143738948363286489e-03
3.546289181410089419e-03
6.374205355839546172e-03
-2.616975901078344435e-03
2.659993170329499890e-03
2.566188769883237519e-03
4.959798488495481550e-03
-3.522969790957342084e-03
7.076041017547662904e-03
-9.980102835618787083e-03
-5.387303016075706275e-03
-2.599138031541547988e-04
6.483333832082549542e-03
-2.142626540351910691e-03
-4.165176638980416790e-03
3.926559198492718394e-03
-1.479967060587283889e-03
-6.721108218298521564e-03
2.459112497551818599e-03
4.180089078698712157e-03
9.910663397082908332e-03
6.110430832036439774e-03
-3.301530198537849792e-03
-3.122935886542888007e-03
-5.562065771549273840e-03
1.324196622213613672e-03
-7.806454235140924958e-03
1.107961830574599738e-02
-8.792364258807139343e-03
-5.214472958678495473e-03
-4.933192791438667513e-04
-4.181277365351454556e-03
-9.282514770602157128e-04
3.674664721699527625e-03
-1.395879755650142329e-03
3.862045096557631396e-04
-1.951681047148601245e-03
-1.000661531433044704e-02
-5.840511939118608886e-03
6.968844293208098506e-04
2.812906511320933944e-03
4.434201859032538273e-03
-6.321604813739556405e-03
-5.007255892987005907e-03
2.545759508167266816e-03
-2.940910538700380883e-03
2.356436020489516281e-03
6.516599656487209735e-03
2.170123277778435167e-03
-2.850380383241701843e-03
7.401991766184834454e-03
-9.439856894518872110e-03
8.402072369600999124e-04
-7.666072043023386406e-03
-3.415434648681436869e-04
4.700061645576125713e-03
-1.036358555962690886e-02
1.599856054400161653e-03
1.848373418228299592e-03
-2.268767898767398705e-03
3.663901971048932893e-03
-6.139474964427571457e-03
-3.986176140556740854e-03
-1.806875586253142707e-03
3.657291061159861911e-04
-4.768754143763542785e-04
-1.499189915586840449e-03
-2.304534772593180847e-03
-3.990025506626082574e-04
1.393919324369496948e-03
5.785050156895676920e-04
-9.360094944016794649e-03
-1.052752124100519993e-02
