-6.531621308786594859e-03
-1.060504881788826292e-02
-2.041174448029425825e-03
-5.433383997609175786e-03
-3.618300748385538945e-03
-3.802408000262658128e-03
-1.378695703291743513e-03
-6.790895915183003950e-03
-5.259613845382316022e-03
-7.758162750269859131e-04
5.691040007630432385e-04
-2.748743364159977887e-03
1.573135135955250341e-03
-2.353238828977866071e-03
-6.286193173518084265e-03
3.433212764703541531e-03
7.698401803291843315e-03
-1.353256684185732972e-03
5.294165601916756003e-04
-2.278940194016643161e-03
1.477913777737871470e-03
2.821564032507994924e-04
-7.099099584486623371e-04
-4.850030957048168112e-03
-5.942218416957079086e-03
1.046876260938800485e-03
-2.139746720278834502e-03
-3.304402239631132332e-03
-2.087378966896813459e-03
-2.524700603222296280e-03
-5.641069752204574961e-03
2.498888280740518830e-03
-3.755275103511035439e-03
-2.683495647751610313e-03
-6.597866871931312716e-04
1.142440863035054655e-03
4.333565040856135475e-03
-5.495450566606385756e-03
-1.476325057138683228e-03
2.898998821184717301e-04
-2.480748509858465845e-03
-4.518485599773525152e-03
-7.063843823658766397e-03
-5.342454462706647256e-03
-7.905685606310663971e-03
-9.619719857556496834e-04
5.517936132111156411e-03
5.788756065930988903e-03
1.050824198077005001e-03
-3.354394396320348193e-03
2.460473463814505379e-04
2.319004724898876546e-04
1.505614133884947137e-03
-3.004198288714565734e-03
-2.250088450297837994e-03
3.722119472329143974e-04
2.311027155148526191e-04
-4.578382321465013227e-03
-5.678697073330241096e-03
-5.976958262103870823e-04
4.668088384554236470e-03
1.963071614360378803e-03
4.721567639153212426e-04
2.398144815600411484e-03
9.585185916829441766e-04
2.184434630529419330e-03
-5.698963609545582010e-03
-1.124479317794346844e-02
-3.451518917613638493e-03
1.242314535890320926e-02
1.015509426143679228e-02
-1.647051584605652153e-03
1.563609485610406580e-03
-8.530616258818901620e-03
-2.893350846403630605e-03
1.439099816613498284e-03
2.764651790997718628e-03
1.634382782026211345e-03
-4.649769917199009228e-03
-3.401857256982387945e-03
6.471084374056301769e-03
-4.523753077256387201e-03
1.985931397103346541e-03
-5.333742712898659200e-03
-5.659899332087658941e-03
-9.176494040755711623e-03
5.474270959278104698e-04
5.441285756713654109e-03
-1.536205216057240364e-05
8.017444888663849412e-04
-2.389599917204998647e-03
2.439210144082992748e-03
-5.141481971299155518e-04
-6.762176786397455786e-03
-4.871988330768850517e-03
-1.363530887801500668e-03
1.374731242546611831e-03
2.321567224029541521e-03
-1.447663870435711431e-03
-1.582822482785628537e-03
