7.727638813306292320e-04
1.992907371066721112e-04
-6.273870207373355434e-03
-3.961472044816116700e-03
-1.039489163494722312e-03
2.910603398570410505e-03
8.117657024438895697e-03
4.246834559393342090e-03
-3.188814589996091797e-04
-8.607985696390207941e-03
-7.551446430014152611e-04
4.271164926417991836e-03
2.452637815062330695e-03
-2.662024256571249303e-03
-5.912176872327701282e-03
-5.733590120478915253e-03
3.289145091042611213e-03
6.826069446801197316e-03
1.724485083188564971e-03
-9.402664795323811830e-04
-9.378465232349197933e-04
-7.686947269262001114e-03
6.327629542733914647e-04
-1.928936772747968931e-03
-2.623189883060761396e-03
-6.690952161832575129e-03
-1.006230396217322465e-02
-2.186333488498282129e-03
7.436574468507872737e-04
5.289692466610262933e-03
3.219873223866298595e-03
-3.983439629090312906e-03
-1.614742286610071353e-03
-1.730193438515215121e-03
-1.689371885996160394e-03
-1.116696491104474109e-02
1.449459751720505452e-03
-5.961654217624401397e-03
1.164902172116510926e-03
1.220553524172773852e-02
3.797600955926960786e-03
-1.292790942358579276e-02
-9.408104300718367341e-03
-2.346733175983550801e-03
9.424359371856816381e-05
7.520755463048645062e-03
-6.388018655578364680e-03
-4.343599918174012586e-03
1.469277663765811148e-03
-3.478806133610068407e-03
1.140933473259275743e-03
4.832375485251172442e-03
4.971572645774857691e-03
1.797292894076374381e-03
-3.772954539856820944e-04
7.822747732161072776e-03
1.848504672502526702e-03
2.160349571922792755e-03
-6.375792020573367580e-03
-6.096437898273632250e-03
-1.330670126719613044e-03
-1.492272705286845635e-03
-5.841809109176976378e-03
-3.234701679523777074e-03
3.636405905556583384e-03
-2.074930818067532989e-03
8.192192008159571159e-04
-7.397695872113363436e-03
-3.301104821581857252e-03
-9.835552407239100958e-04
3.766060376995783443e-03
9.488525073571008051e-04
1.401715627351585169e-03
4.240800578145353938e-03
7.777402103407160538e-04
-3.879673663101268488e-03
-4.778835956719129641e-03
-2.960248627647987796e-03
8.841561044956591786e-04
6.839470795222291066e-03
6.612203387562409773e-03
2.293699018977579662e-03
5.868838116185770559e-03
-1.157020685985221675e-03
-1.390977279424276958e-03
6.630597920702641090e-04
4.243040170144651846e-03
8.256721207792194761e-03
5.664954690871248921e-03
-5.590160053706605403e-03
-6.624653603016783521e-03
-4.209922221704687217e-03
8.258789424206325336e-03
4.007887691378053674e-03
4.801735509939231150e-03
3.714632754165614337e-03
1.401219483866400495e-03
3.632479741974004028e-04
-3.087782576975839355e-03
1.223333576904184206e-03
