-1.292163717163707926e-02
-2.841035448448603340e-03
-2.686092736823963989e-03
3.134550413092518362e-03
-3.374256920310569896e-03
-2.279420256737219042e-03
-1.251769885370901392e-03
3.632692076867449771e-03
5.028845891386524158e-03
1.559125313966736037e-03
-8.691122376200954847e-04
-6.490243509478021977e-03
-7.424575512141595723e-03
1.135577551734523460e-02
-3.410800720310969147e-03
-7.317143616390686667e-03
-7.270188600966065451e-03
-4.815920226493020095e-03
9.876561451735987873e-04
-2.583965626656858916e-05
-4.744263320428987463e-03
-6.949349859622477865e-03
8.032688686174460635e-03
-5.634054219759043747e-03
3.820947888736214715e-03
1.851692475541066862e-03
-7.469420426730155604e-03
-1.913708711396844286e-03
-3.246512725562533674e-03
-1.703002271841280724e-03
-6.886758566526429703e-03
-4.186323724391427525e-03
-5.389046320633528175e-03
-9.036581301772761421e-03
-2.417142385160109264e-03
-1.654937979550519245e-03
7.378474950686664258e-04
-5.190690236256401136e-03
-2.894140271888390181e-03
-9.308257333519032173e-04
2.578221421022264259e-03
-3.792355688995274754e-03
-4.398200138711838569e-03
-3.247705104573839208e-03
-8.395007034995516371e-03
1.129258123960585891e-03
-6.322880269098773987e-03
9.131366353612668796e-03
2.580968888688306428e-03
1.983205216653405323e-03
-6.212617132860365210e-03
-7.402021795658297876e-04
3.228885929722147274e-03
6.246258241283664248e-04
2.512932250168686821e-03
-5.041113385176210215e-03
1.349233370406599519e-03
-2.234196543474897823e-03
3.044747700639671706e-03
-2.636553730651192140e-03
3.542393031698676253e-03
-4.001693680176776624e-04
3.863777750849339832e-03
-2.053503966924941082e-03
-3.514465003673694632e-03
5.366314859975185314e-03
7.863054273882674750e-03
-1.759852392907435004e-03
-7.319056778624433157e-03
3.484052575283169695e-03
1.740456932463052553e-04
-2.180942209989877867e-03
6.379086209537310204e-03
-4.489707034388557005e-04
4.498438438899854397e-03
1.135267894914471221e-03
1.821470753045173474e-03
1.260396453695245000e-03
2.772885069990405071e-03
-5.429060109051531136e-03
3.352272476362383458e-04
-4.162574338041347133e-04
8.493638179059348481e-03
-7.674949614399406705e-03
1.820887544336402541e-03
-2.850304722293528492e-03
6.386714907447688105e-03
-1.226035528232860550e-03
8.711943954525125378e-03
8.950116323773515958e-03
4.551922163994026604e-03
7.307657750586504797e-03
-3.657290520794886923e-03
5.729933288860622476e-03
1.200055771665820004e-03
-1.306728527870060219e-04
1.189681272989573380e-03
-6.967909187600707099e-03
-2.308071778548415054e-04
3.708261469041018721e-03
