-5.661045033217515510e-03
-1.702139315473694126e-04
4.301541972154820925e-04
1.171482983971960934e-02
1.643996846827255887e-03
-1.583945635431960319e-03
-2.602504987270437553e-03
-5.430080450356311594e-03
-8.437779730205319240e-03
-4.174029774950072103e-03
7.138874231056746567e-03
-7.105155703442500581e-03
-5.808160946522589185e-03
-3.402418600467416177e-03
-2.955418123274489162e-03
-3.185086905215905873e-03
1.131979100882696265e-03
-5.976015886290930723e-04
1.962406312893349991e-03
-7.337706734669158237e-03
8.979677323671553246e-03
4.052363839230799236e-03
1.239060637585165381e-03
-6.212796684310739614e-03
-1.435548590998814156e-03
-5.132647654749744603e-03
9.235445484414239736e-03
3.379436162042948055e-03
-1.077722724258878273e-03
9.500623030194166319e-04
-5.892234634421456008e-04
1.746192017723413592e-03
-7.247421331629921859e-03
4.279976713645661235e-03
9.154310433410195458e-03
3.873920303993472203e-03
-9.764444000119110179e-03
-5.564757920043517103e-04
-1.075702332650640969e-02
3.659438515823287830e-03
1.055988705630805935e-02
-1.002500152985319470e-02
-8.970790145563123374e-03
-8.070820565750924658e-04
-7.750940324019350847e-03
-4.010572846206206243e-03
-4.131751678439266051e-03
5.323324848472310578e-03
7.777999180709205262e-04
-1.117829744258425073e-02
-1.544951565627061818e-03
5.048957919507879311e-04
3.068265312965889891e-03
-5.615680290956936993e-03
-1.577252465916889612e-03
8.210923414273096910e-03
-8.260382315184777724e-03
-1.292479234409893429e-03
-6.638743485188114413e-03
-4.909651521192825996e-03
2.684062487494975890e-03
-4.639991339758342548e-03
-2.664584429189376102e-03
-8.836877735826087488e-04
-5.730117122369815519e-03
-3.872692172937841626e-03
-2.635964616876096400e-03
-1.280683374986424372e-02
-6.554264568985002093e-03
-2.180426530433154930e-03
3.699297917014177095e-03
-3.465942042104930287e-03
-3.735818856203110272e-03
-1.667130552850615288e-03
-3.046077370272293194e-03
1.481847718127982105e-03
-5.376462233132817126e-03
2.025808729259503949e-03
-2.194366048039131378e-03
1.640052271528968930e-03
2.189988088184824377e-03
2.496997674575784920e-03
2.701784635592341388e-03
7.234565273850246392e-03
2.379687953236508946e-03
5.990379027757120056e-04
-4.660012829658222167e-03
-2.789675091741661284e-03
-4.342479703715040884e-04
3.264103242530236315e-03
-5.957006903007378007e-03
-5.036121183267905366e-03
-1.213403012324709707e-02
5.996622774921966936e-04
1.125107862731766772e-02
3.205039284627675400e-03
-3.488028128788900339e-03
9.342861036883975956e-04
1.311649766618827595e-02
-3.131447611880444626e-04
