1.089524224017346388e-02
4.183157018288530260e-03
-1.122586928701552189e-02
-3.961722258838729083e-03
3.172651411101790053e-03
-3.621645654549032756e-04
1.692073419016670854e-03
-9.641284299177543815e-03
-4.997802852545474295e-03
3.575857754747224782e-03
-5.682867683405867787e-03
2.868976194970174198e-03
2.330639899002062698e-03
2.168920448056499417e-03
5.775973732942696337e-03
2.294233546763169151e-03
4.044878617486258321e-04
-8.227974519591452207e-03
-3.881247222797035157e-03
6.873366841410044614e-03
6.594000092184693074e-03
4.674289954131882752e-05
8.859218450494976693e-03
-8.551829266432831034e-03
-3.342765774800415812e-03
-4.793123168822521762e-04
-4.737495095727628502e-03
-6.663658825286300491e-03
-1.290332586045828123e-05
8.876403251990572230e-04
-4.741799644458755125e-05
-4.156761976025769023e-03
-7.011915766915177706e-03
6.498741731387092102e-03
-3.683100121528837256e-03
-5.568089362932182596e-03
-6.907435859487720542e-03
-1.673747872959485683e-03
-9.569109057325997370e-03
8.066361271829358692e-03
5.246660041676176611e-03
-8.231700180719725424e-04
4.427529756805603789e-03
-1.095398188735385858e-03
-2.998332360278910258e-04
-1.069233461057073065e-02
-8.298032021385126633e-03
3.236703247240346748e-03
-5.486893577926643673e-03
6.879608555421468097e-03
3.302915188808763780e-03
-3.312242631692607908e-03
-2.099390786439281342e-03
-7.228417041549306532e-05
-2.076514768412085488e-05
5.260711205085866204e-03
-3.778377110552622042e-05
-1.378141554898903998e-03
-1.209539310974627746e-02
4.680138398989730497e-03
-5.135234113111675214e-04
-4.892196224518086112e-03
6.422372219320737763e-03
-7.526698779037777065e-03
7.004854136042348856e-04
1.043539493086664827e-02
-3.409243561938279932e-03
9.291304175673142929e-03
-3.851526777398861512e-03
1.030754557052815379e-03
6.955580514204084963e-04
3.664655393303850595e-03
-7.106368998226142430e-03
-1.053061618654704823e-03
2.486587693841912916e-03
5.619389759137671803e-03
-5.981885488415938923e-03
-5.026079572043262722e-03
-2.097930593980001923e-03
4.469116483680424246e-03
2.240672328087667253e-03
7.886160358246963042e-04
-4.322083222632389088e-03
-7.875758913959640672e-03
1.311659881698457042e-03
-2.631376664968931856e-03
8.186307822667604484e-03
-3.426668883779182551e-03
-9.903108964418816385e-03
1.074595911543241300e-05
1.472623982935128417e-03
-2.262167468919829005e-03
8.175127857151798239e-04
-1.665282465779904797e-03
2.404227253602453374e-03
5.507094814677260253e-03
3.353263616908908062e-03
1.844608956810933620e-03
3.029192504515609841e-04
-9.461132021470919362e-03
