-6.545754280960047744e-03
-5.382256349838354659e-03
-5.072232121061115429e-03
6.182001735642650431e-03
1.378823610459822824e-03
-5.293694357233480474e-03
-1.405993140300432209e-03
-5.036524180614954105e-04
-3.534903341138706523e-03
-4.032166029014239150e-03
-4.129986922096762214e-04
-1.731266025789990337e-03
4.541376736692637195e-03
6.243903321629939995e-04
-3.969124455968864318e-03
-2.800358109406042573e-04
1.971875738453809923e-03
4.160866957286457612e-03
6.135774486149547791e-03
-1.848588364217085278e-03
2.382997042501111551e-03
-2.322957318404039739e-03
-2.070384052566098809e-03
3.591825032484008418e-03
4.995682322262662289e-03
4.374629566575860551e-03
2.154003484152733350e-04
-6.062579022588221456e-03
-4.879529954056494034e-03
4.933626929576884201e-03
-2.675189553769996564e-03
-5.494657027234728375e-03
8.079320259398725668e-04
-3.700490209815887610e-04
1.840808952631167728e-04
-7.053888119489593045e-03
4.455702995435406599e-03
-1.464724467202027647e-03
-1.357086513110949966e-03
1.439461400531416579e-03
9.583400581455459033e-03
-2.015030140427920280e-03
4.837094708029288093e-03
-2.371480058469765950e-03
-6.438659328878770793e-03
-1.529683547658589049e-04
3.189850669639948677e-03
-2.011863465821162045e-03
4.065006495024947597e-03
-1.896067829914471758e-03
6.687233638913769873e-03
2.901562807486879336e-04
-5.903389449841367487e-03
8.991290616933156343e-06
-1.017686886141677682e-03
-5.366472556563861573e-04
-5.704718988772783383e-03
-9.676341991385450925e-03
-1.304841306505100107e-03
2.216035893914836130e-03
-6.013791366976550812e-03
-5.974411407400515017e-03
3.400410798641839705e-04
-3.540865808910886869e-04
2.049255840700592302e-03
6.270571933617574700e-03
1.549915083141950589e-03
-2.578028436626689235e-03
-3.571892152522293529e-03
-2.902866478903365355e-03
1.723613537844115307e-03
-2.575704436342141079e-03
-1.812599300668571445e-03
2.893442073409469018e-04
3.231610546033492071e-03
4.178403671356689664e-03
-2.818747251579378776e-03
-4.373296001353610407e-03
3.947263020661617716e-03
3.152889605995357059e-03
-4.879766836709542588e-04
-7.795546912102935266e-03
7.004875229738027897e-04
1.146504144977633644e-03
-9.474587017402891220e-04
-5.384788538325135931e-04
3.767030225194867299e-03
2.986733753560844029e-03
-1.432504896644259951e-03
-1.527243468566696905e-03
-5.308549015627384016e-03
-4.321752165558967462e-03
3.203410143205576155e-03
-4.348570714518662506e-03
-1.447260545855644231e-03
-5.216869937662016454e-04
-3.412395992968497715e-03
-2.506710011602852894e-03
1.267900693537771240e-03
-7.478286563061820047e-04
