4.788037200324390952e-03
3.882296811274832393e-03
-1.374648777654141618e-03
6.809356662702881202e-03
-9.053933103308930974e-03
3.147046978557721530e-04
-6.115264433416478518e-03
-1.395947955218601599e-02
-6.977545881209357148e-03
-9.613338160653017717e-03
-2.697941401452186305e-03
-5.579996995102032287e-03
-3.346053618376809702e-03
4.482940281097524959e-04
2.002451131585258892e-03
1.232481282235076137e-04
-3.007196897989672379e-03
-3.654836145452255991e-03
2.118571855880269084e-04
-8.084932054215787645e-03
-7.372747833677473217e-03
-1.499343138526398889e-03
-4.926082150602528742e-05
3.859788224439442139e-03
-3.337378816747893495e-03
-2.592637291345400996e-03
1.506950839259557640e-04
-6.054007760173729658e-03
-7.286810957778722120e-03
5.081273396605467951e-04
6.328032388893456428e-03
1.695783002632955672e-03
-1.021645440204344002e-02
-2.411276258222905255e-03
-2.677230184085721554e-03
2.202581142315751528e-03
7.258135895119477432e-03
-4.363448093242960901e-03
-7.662614465779093997e-03
3.085235563248800439e-03
-8.215098162619893785e-03
-3.487720223139145759e-03
-1.200370155528729388e-02
-1.082343281397601942e-02
2.924266759274707361e-03
4.398551297083441725e-04
2.061123265958864081e-03
-4.034092231845698429e-03
8.685035984625777417e-04
9.719836525586833531e-04
1.339602807971962406e-03
-3.700487483737302519e-03
2.190112817475164952e-03
4.082007816559096725e-03
2.087148691700568826e-03
-1.905970573796267331e-03
-6.012422322444255229e-03
-3.462530508039907140e-03
-2.785450827418989306e-03
1.306683102799799379e-03
-2.070796941723185292e-03
-4.303155576678152627e-03
-1.524312395501770112e-03
-4.730166023378057361e-03
-8.622265594602551708e-03
-3.201149460370200650e-03
8.444153045245705869e-03
-2.183537379547351165e-03
4.442178873686475349e-03
9.604575760284728148e-04
7.195777883025278321e-03
7.354226081053960584e-03
-2.919027441731447681e-03
-1.311137532755801693e-03
2.077534450632523289e-03
7.927725892112880146e-04
-2.366140060380605981e-03
1.585043755839676827e-03
5.795333838441107943e-03
-1.240310810894706961e-03
2.956687327998919201e-03
9.535319645724849025e-03
5.713539554136226606e-03
2.479540356270737433e-03
-3.158904626847425234e-03
3.155378766754424191e-03
3.343804119163906741e-03
-7.251342214440459344e-04
1.672620487615739115e-03
7.938563645846219430e-03
4.818409859881911395e-03
-1.876576723352174625e-03
8.266806845504737211e-03
2.490049886962109049e-03
-1.577042551511143031e-03
-3.312439257884380872e-03
-1.142504279032841019e-03
5.709245893706915709e-04
-5.663153233408602105e-03
-6.326361550897274810e-03
