-5.216099274204522018e-04
3.642866621656692949e-03
2.637442083641694524e-05
-4.483943914801447050e-05
-7.626181873040316361e-03
-9.605833236234095907e-03
-9.765016463899378607e-03
-6.753059196059285618e-03
4.090576762927122800e-03
7.549395966853666984e-03
1.536438263289607864e-02
9.827037517793568711e-03
-3.936824357185342294e-03
2.209733648233180858e-03
-1.455328934892707871e-02
-1.351425058581101624e-03
4.146605697896266207e-03
4.610827968949959832e-03
1.002440737841248097e-02
-3.464122322937135401e-03
-7.093849896626425178e-03
-4.937510405943479341e-04
-2.782315193418094523e-04
-1.115541396798258589e-02
5.173354515679684518e-03
-2.464964588858253869e-03
8.103236187276818825e-04
-3.180636525606961307e-03
-4.855596166606246378e-03
1.849548775514353594e-04
1.883896402451123997e-03
-1.210918011849604348e-02
-1.431986899785075984e-03
6.312762542584282599e-03
4.200281865998078956e-03
-5.846982401301104026e-03
-4.659318691182967598e-03
1.251508241876142513e-03
-3.184234736619551143e-05
5.538407390386246298e-03
-2.793490520752839323e-03
3.100907941371744414e-03
-3.347093772957943081e-03
-3.568983819991156103e-03
3.235862381321230608e-03
-9.795749366126815794e-03
3.274524266865252997e-03
5.961618409220825754e-03
-6.842278556351555352e-05
-1.081548684926936232e-02
1.176955332537588106e-03
-7.856095815286234796e-04
3.707021550969691326e-03
4.465111692472101268e-04
-4.708033547461853985e-03
-5.894232733904658517e-03
2.840603052988166510e-04
4.075813676071571301e-03
6.223251198650414651e-04
1.974760456448843016e-03
6.304757827900742129e-04
-4.686791677757318197e-03
-4.371659116418125102e-03
3.040734973891234816e-03
1.424721385505645088e-04
-3.777331199620426183e-03
-7.054339112688601254e-03
-2.711048025761719771e-03
4.195909674466813399e-03
-3.922430300681623017e-03
9.932686743482355141e-04
1.674099364018077907e-03
-5.610782612656128876e-04
-1.922675424442354952e-03
-1.916651161364635314e-03
-1.785790561655731246e-03
-4.351893536321371769e-03
2.427980647001004577e-03
-2.219704762104202089e-03
3.153836953825428502e-03
-3.158147362205543374e-04
-1.184768499630350913e-02
-8.700899821190155592e-05
-5.071851674253835540e-03
2.038796340753101788e-06
-6.795475220485625023e-03
-3.160576428920758296e-03
-1.412895750312892496e-03
-6.495390595489869412e-03
3.511210382237783811e-03
1.044116930714744651e-02
2.473091505515445654e-03
5.756215101042072568e-03
-4.886157003343938321e-03
-1.352157550001953368e-03
4.212491745885227346e-04
-5.077839701522091076e-03
5.013409652117051252e-04
9.529290406472545882e-04
7.034881146432692134e-04
