2.379548787089236228e-04
4.644802688351101772e-03
-1.085459698745838697e-02
-2.702989204949046709e-04
-2.499833937140594209e-03
-1.881949555010531405e-03
-6.314029829527667559e-03
-2.841197856454757975e-03
5.612802037214703610e-03
-9.152654021013062469e-03
-7.348831720360826658e-03
-4.490927088578788862e-03
8.903973927996133853e-04
7.147409552035410840e-03
9.046885405221027909e-03
5.853820363634909540e-04
-3.160262097858912433e-03
1.409522203584145927e-03
-7.186731538677659792e-03
3.014934543640102049e-03
3.089514828851114281e-03
6.388973399623298910e-03
5.944043775124585594e-03
-4.057593586997088053e-03
3.136499569673212306e-03
3.645287268027042060e-04
-7.010867897644379454e-04
-1.512660309235469569e-03
1.012279278280403538e-03
5.900741537633868994e-03
1.573779236535788328e-03
8.582540838416252704e-03
-1.328018941015174370e-02
1.525482322838445093e-03
-6.764927925620001226e-03
-5.401658376387730165e-03
1.664165925469240914e-02
-2.386721596753016428e-03
7.897027630473507642e-03
4.986851791406454737e-03
-9.542211185915805416e-03
5.557878618739797716e-03
4.235131264830771514e-03
-3.262900287731351767e-03
2.213233559363203540e-03
-6.302457280271678286e-04
-5.113522784080948291e-03
-3.549756469819254079e-03
-6.258292960154232532e-03
1.327560573586150650e-02
1.417542243253999690e-02
-8.277343860422337052e-03
2.841110291927573250e-03
1.182968792263983104e-03
8.336498443325179863e-03
5.309014718291371615e-03
-5.839726248673127174e-04
5.797551274821066691e-03
1.972503740636843972e-03
-1.171306588941822824e-04
5.506608056209172375e-03
-2.847931895695321458e-04
6.796143493562056825e-03
2.862683454373238234e-03
2.393212984406201116e-03
-7.428859358941108937e-04
6.155421546595540860e-03
-1.171929845280461624e-02
-1.820581433409906857e-03
3.879706046275299691e-03
1.006496694526681779e-04
-3.208090823505815870e-03
-6.087889779449073835e-03
-4.968231034375270028e-03
1.597733408344792494e-03
9.789198264520848625e-03
1.540037696148077728e-03
2.701352709421844800e-03
-1.795603641211451773e-04
-2.425150687322075171e-03
-2.466429061272590317e-03
-4.814737722808049014e-04
4.167605643450977837e-03
1.089595334107795743e-03
5.838684598922339042e-03
-4.008182607462495994e-03
1.434880043426767227e-02
-3.442485659222116468e-03
-1.007026688568013473e-02
-1.048224351416793265e-02
-3.985937057606747658e-03
3.728162046980898481e-04
4.188159853529160870e-03
1.015113468145756315e-04
-8.033859007235744087e-03
-6.627514744390050616e-03
1.214485734229708846e-02
-6.381231461643599445e-03
-3.950705256632436324e-03
-2.562306446693973783e-04
