-4.866795447663330165e-03
-8.027587731316065955e-03
-1.381956513854754043e-03
1.512663624716026334e-03
-2.789448426547602722e-03
-1.240059966462114804e-02
-7.853894594048504985e-03
-6.574629052291669495e-08
-4.829814652733688263e-04
-9.498696439177667372e-03
1.059486466118753079e-03
4.738148361713157009e-03
3.278733110608889056e-03
-1.079671321913555637e-03
4.626519253068783755e-03
-4.973811268928041152e-03
-2.546047407712137556e-03
-2.756931975765319898e-03
1.008666209076358733e-03
-5.351129541310339910e-03
3.046373011622915961e-03
-2.116297382704912522e-04
-2.471314584932216007e-03
2.385840237480896242e-03
-2.957877990656054834e-03
-7.472029010534786408e-03
-5.608385445257102475e-03
-1.160493766845904773e-03
-4.098456609581302423e-03
-2.293467003153026873e-03
-8.326088881667081942e-03
-3.738763005803225070e-03
3.378235104480431517e-03
9.671750201462159247e-03
5.074828629131111768e-03
3.037188451941563727e-03
3.226702047107399274e-03
1.794358000140161558e-03
-1.402371134143876041e-03
-4.776512436428848041e-03
4.256792422184352276e-03
-7.045229440046818503e-03
-4.859174924235931670e-03
2.060202143390310603e-03
1.418406953415962679e-02
-2.301730275422575467e-03
-9.615935609662673578e-03
-1.410902392316004672e-03
-4.226415370089497969e-03
-7.011624376762060074e-03
-2.912040777954705284e-03
7.593734348059100192e-03
3.066599260599378596e-03
-4.493612239714339651e-04
-1.045690555494938057e-02
2.395705686201843321e-03
4.124601288868823268e-03
-4.277830834199747301e-03
3.813812826632623221e-03
3.596120421755277796e-03
1.314329018137649907e-02
1.420862384797660916e-03
9.359009980550059282e-03
-1.753578618000850575e-03
2.116149129760547254e-04
-8.436879382258122284e-03
3.614262345459806625e-03
-7.907769746483328532e-03
9.704263471996266155e-03
-4.423693979375920016e-03
-8.037131759714988277e-04
-4.518259427166548825e-03
-6.838089260431834404e-03
5.040398063407502960e-03
1.059706365172718989e-02
9.405446422179331023e-04
-1.004283259982885479e-02
-8.474464672303394508e-05
1.236758017929973086e-02
-1.466389757340480493e-03
-1.049617072493624903e-03
-1.346571434724308514e-02
2.798454676974038158e-03
7.139698590147292023e-04
1.753100835818588443e-02
7.593991838304448017e-03
-3.711281471704297452e-03
-4.429374629989490941e-04
1.100607568839706563e-02
9.162836873197743870e-04
3.422486191331230998e-03
-2.911209474110165729e-03
-6.269745959232464472e-03
5.008985894408568562e-03
-1.548013626835653689e-02
-7.532921199433495474e-04
-2.844494941667496946e-03
-1.407844950015890717e-03
-2.530619964847380388e-03
3.721514525472535695e-03
