5.898154166631419670e-04
8.493314366024518058e-03
6.025606571642749820e-03
2.008922901436616115e-03
1.140657783388199231e-02
-1.928238339244936483e-03
-2.827840794465408258e-03
-9.899333293209244822e-03
-8.725337298909341399e-05
-1.164569904716028503e-03
2.694005899223528289e-03
-7.338083338714551651e-03
-6.284185590956448131e-03
-1.379043490031262031e-03
-7.635986434047947746e-03
1.302108234732646252e-03
3.141107332309545086e-04
9.690850805603723472e-04
-5.391659318854435945e-03
-3.905114286528621470e-03
-4.600886402327586389e-03
2.380510058370810533e-03
6.664905902716511399e-03
-3.967120427782799830e-03
-2.709626251574670519e-03
8.693088410290927825e-04
5.423895545009327357e-03
-2.857894603017108182e-03
-1.119157589294006439e-02
6.794488261276931951e-03
7.419945840052899477e-03
-3.516488679341511769e-03
-2.142904202381834544e-03
2.840357125378112357e-03
3.171941254262344856e-03
-8.442736842381060036e-03
1.350586352255411793e-02
6.750696229177122198e-03
5.581489176986531575e-03
8.478520730664462768e-03
1.699203692709705393e-03
-5.521303027521407003e-03
5.662387930110202028e-03
-4.783610257596881965e-03
6.474570838214122048e-04
-2.841435822500404385e-04
-7.656457682232220563e-03
-5.543599853346625750e-03
-3.499538032258997511e-03
-2.534277334871326559e-04
6.558849489401996635e-04
1.173521969929369746e-03
2.305191857394639499e-03
-1.496569424166871443e-02
7.940386769317298032e-04
4.900598137056788595e-03
-3.520188892077724674e-04
-1.124056251382177241e-02
2.823746756877576480e-03
7.063736382007745895e-03
-3.042253496524316425e-03
-4.487747349741444403e-03
-1.572766727181129642e-02
-3.372594509716275724e-04
1.918648455741855940e-02
2.359261896564768257e-03
2.097416308357025194e-03
-1.437582488749034049e-03
1.554997550205938772e-03
4.623776778460486625e-03
-2.591344461602362870e-03
-2.591727238452801174e-03
1.209395297024906668e-04
-1.497206331549261193e-03
-6.875920551377978640e-03
-6.621714952966262224e-03
-1.336969822621281168e-02
-1.752369156857169763e-03
-7.297516583825158776e-04
-2.791387071356399296e-03
-5.839443975756419825e-03
-1.453544275881968328e-02
-5.099350389888845925e-03
6.914135178162084117e-03
2.699464875695833932e-03
2.995208351757039367e-03
-1.632802079087558589e-03
-6.724998326365083656e-04
5.043989319253205927e-03
3.637574715238178769e-03
-1.777605748912836070e-03
1.453384428424131514e-03
1.092370846937917861e-04
-2.626831245023608652e-03
3.692509739749993969e-05
-2.760865633262499230e-03
4.818418288453640841e-03
-5.481344369555163354e-03
-8.111083542686747805e-04
1.263928713149498062e-02
