5.459470726845494504e-03
4.585005197360492168e-03
-5.082302005540828560e-03
-7.731809289890811954e-03
-4.064282983724409881e-03
-1.640759381518641646e-03
6.095480954928955697e-03
-7.279374413657557774e-03
-1.066788329406098690e-03
6.368078566069357294e-03
-2.283572125967414657e-03
-6.354198871740601717e-03
1.215508043273083594e-03
-6.095193434770274088e-03
-5.833048213828018191e-04
-1.542162311283234999e-03
2.750835708313581485e-03
-1.062451703278932680e-02
-6.780380885232584198e-03
-8.763014339114860718e-04
2.057113408874156057e-03
1.073823828025566307e-03
-4.179103947972162558e-03
-1.297301297901365391e-02
-1.563846830572090951e-03
1.407910681656354690e-03
-4.735142474820319691e-03
-8.563783674360281317e-03
-5.546596516567414703e-03
4.426094410451275607e-04
2.580411408038663090e-03
-2.010572059473969553e-03
-4.865667093580605673e-03
-3.329308238565142908e-03
-2.945726986565588845e-03
-8.459736938162265574e-03
3.757502439254101212e-03
-3.601605023358267488e-03
8.636865434612506220e-04
3.946523017233194430e-03
-3.124497732062248012e-03
-9.777599895456678958e-03
1.585177777356561180e-03
1.403483743096178848e-03
-9.365586947904791515e-04
6.791316415758474889e-04
4.763938738602702117e-03
3.679916088457302337e-03
8.526938053557753250e-03
4.968843793336397141e-03
1.101145724994867514e-03
-4.025356600875884538e-03
2.155524906200634305e-03
1.184183832685481441e-02
2.523324413538197142e-03
2.838854515999189587e-03
2.690758631880507679e-03
1.769917064059378653e-03
1.379729911262450592e-03
-1.290286438948351488e-03
-7.333163889307048322e-04
-2.256321611137090954e-03
-1.171993262328863139e-04
-4.917483306378978014e-03
-4.218633471896438003e-03
-2.587951589546388931e-03
7.331099175212907326e-03
-9.941869085587695665e-03
1.055232403767814020e-02
4.926468141468021145e-03
3.651009098255664220e-03
-7.243316714689362890e-03
8.383603816138895937e-04
7.656744723978703426e-03
-2.644829992766828397e-03
5.723962886597266930e-03
9.173209868531095879e-03
1.142286805485448475e-03
-3.174225176736822362e-03
-6.475707959033738526e-03
-1.362665194632795007e-03
3.315147302257681616e-03
-3.965765456644954057e-04
-2.971163015093369886e-03
-4.326314083692106571e-03
-3.189342084419011236e-03
4.220592984640392231e-03
-3.104141320599551612e-03
1.186540718464135225e-03
-3.426781584645266499e-03
1.064415503415605535e-02
-3.431575109608009377e-03
6.194450260315731427e-03
-4.498478642635084235e-03
-1.548912279684899751e-03
-8.794711599558024950e-03
-3.438545247159141560e-03
1.454863119868532451e-04
-2.519732686180220504e-03
5.573819632118004463e-03
