1.423582756010288719e-03
1.674436769828036020e-03
5.274780370077003511e-04
3.385401006497978926e-03
-2.579196196669242269e-04
-2.017235113541460123e-03
-3.914730025942336766e-04
-2.578594648866561201e-04
-2.604789918436711815e-04
-4.261982139766029576e-03
8.621867229224866591e-04
5.952162291539719874e-03
-4.618100189570539804e-03
-2.349727066573992218e-03
-1.977131268690035526e-03
-1.588843301943421160e-03
6.989471867306917829e-04
-2.009167721128246598e-03
1.638508911425462511e-02
-1.383125708205645843e-03
2.063118510606476441e-03
-3.125880757883336969e-03
7.945863319880563935e-03
7.372531045345853684e-03
2.501085202174513356e-04
3.253023429827028856e-03
-2.934705186212749339e-04
-9.863355845440846537e-04
-1.878392849316345981e-03
-3.588196553994893456e-03
7.123324154005850062e-04
-5.658488898743541107e-03
4.300462949152095149e-03
3.123465186417595518e-03
5.528705237437425701e-03
3.239737515595808581e-03
-1.174815780244364838e-03
-2.228729919476979404e-03
1.543990096301017800e-03
-2.052480635729159175e-04
1.068929502492377281e-04
2.728814647988353492e-03
4.458267043753405545e-03
-7.056717402015744156e-03
-5.029630921909777896e-03
1.125214225585757788e-04
6.869330500536285911e-04
-2.649106063830619640e-03
-3.496471362240183289e-03
7.674563692674274407e-03
3.949663647489720653e-03
5.882831318143266763e-03
9.924159854608483045e-04
1.014843951842780978e-02
1.332788903386328272e-02
-3.154463237206472925e-03
-1.032421981802311706e-03
1.557565853013587187e-03
3.880270956683418149e-03
7.394128882350914367e-04
-4.393973574174148133e-03
-4.253938083208064214e-03
9.097988873904006013e-04
3.804486117298888637e-03
-1.002830355089523451e-03
-5.711859227916615822e-03
-5.936898723697403568e-04
-4.255901058212163690e-03
-3.175300944604497744e-03
-3.695018411304706873e-03
-7.337924288450370369e-03
2.696044730796209876e-03
3.096001494455657976e-03
4.479174965531296237e-03
9.037683680818253684e-03
7.481580322694636465e-04
-7.808618935441824505e-03
1.117155098815936221e-03
6.343555273279122275e-03
-7.482818773229205078e-03
3.451765230502057413e-03
9.225461783291533102e-03
-7.463999661968312438e-03
3.632822001155000535e-04
3.142124588387695816e-03
-2.281300213546888500e-04
2.040028272610516780e-03
7.404585967982435513e-03
5.234534063781826063e-03
-4.092402154258545366e-03
-6.395888439643115930e-04
7.892997658007327999e-03
-1.820595769526200947e-03
-4.476456748347290571e-03
-3.737118150492046986e-03
1.139106145935597780e-03
5.292303338748194363e-03
2.659990233523812364e-03
-4.282183159854624499e-03
1.943745996552226352e-03
