-4.006642373752589137e-03
-2.519831433600128179e-03
3.061451703925910373e-03
-5.043750490713372336e-03
-3.954199777860156750e-03
-3.800223454053508476e-05
-1.521582706290103282e-03
5.078483893400265181e-03
-1.308473038337365502e-03
-2.686652586749604943e-03
1.125043669291392323e-02
-1.233673853110683893e-03
-4.313638314697887388e-03
-1.021421252540233304e-03
-2.385189673051901771e-03
-6.669451903297263229e-04
-6.117206858828549976e-03
-1.024326626780647231e-03
-1.026836643468553856e-02
4.401843301205077275e-03
-2.121554091699673350e-03
5.869146135583092061e-04
2.718026168746945359e-03
7.903194854805950520e-03
-2.965260828640126078e-04
-6.558645847280053509e-03
-1.369759213912802309e-04
5.461642187261750436e-03
-5.130438955165406156e-04
-3.128921463737333042e-03
-5.595479569068251280e-04
1.063471090522738471e-03
-2.760436367902241450e-03
1.480219646685543289e-03
-4.083958758823724722e-03
9.671917511127059441e-04
2.359791836327174153e-03
-5.255806524504302857e-03
8.745643366144140174e-03
-3.711991110719181641e-03
1.444172599907034282e-04
-4.908004909453422826e-03
4.960751985036204736e-03
-1.272229235886046528e-02
2.671156861448253927e-03
7.172848835332867878e-04
-1.164168509297791587e-03
-1.358824057976493194e-03
9.603998167021732257e-03
8.050644218484892534e-03
-2.584199052115709883e-03
5.523565926244589086e-03
6.904923517410122003e-04
4.254506602545893301e-03
-2.598109902253398218e-03
-3.190407153850105537e-03
-3.836780342253764964e-03
6.518011377067978174e-04
-1.801523006311089858e-03
-2.332111151950533312e-03
1.132379141525308164e-03
2.849283810647196269e-03
2.767716200016256956e-03
3.464563016553401376e-03
2.082633967214864157e-03
-3.818398170174708284e-03
-7.936454664124292790e-03
-5.934203200514631682e-03
-7.417386173252160653e-03
-1.997160295125199880e-04
-4.034882779677118059e-03
1.383747461496054321e-03
-5.308066664126531720e-03
-1.583942066751831135e-03
-6.056327619649803928e-03
-1.843895585967203488e-03
1.547722478184465622e-03
1.382103408105628262e-03
4.734570850224328886e-03
8.701304912771545830e-04
-1.758364534115708366e-04
9.440932434484627933e-04
6.804646876075182149e-04
-8.942408807349755406e-03
-3.837330673421623928e-03
-3.720700388590847396e-03
-7.374921037468951113e-03
-8.085493052656933521e-03
-5.725373686393697703e-03
-3.090899285126957885e-03
-5.535209508460425809e-04
-1.169191130895308461e-04
-7.229719831873482327e-03
-2.863980100774266013e-03
2.154152833544031864e-03
-1.621835538173410640e-03
-4.950427559115899712e-03
-5.082996678623552533e-03
-1.136244283390996923e-02
-8.111184370606094873e-04
