5.440835533388144185e-03
1.803539548075216992e-03
-2.916903764214495709e-03
2.647125254361282209e-03
-7.645847183479492770e-03
5.404279001856360232e-03
6.267150353726824719e-03
-1.543999528481720951e-03
3.558224339028970284e-03
5.851142041378709635e-04
-5.669509537368999652e-03
-1.149371280717237376e-03
-2.673409944236038172e-03
7.000438076544046595e-03
-2.121902960376731428e-03
-5.859498945883556686e-03
-4.177133995030946068e-03
-8.524983802188690341e-03
3.924564763745586049e-03
7.872316185544403488e-03
4.549500005150419746e-03
1.174910217931590672e-03
-3.127104459939133996e-03
-4.699301136660616329e-03
1.271112574184873889e-02
-4.476056744696088607e-03
1.161990288253145209e-03
2.912534170803282585e-03
2.188740086728979684e-03
5.586824459998029901e-03
2.858089004630137708e-03
8.447720430678207215e-03
-1.249317544917971645e-04
-1.073363828426765476e-02
-1.938867429696067290e-04
-9.075273937008798697e-03
5.861465999050019526e-03
-1.636282325415128192e-03
2.309362885355881190e-03
6.686767401035020875e-03
-9.540865939903220294e-04
2.905915861693864066e-03
3.958772474370375605e-03
3.985186423519637700e-03
2.170646567160594564e-03
5.941736032826994141e-03
-5.825826385785881634e-03
5.158164876232884666e-03
6.937667927941482127e-03
5.733210108877395683e-03
-1.107082440075290997e-02
9.282078378975988642e-04
1.595760950548252843e-03
-3.453532337177378508e-03
-3.425093535884715656e-03
4.264394868209953060e-03
-1.002311900982655324e-03
-7.250247056198255713e-03
-6.796666834830267234e-03
9.359857333420595893e-03
-8.148188036720682703e-03
9.208838514317418955e-04
-5.602021688551617196e-03
-1.072350389209841826e-02
8.496257481151903157e-03
-7.999376977925187759e-04
-1.514706443073610131e-03
-1.388359246900949806e-03
5.870320829743813640e-03
4.979164220450749134e-03
-2.068596812609291291e-03
9.142239407299301845e-04
1.713524583502823440e-03
1.729118973498255940e-03
1.046044745982799284e-03
-4.277127509456635224e-04
4.911209791946813397e-03
1.083144897453025557e-02
-3.380314257634853270e-03
-8.403053305485075342e-03
6.383595996093505143e-03
-3.576386253102081803e-03
-6.411116207787781462e-03
1.223898479806972972e-03
-4.086691538220610376e-03
1.197018914673164680e-03
4.259442316057127087e-03
-1.232497445229630006e-02
-1.141383967494968843e-03
-2.112477752873376247e-03
-8.133567563006982581e-03
9.127640539822068355e-03
-1.467775061811615878e-03
3.226796218114724724e-03
9.718491318722044525e-05
1.235500770589348374e-02
1.447498767458421653e-03
-1.172044216559164909e-02
-6.648057142778052153e-03
-1.101561760701530446e-03
