4.788037200324390952e-03
3.609155993438917243e-03
-2.608396345478936063e-03
1.001637098046737062e-02
-1.518170202415736192e-03
-1.127687910162966656e-02
9.736964935463943149e-04
-2.480095000424009655e-03
-9.605789033111711284e-03
-1.689959793527417986e-02
-2.977731907439884473e-03
-1.017494725096690367e-02
-2.535737538624238674e-03
-5.759426523815669441e-03
-4.622878923286832809e-03
-5.913989947045061868e-04
1.826293937002287926e-03
2.162236428264630028e-03
-9.697304100275694339e-04
-3.625577692573878075e-03
-3.659846257068721798e-03
5.054202878607139127e-04
-8.083435966821372887e-03
-8.349724540395508932e-03
-1.217460330419029013e-03
-2.619403153773181003e-03
7.184849788418823380e-03
-2.588188103592847789e-03
-4.311792034696115827e-03
-7.470619674601053362e-04
9.527621545049047569e-04
-1.061228765081012604e-02
-5.614601374491656749e-03
3.131142684857035619e-03
7.511705163768311877e-03
-1.757542166952452689e-04
-1.232998955998287904e-02
-7.254793648920898619e-04
-2.964913650671641143e-03
2.897525490411889670e-03
7.505372135387822219e-03
-4.943837001084250282e-03
-7.778632370680438335e-03
3.573184005150831233e-03
-8.263398829552293101e-03
-3.462838243480925726e-03
-1.205394380014357392e-02
-1.079533284968525741e-02
3.472475888427251078e-03
4.347792820318385765e-04
2.101538731440255603e-03
-4.353226897485629188e-03
1.294732456558755906e-03
9.548940472462463802e-04
1.374416221986640707e-03
-4.381278715693048831e-03
3.444666506143390095e-03
4.195952688999415869e-03
1.592574311303329715e-03
-2.994007975376411501e-03
-7.221108221063365917e-03
-1.882956668396329469e-03
-3.238522808097443750e-03
4.234151194973834187e-03
-7.288330580243140844e-03
-1.130420350768712723e-03
-2.013179391981534394e-03
-8.633379127110818452e-03
-8.600764262223004053e-03
1.158596137476464172e-02
-3.692762692173778838e-03
4.830065806103234216e-03
8.201767151644334675e-04
7.647250662915272557e-03
7.321316256798215960e-03
-5.211724023980734977e-03
1.363431971638240370e-04
3.183116534915875206e-03
-1.237569777408853433e-03
-3.629893774741210777e-03
9.244209385257606826e-03
-2.095364983119796243e-03
2.112090653734632895e-03
9.770134577195666026e-03
5.485553972273682355e-03
1.879057972359099438e-03
-5.113052275287133241e-03
7.682116552462758818e-03
-1.773794411176199404e-04
-1.442232762791206824e-03
8.549869403813303848e-03
5.323242479424283857e-03
-1.924284287879385325e-03
9.698678674761374019e-03
8.480202709149065043e-05
-2.597610735798339121e-03
-3.982891982351688398e-03
2.922078075238143668e-03
-5.558617397787957159e-03
-6.326361550897274810e-03
