3.298206211895804429e-03
5.680790802684909657e-03
-4.872146166391422284e-04
1.140434663966893858e-02
-2.341369522347314103e-03
-4.033231820741556284e-03
2.588114929973905909e-03
1.875014936507213292e-03
-6.868197492070238219e-03
-6.272118453107822234e-03
-1.382905270109313633e-03
4.655676994397284219e-04
7.925471928335925398e-03
-6.032448195722350803e-03
-1.685415648432508906e-02
4.117389260828385744e-03
-8.387653531772953919e-03
1.666178017856179139e-04
2.120732265822433682e-03
-6.420876758541305129e-03
-1.221944209314207441e-04
-8.140417876991046242e-03
5.792999895097739049e-03
3.796611598774202179e-04
6.526265784724150087e-03
6.165202037148431735e-03
4.565367651041984942e-03
-2.835923654291083729e-03
-8.147501797127532086e-03
7.771150019530992381e-05
-3.490546570341201971e-03
3.534132821726432283e-04
5.022216805852242061e-04
-6.662547543384911286e-03
6.746910616975965169e-04
5.927908314975138815e-03
-5.328185288590026047e-03
-3.817868506584831678e-03
2.789063261551150141e-03
7.057683912255252601e-03
7.055575316367912464e-03
-1.555558417893454504e-03
-5.086835592156058183e-03
5.508063743602242823e-03
-5.383413756833377306e-03
2.446285078173682237e-03
3.945896381448932289e-03
7.467580178204258345e-04
5.420131332778077571e-03
-5.816607848667443292e-03
4.069131249138657758e-03
-1.728902698938772353e-03
-4.771889376335658461e-03
-9.978245513349470741e-03
4.965465790884526776e-03
-6.751459594618314242e-04
-7.040360697972869453e-03
4.030466291328860251e-03
-2.303544226760156910e-03
-2.234936371198759097e-03
8.717672039484369861e-04
-1.005667857484915384e-02
1.980468949230873577e-04
1.118460470311943844e-03
-8.441489543486890845e-03
2.152931712066763481e-03
1.980568898893086960e-03
-9.814914511912187223e-03
-1.864998471442280703e-03
-3.955032965740734596e-03
7.906496809926499836e-03
-1.654499653175878215e-03
7.990356162528300388e-04
-8.319940621147936533e-03
-5.078058329226697865e-03
6.298047195604450366e-03
-1.077860014639497876e-03
6.933008572782561885e-04
-1.680834740480863232e-03
1.432784937389264268e-02
2.968859878273111264e-03
5.415425842129173439e-03
-1.245718252873562193e-04
-5.700181297865203334e-03
-1.267144227339989104e-02
8.920524850105859826e-03
1.153960715037605222e-02
2.649431827435599907e-03
-2.793742915567221097e-03
-1.031754315649502374e-03
1.752646979519600912e-03
-4.455608966594470921e-03
2.756739558958387626e-03
-6.065642312869101715e-07
5.926464806974784949e-03
4.340503598347256187e-03
3.893206730518072867e-03
-6.102801590669337806e-03
-1.147136065785536729e-03
8.710479276599070175e-04
