1.089801150256919371e-03
6.652185443287383926e-03
-9.308669530272095649e-03
8.988912340555210712e-03
1.765567847633153775e-03
-7.981666837172385343e-04
-4.128399800374715767e-03
1.682102838750143547e-03
-2.466540617046097950e-03
-9.490092023689777889e-03
3.974883284508234915e-03
-3.355795062480293467e-03
9.774624760869987661e-03
-7.942099707200611647e-03
3.625455963175872043e-03
-4.024946721305489028e-03
8.158874138114002861e-03
-3.455527957445858611e-03
-1.057152097543478941e-02
-3.544071827112027506e-03
-2.347679841112393362e-03
1.525626729103057855e-03
1.607569933548269603e-05
1.122757559389508941e-03
-1.247784584260525076e-02
4.457161514161755989e-03
5.300682836199444026e-03
1.460911490894556408e-03
-2.656356033384432713e-03
-1.090395321124093542e-03
-8.478605921208082208e-03
4.157013796849962084e-03
-7.776019091525920857e-03
-1.071144762216702517e-03
-5.014135168324829195e-03
-4.710938553463051015e-03
2.429014210610924707e-04
2.904823549963464480e-03
-7.586325823777717581e-03
2.935168693785183969e-03
-4.607186258594242467e-03
-2.282211200477335389e-03
-8.805611323507211985e-03
-3.720172865584570054e-03
-1.004554616666253342e-02
-4.414278842979069140e-03
9.491088196853514347e-04
6.375137226200977558e-03
4.623300365638627341e-03
-4.218784054002777673e-03
-1.102659370533576322e-02
-7.648745248001631580e-03
2.643599602074608867e-04
7.320478434911903420e-03
-1.866527043417276488e-03
-1.000665177095372282e-02
3.635134145543283957e-03
3.713940957021821809e-03
-7.379093583960605329e-03
7.014589595308318160e-03
-3.974027823972381412e-03
-6.828062016113189969e-04
-1.253696906493018126e-03
3.197275243117414512e-03
-4.617064102500734180e-03
-4.933147829131789841e-03
-4.112546357419866183e-03
-7.231275634203226943e-03
5.417359716255898405e-03
-3.502045916434770589e-04
-1.011215374626395214e-02
-2.749297470235445573e-03
3.022678386424337837e-03
2.859763825295402739e-03
-1.450288312447833849e-02
2.016024183373432699e-03
-4.049362562419389633e-04
-3.435495210919459197e-03
2.480059276143142810e-04
1.374326630718902820e-03
-8.559781379169129067e-03
-5.189127172986807146e-03
5.639794770071815400e-03
3.863232556121420913e-03
-7.350106183435789475e-04
-3.013838367182941624e-04
1.525791153619282525e-04
7.526602708762819560e-05
9.120217767488392191e-03
-7.148392395667446664e-03
-4.103691257672736903e-03
-9.023772443665922793e-04
1.001151619289897265e-02
-3.837786423580014095e-03
2.550207198367293593e-03
-6.234528047431409092e-03
-6.845868953869405082e-03
-4.164110901489381789e-03
8.764622900077290168e-03
1.077153856434176493e-02
