1.178128392697486149e-03
-1.446105069721748126e-02
-8.027183481675082000e-03
-1.861977220044885861e-03
9.255602380386585004e-03
3.938802613380865125e-03
-1.049615125698710738e-02
-1.659412692892181518e-02
-7.077791592742133098e-03
6.156372790991571087e-03
7.543419938474182906e-03
-4.544429949138173441e-04
-7.935319146756159014e-03
-6.597951845200067389e-03
-6.215895594373299637e-03
-7.880325959117695511e-03
1.159668319084095067e-03
-3.230521267434505184e-03
-6.786440110964186978e-03
-2.502181783834100948e-03
-1.386905808991922839e-03
-2.757357099072432760e-04
4.426826057886468213e-03
1.634248073205224472e-03
3.129999540772976374e-03
-2.808958056418231486e-03
-2.489338232436466569e-03
2.417394882929801980e-03
-2.111624452778460004e-03
-1.261462647611732990e-03
-2.486665823130174147e-03
4.481813557304592521e-03
-4.099153076417505481e-03
2.356231502912198295e-03
3.011182107705678845e-03
3.230406035386823582e-03
-7.273836124533028524e-03
-6.794663068863782129e-03
3.717713456724447418e-03
-7.716206622551124994e-04
-1.207265984779148926e-02
-8.762699606085888604e-03
4.119772108731600824e-03
-1.345878482987206137e-02
3.299244419637914483e-03
1.909745701232812287e-03
-1.828106912807880846e-04
4.756852147058676650e-05
6.689436125063563665e-03
4.123099072612990135e-03
3.963372317493440988e-03
3.045711179933130452e-03
-5.187855425428766765e-03
-7.694975064436615497e-03
-1.744462903272459009e-03
-8.535709383927780891e-05
-2.827345632452571422e-03
-2.339481818506405908e-03
-1.563379569591516471e-03
6.893008086693352965e-03
5.274856152058027270e-03
1.282247247010426250e-03
1.492577837102548877e-03
-2.959800936124246107e-03
-3.770186595430713439e-03
-1.223578312776751886e-04
-3.274992554325284466e-03
-4.770476746608687257e-03
-9.428741613023428059e-04
5.633232022367318237e-04
-4.506226999732465544e-03
5.872140999342523315e-03
-1.579988236177998218e-03
7.405437839072548378e-03
5.457875816831214699e-03
4.927173790268413178e-03
5.338890992349409892e-03
4.537530939922485018e-03
5.120604345221435594e-03
1.668833286868620647e-03
1.551223283839275879e-03
-7.097223661565954522e-03
-4.980549519389754209e-03
-3.208665052376380444e-03
3.986611887221158668e-04
-4.876406517376641325e-03
-1.351364717307901309e-03
3.909305895513304208e-03
2.088402858140159246e-03
-6.083127185855241592e-04
-1.734445520770178106e-03
1.308022161182531562e-03
4.312861343931495561e-03
-2.305893169795347752e-03
1.916056728594184300e-03
3.768537909457969626e-03
-6.159772913372218994e-05
-2.034228778243107882e-03
1.553591329933601273e-04
4.524498533151843915e-03
