2.204662419648117933e-04
1.504720824290317616e-03
-1.749902321557250673e-03
3.867564939047496431e-03
-3.546071842083553527e-03
-5.025681190646946739e-03
-4.098801015102182532e-03
-1.784965747023692373e-03
-2.409297228804452295e-03
4.945665614326522075e-04
-6.667149652048731667e-04
-2.337687596349891095e-04
-1.400369295551207038e-03
4.957767462627327149e-03
4.691697058322619185e-03
-1.152432005361969658e-03
8.362870134820954426e-03
3.295613284712284319e-03
6.813010749060710580e-03
-5.940719228943791563e-03
8.466485766258746715e-03
-9.744760019981923982e-03
-3.923756967739833179e-03
-6.554665560809858071e-03
-5.088200804866604976e-03
-2.797583895540967092e-03
-2.576512721198520595e-04
4.378695968250911896e-03
-3.569443664951266193e-03
-5.875437658582560729e-03
-2.459500270531100874e-03
6.602810607333808868e-03
8.000078131083943056e-03
-9.795626942933344239e-04
-4.072520252406452990e-03
-7.993797494603938070e-03
-4.946779272414048023e-03
-1.057578145253379454e-02
2.749241322004936094e-03
2.479060342665428962e-03
6.017144646910943528e-03
-9.872748172473966299e-03
4.445853126827103985e-03
6.319092212276000708e-03
6.881053528358216376e-03
4.805509573287181091e-03
-2.028251156322324888e-03
-1.040878106193499075e-02
-9.475360233377472241e-04
-2.230917443868607464e-03
-4.941698272685535187e-03
-6.429184281691480152e-03
-5.476808161006596620e-03
2.736071354325964045e-03
-9.061954138780414780e-04
4.633168962572820071e-03
-2.113161649755834759e-03
-3.809168033858889579e-03
-9.593366212168330520e-04
1.627264595968624938e-03
-1.176603713276769270e-03
-2.123997325463977681e-03
6.627460865725742778e-04
-4.522043332444214414e-03
-8.452998374230413781e-03
7.073135524071627600e-05
1.676372159821748475e-03
5.559889986125110539e-03
4.458487536628030767e-03
-8.510509695519585804e-04
-3.166675626678161493e-03
-2.823670712248316228e-03
5.952557145783021753e-04
-2.610668874871491241e-03
-3.431991936062694926e-03
-2.241621638600088673e-04
-2.297243499660206467e-03
-4.901918556777795644e-03
-4.839525282307466370e-05
2.908432187904486099e-03
1.552122548871159857e-03
-1.954929508901415147e-03
3.876496902240567088e-03
1.480846114710998584e-03
-1.751074208507286123e-03
2.705386575696966389e-03
4.304512026088613830e-03
7.351902780988406327e-03
1.032014821107218872e-02
2.620274487119322870e-03
-6.457369972151849602e-03
-2.557448219698055247e-03
-6.271694356039247964e-03
3.831679016956246464e-03
-6.140316563818526419e-04
-1.497644802228692562e-03
1.896210543507304003e-03
8.657247361663067409e-04
4.574581941422239950e-04
4.874949563730135438e-03
