5.562276325548731748e-03
6.617297032350477615e-03
-9.533802521666578933e-03
8.595967743480259493e-03
2.872897123048723245e-03
2.002919213782039520e-03
2.549293227474880297e-03
-2.646129789485418549e-03
-1.072740309215447496e-03
2.482069337193304470e-03
-4.434887303828238814e-03
4.377133116711173777e-03
2.703902120920420593e-03
4.611584011738667499e-03
2.638513537130626752e-03
4.565160616407104577e-03
3.839311282147539472e-03
4.472930057160984241e-03
-1.734108767904585235e-04
5.615449266193950351e-03
1.825895736144333981e-03
-6.925333026402635817e-03
-5.678101151910586175e-03
1.274700495946801126e-03
-3.491205515303019702e-03
-6.022452300325498165e-03
4.922051324540932526e-03
3.689318034845734395e-03
3.802968628313529997e-03
2.985670090060121851e-03
5.172877928343755372e-03
9.105096242815191587e-03
1.112663897559595938e-03
-1.702547893533967738e-05
1.357818912216302021e-02
6.885594239804393446e-03
6.573383089315321115e-03
-5.718802351758478508e-04
-4.232447868351085773e-03
-6.402458964815060938e-03
5.079633624624158017e-03
1.673137784303113662e-03
-1.779358579621526104e-03
1.652653254304903285e-02
5.404523316070553030e-03
5.901122639597744524e-04
4.883041661511211551e-03
3.900132210352458273e-03
1.043963311216833389e-02
5.781202803663898493e-03
1.038558708652548290e-03
-5.113812273337403624e-04
6.197175900334195298e-03
-2.554989758841164083e-03
-1.867275529048195715e-03
4.915209361875838567e-03
3.833893650606379211e-03
2.714033108802138550e-03
-1.704033217322709071e-03
-1.092609613683515057e-03
1.933097811390727117e-05
5.138597204954464814e-04
1.721328038709946107e-03
3.990583773886502428e-03
3.702210296609775853e-03
-8.018849828360652410e-04
5.173793623563516242e-03
-5.064524923413804558e-04
6.306677814347683153e-03
-3.104342751848343518e-03
9.046750732237485160e-03
-5.951647010833283069e-03
9.074899681217107883e-03
3.847126608556683536e-03
-4.272884370635221529e-04
2.875202656836828297e-03
4.212722684867609146e-03
1.218897206439750747e-03
1.011953919588193251e-03
2.887709319859821377e-03
6.081822859393959391e-04
-1.405302693923915491e-03
-1.356696629970066681e-03
-2.936904813840124362e-03
-1.773836606550394102e-03
-4.230718841655378704e-03
-3.065150729924304152e-03
-2.642640641678961622e-03
-3.694532649723525353e-03
-8.067974998027249711e-04
-1.525621709408730986e-03
5.323291504198301993e-03
5.731867027787385105e-03
7.058617172952641461e-03
6.817408098762967050e-03
4.150398632683405253e-03
4.650642039512709047e-03
6.396111967979178914e-03
5.128217837602200291e-04
-3.594306520150580830e-03
