2.204662419648117933e-04
1.893150696522960530e-03
-2.657309334522905964e-03
4.557308660502634723e-03
2.089834513993915621e-03
-5.210199264936155039e-03
-4.419130364163526004e-03
-7.569911061948375597e-03
-7.682746990016475763e-04
-2.467563183084608980e-03
-2.385951674763076014e-03
7.323960554586061988e-04
-7.246200654716927758e-04
4.057220195202715374e-04
-3.637576758586003045e-03
3.399219644486195513e-03
7.011485065699929464e-03
2.597492525961975218e-03
-3.156965120132526614e-03
1.184209313980011391e-02
1.862961488975911628e-03
7.185044911909521659e-03
-6.030793486240471069e-03
1.163111879053480013e-02
-1.137610485881690447e-02
-3.256005146887952506e-03
-5.792069715820136189e-03
-8.035079327727956411e-03
-1.234946625647492802e-03
-4.475300304636831150e-03
3.493532244358443783e-03
4.953669434830998419e-03
-7.863316202768588781e-03
-5.018043303482877526e-03
-1.501618223263001539e-03
9.237419006312364012e-03
7.740279629469770661e-03
-2.439959314118222977e-03
-4.312854503895735547e-03
-8.491718334547648794e-03
-4.751384561626825764e-03
-1.085284446786161094e-02
3.358558363909192046e-03
2.440053797994390372e-03
6.187044443543121552e-03
-9.943294234358801553e-03
4.567663086251338989e-03
6.358793096464032679e-03
6.902669616528966934e-03
4.803890964521939644e-03
-2.191489815768665750e-03
-1.082341871311531811e-02
-1.495121928333231764e-04
-2.344146246198719474e-03
-5.178312776214721858e-03
-6.600436994621428077e-03
-5.269519774154129976e-03
4.150698130814589604e-03
-2.079182877187113476e-03
6.711679067873177473e-03
-5.643864129587505829e-03
-3.038538924980627165e-03
8.355142574212326423e-05
2.622288007743334148e-03
-4.319278263834380738e-03
2.049943979550716833e-04
1.229933676868633086e-03
-1.277487997146731225e-02
-1.407027092460433337e-04
6.423519873405281189e-04
5.674428345467941170e-03
5.028274846218816485e-03
-8.095694375230833018e-04
-3.335221372161134568e-03
-2.765564310211576782e-03
1.338836676927801506e-03
-4.084333635816062014e-03
-3.061546011633442532e-03
2.167834419930625423e-03
-7.264353024377556700e-03
-1.462558793226986786e-03
3.141656549201732318e-03
2.003285123828413283e-03
-2.300421769320437626e-03
4.255218229397339513e-03
9.352148647940872195e-04
-2.780612058861930969e-03
5.686851995470698640e-03
3.185564708678034762e-03
1.280517699028338452e-02
4.868270611067759823e-03
-6.758529360782250528e-03
-2.535828686721530723e-03
-6.790038911926865595e-03
7.429620337626396953e-03
-5.585519324943333253e-03
2.317605005587197731e-03
1.295972517944554703e-03
-2.527580481740399065e-04
4.874949563730135438e-03
