-7.425819248038423304e-03
-5.512067509908180618e-03
1.599802712159537066e-03
1.663512275180911715e-03
3.174868086250337562e-03
-1.960560098811514607e-04
-2.976082366398680179e-03
-3.661651682181910061e-04
-4.617182458904411924e-03
4.619024557513840001e-03
2.351491990367993168e-03
-1.326415064141550637e-02
-4.855666663991287102e-03
2.650907629305976343e-03
8.262373721000804139e-03
-2.296223609628778028e-03
-4.822014668648511027e-03
-3.928606536956258388e-03
-5.892387438848789571e-03
-5.161497112500246232e-03
2.798985201980963566e-03
5.953027306023206400e-03
4.277987770973101789e-05
5.998187737684013143e-03
9.567349740468911179e-03
6.760237031318339085e-03
-4.405969194982373160e-03
-6.854335820147161584e-03
3.122809085636446547e-03
3.601216487868597049e-03
-3.829604334199654403e-03
-3.622910598150785866e-03
1.920296707630053668e-03
7.089741759409573518e-03
-8.350577335810127622e-03
5.886671375141649953e-03
-5.068820726656486642e-03
6.646925421107230392e-03
-4.127546714055463362e-03
-9.245913542152428555e-03
-3.223014120361411550e-03
2.969220285976126306e-03
-1.508670037320258839e-02
-7.545637966483109693e-03
2.571386989975610327e-03
-2.747774686402304489e-03
-5.665684007056581706e-03
-9.165734947836123858e-03
2.339270428282858028e-03
-3.462966052474203416e-03
3.259814265749949591e-03
3.600304290792832873e-04
-6.669016038259201196e-03
1.202173398727857112e-03
-1.182178894521213053e-03
-5.196120340674292848e-03
4.463361169524948657e-03
6.628785438046125300e-03
1.002276485405517725e-03
3.665198403157043927e-03
-3.444592284441938546e-03
3.473551299633115264e-04
-5.971143690062352682e-03
2.030646723591544855e-03
2.838850522378422170e-03
5.065319660248590594e-03
4.991107375933667711e-03
-8.571198221408726781e-04
4.109693313518070212e-03
4.608149391836402486e-03
4.339176343575501527e-03
-5.132131416730745244e-03
4.418690975756978112e-03
-7.072989306152965838e-03
2.266713899763073137e-03
3.421232790223327491e-03
2.338806673268023495e-03
-3.394887094285259366e-03
-2.267611558188109555e-03
-1.218860919636954865e-02
4.039400124339120879e-03
6.439423303060576309e-03
-2.503620908528181310e-03
-2.744725380005030857e-03
5.052390213789559326e-03
6.527061721084415069e-05
2.150639856467240207e-03
-4.190109376138728692e-04
5.833717856179143624e-03
-3.012031154292493795e-03
-8.879782948355230410e-03
1.547850449713727983e-03
-3.299960468898799348e-04
7.682122787418865784e-03
-6.849294968419017415e-03
6.860503237010151523e-03
1.328054301263903447e-02
-2.828101812336392129e-03
-2.251098579228894003e-03
-5.709824571731081377e-03
