7.727638813306292320e-04
2.599799585978335159e-05
-8.003077133900582396e-03
-3.809717275949253690e-03
-4.538146164368872526e-03
1.747105236672430451e-04
4.558215152206113174e-04
1.306991351809738688e-02
2.972278354560708991e-03
5.188800510026347901e-03
-2.718730159930293766e-03
-9.251286120383617195e-03
-8.906739597128732200e-04
4.404657209157725184e-03
3.433339302421511974e-03
1.618076329668038937e-04
-6.723147968761611359e-03
-5.115541332799566909e-03
-6.095331457799502139e-03
6.458959308651146536e-03
6.896827449352938011e-03
1.203405400341805986e-03
-9.715773598892862850e-04
2.296534923073023648e-04
-9.655778076201881888e-03
1.145677365375630252e-03
-9.570112098963301506e-04
-3.973218245036602703e-03
-7.194807568881023130e-04
-1.360496292667257023e-02
-6.649168366713142930e-03
9.716192135423851184e-04
6.189573965277306300e-04
7.483132421452043381e-03
1.488860294898253223e-03
-5.923149921308268340e-03
-5.880543742983190825e-04
-1.951645805085111540e-03
-1.644079784074103934e-03
-1.267228998611658053e-02
2.517809003778181953e-03
-6.518606422672656997e-03
1.668495565977257122e-03
1.288906596345329447e-02
3.732061917990359134e-03
-1.313470284765305696e-02
-9.305170105558979721e-03
-2.078002421709856939e-03
2.205033119222488125e-04
7.644126662215922074e-03
-6.905679227277805587e-03
-4.173712612950519762e-03
2.054995292496863968e-03
-3.881394596272014219e-03
1.698004425497945391e-03
5.318279349009191748e-03
4.897400557820175138e-03
1.165044141652860077e-03
-7.694842675162183454e-04
1.068399820839227576e-02
-1.922130807688215981e-03
3.992813591647825788e-03
-1.190856757216018913e-02
-2.117460236105039861e-03
-6.451963461674425915e-04
-2.436467240815587409e-03
-1.027360670462929004e-02
7.313740795479084511e-03
-3.852618909762961508e-03
3.029226897369508009e-03
-8.188287971156116285e-03
-3.528100316793403302e-03
-1.005970189590366104e-03
4.150521851707722476e-03
5.575065168801351945e-04
1.598485959493634034e-03
5.263283114896655235e-03
-1.872863081318509870e-03
-5.611806111036843348e-03
-3.838276028884979318e-03
-1.649353779706208556e-03
6.776269161956505194e-03
7.093238935046985993e-03
2.102083720902814257e-03
6.114726575966344946e-03
-2.646527733786485648e-03
-8.990331823867103722e-04
1.529311871797278677e-03
6.476593193782353985e-03
1.061271905311689245e-02
-5.306594813043075121e-03
-6.802724540786231344e-03
-4.208272547073121927e-03
1.006922658680309279e-02
1.961081450839174956e-03
6.562547217646264031e-03
1.030924102094932238e-03
1.935323584773995798e-03
-3.785922894237625513e-03
1.223333576904184206e-03
