-6.531621308786594859e-03
-1.182981659226367555e-02
3.977010308886530510e-04
-4.370490173841945492e-03
-8.163683163546542332e-03
-2.268919622165133099e-03
-3.785990177660125688e-03
-3.871335297565448030e-03
1.017933315774044445e-03
-1.202592271141045277e-02
-2.525985025737309542e-03
-6.295245075335076379e-04
7.936650326155758606e-04
-3.796804300572720337e-03
2.933911406199474214e-03
-1.374647016024077573e-03
-3.656866934128699675e-03
-8.680568256341669731e-03
9.945302082061124871e-03
7.012017389550484481e-03
-2.791727595565673958e-03
7.860852605543477978e-04
-2.293030868933176869e-03
1.653635480540649461e-03
3.488211016546838295e-04
1.299447520475283113e-05
-2.747021967903440220e-03
-8.959120785950180910e-03
-1.969163658988803967e-03
4.304481545555183253e-03
-7.988027520807072790e-03
-1.993266767013057716e-04
-3.046854746735827568e-03
-2.297179640554869451e-03
-6.904887223308286970e-03
5.586956852038804655e-03
-5.772982635473433710e-03
-2.150956323959229977e-03
-4.330177051672379207e-04
1.357808331224119591e-03
4.513620934198825374e-03
-5.999095978473034663e-03
-1.276279427584903203e-03
3.650245986347444571e-04
-2.466702477006976757e-03
-4.515680959739531986e-03
-7.090108628279523373e-03
-5.302080642793027820e-03
-8.014153959841396890e-03
-9.414674480782148080e-04
5.678934734174245769e-03
5.794464537915655633e-03
6.540995044476138887e-04
-3.579068093684356633e-03
6.055995915968948040e-04
1.791823188302954506e-04
1.756223259771094725e-03
-3.865327784942307332e-03
-1.871974240012175272e-03
1.073278076585970631e-03
-1.089330466540472386e-04
-6.468187093731203596e-03
-5.278659834850540911e-03
2.452614915303019671e-03
6.516293907193881907e-03
-2.890677530058449740e-03
4.648401934527313095e-03
-8.442811209380396420e-04
4.445932917087058733e-03
-3.934562708350464177e-03
-1.253370292599509384e-02
-5.176682196647908185e-03
1.246218556401768041e-02
9.992782306881831111e-03
-2.970701723140400929e-03
2.576269479569126553e-03
-1.266818829722016204e-02
2.696050480629375024e-03
3.750599374718888157e-04
5.429358129728778515e-03
-3.927990287778571066e-03
-6.282566579907000737e-03
7.778084663750517436e-03
-4.911972633024008772e-03
2.399144775433792454e-03
-6.873814634430930326e-03
-5.192850518786262803e-03
-1.135002383652206071e-02
1.020551166348637739e-02
-7.833038759444965748e-04
1.663696923555169072e-03
-2.787644227174257416e-03
2.453147793024301748e-03
-9.309460614883580121e-04
-8.721065630707514060e-03
-2.503325242776410775e-03
-3.030500873251185112e-04
3.763259119245021544e-03
-1.425261644650732684e-03
-1.582822482785628537e-03
