6.725722458638117018e-04
3.233416806260769327e-03
-6.829026798781723251e-03
-2.947148138374600101e-03
-1.894285623006086716e-03
-1.347519887790582516e-03
4.633212196613611944e-03
1.625984188463602820e-04
-3.210943856715831046e-03
-6.194609402155992761e-03
-7.945367673980241463e-03
-3.973442159254436667e-03
8.469177662013493979e-03
4.208164960580185188e-03
-6.955307892968831673e-03
1.527886806732992042e-03
7.632963745878185158e-03
1.085981865697493998e-02
-1.070802995663355794e-02
-1.869599191869131261e-03
8.755083556016840518e-04
-5.594769552049738692e-04
-8.259157111029091780e-03
3.504840447032031570e-03
-9.287493221170062263e-03
1.652166362612450534e-03
1.922901649152874981e-03
-2.814754494967264264e-03
1.081762240546346732e-03
-7.991607936049027749e-03
3.945271643785996929e-03
2.807805608924573981e-03
4.109367420319420816e-03
1.814957655853599583e-03
-2.262972870000767855e-03
-3.280813046388830756e-03
3.651154365117093015e-03
-9.366558243829592456e-03
-1.785544884722467529e-02
9.748666820690865542e-03
-4.974213308306274506e-03
-3.500334748832933940e-03
-9.654619459080859833e-03
-1.082454675470523320e-03
-6.624853100977712295e-03
1.182268980135259273e-02
5.734338478656120230e-03
-4.328727202614346403e-03
-1.042407422986713073e-02
-5.763775886343358579e-03
5.088948302196860674e-03
-1.010177705224302169e-02
-6.064535937555515233e-05
-2.854020469183038422e-03
1.437454714172337056e-03
8.576865238852704465e-03
-5.734628503854422021e-03
1.025892901777203381e-02
6.994074943551198409e-03
6.845185068914294568e-03
-1.070780478127009161e-02
7.265879044188849889e-03
4.421633215750953028e-03
-1.106313449916740410e-03
-1.191331515492222159e-03
-1.247070038532860359e-03
1.382395632925526030e-03
-6.917688353162976256e-04
1.012571334200196294e-02
-4.324593943100807358e-03
4.559415488700646613e-03
6.146451732868096762e-03
3.755516030215955148e-03
7.000889980879332342e-03
-3.949756655324820898e-04
-4.920954313409220404e-03
-1.144499969006507190e-02
-1.067605498065049563e-02
-3.425209672347051537e-03
-3.072567215453680944e-03
3.189011405592134807e-03
1.039850504741091086e-03
-1.093578879684276028e-02
9.540317155831923301e-03
2.930141872250047186e-03
-4.380165269419644680e-03
-1.218651935391279473e-03
-3.702682931566281255e-03
-2.202948064363274838e-03
-3.451978537010402803e-03
3.205597871079435279e-03
2.957569386909275622e-03
-4.628836253047996507e-03
3.164285438216341007e-03
-6.895046334982946057e-03
5.442229970632705971e-03
1.648791372161895197e-04
-9.674341539918085431e-04
6.713746746699444934e-03
-4.352510451350433129e-03
