1.333611469805928706e-04
3.018878996659757341e-03
4.377400856109714411e-03
-3.374264860814490952e-03
-1.608457433200483067e-03
7.224712765317997665e-03
2.650468151150331408e-03
1.657280535048100134e-03
2.135410042763741245e-03
-4.266158825669608134e-03
-8.815283533316287112e-03
3.747432402707917554e-03
-3.171251999227742147e-03
8.968287516648576485e-04
4.283578554120981430e-03
-3.657229673230677491e-03
-1.059364243592308963e-02
4.826759162347205034e-03
1.394227497208821998e-02
-6.626004695373666209e-04
2.819398355581093085e-03
-2.737276664410259741e-03
-2.302740438019923452e-03
-4.700686210314608537e-03
1.663127056161228801e-03
5.362666543221594750e-04
-2.239781434839382968e-03
-1.485514534889098570e-04
2.264127452108355421e-03
-1.660400915998727633e-03
-3.857687519347452465e-03
-8.817274378308703753e-03
-2.917621805668124679e-03
1.047398618368089451e-02
1.173533555782091398e-03
7.780803682437276159e-03
-3.876037802823972811e-03
-4.220765945170068534e-03
-8.572727892794618221e-03
1.045171686768764374e-04
-2.173106750885889227e-03
-8.309418094640030894e-03
-2.054227150006693314e-03
-3.821487028194403557e-03
-7.894070940961950278e-03
4.386942635594137663e-03
5.750141284764920258e-04
-1.813116624573396507e-03
-1.091844036130606987e-03
2.421417658034497045e-03
4.072452465021192403e-03
8.997922221655851871e-03
-1.017703439611272742e-03
4.480994611477995271e-03
-5.908931216954682597e-03
3.693054078190982636e-05
-8.743601902564401840e-04
1.407172452484672931e-03
-8.276952231826117945e-03
-8.607540127759993887e-03
5.502631117291545415e-03
8.409969869152211785e-03
3.355846766276093796e-03
-2.990833889404687085e-04
-6.811206497749910938e-03
-4.202072112817645255e-03
-3.186555435906623934e-03
1.689763543389011247e-03
-1.631789117128246147e-03
6.996826917453624617e-04
-5.895548656354887562e-03
-5.366140613752179434e-03
1.253309428733362374e-03
-2.656669557046575925e-03
-1.302600734049197406e-03
-5.227370692128419094e-03
-6.742289939571044499e-03
-5.629166886145453574e-03
-6.748236724664069541e-03
2.041714666716210047e-04
-8.197991172994578690e-04
2.297142700751320099e-03
4.791374289177974255e-03
-1.812649220020667862e-03
4.833214969951482587e-04
1.066924847490713368e-03
-2.666122279736504730e-03
-7.577996300990874623e-03
-8.905826396272797929e-03
-7.451304009899128999e-03
-1.522590918301613971e-02
-6.826341294060567222e-04
7.460038257776080428e-04
3.196671622734514884e-03
2.447326235504032610e-03
-2.039884722152995877e-03
-7.915319562570299894e-04
3.944214407582413706e-03
-2.539590356156473661e-04
3.978775968832115595e-03
