2.019383698351973067e-03
2.145581355372128129e-03
2.758388525694654980e-03
-7.674061978987345434e-03
7.534964436521240927e-03
-6.977563344299664294e-03
-1.264372847376127318e-03
-5.830364418448197306e-03
8.521409102121291212e-03
3.819848253082125389e-03
5.952843017488218536e-03
-5.126322701181407204e-03
1.108412858100926712e-03
-4.482411030822253117e-03
4.838325485715277985e-03
1.461835635529928901e-03
-3.274368381093739622e-03
-2.321574941733683950e-03
4.670838831060009078e-03
-7.125429914940584197e-03
-3.510286210151036812e-04
-5.131699622875296463e-03
-6.670497310152345705e-03
-7.370319975065209306e-04
-2.361360323335559563e-03
-7.839947250511625221e-03
-4.340191592479225591e-03
-1.530336479427352181e-03
2.240682942794003374e-03
9.299355086621607924e-04
-9.191036236350091926e-04
-4.851579077612577784e-03
3.155361121648825318e-03
4.590161055061381390e-03
2.305200891095871008e-03
7.865936671249240675e-03
-3.699040988019097753e-03
-6.690883253276491693e-03
1.331784505949729080e-03
-1.024221630705568487e-02
-7.475980621380884372e-03
1.954388203093015974e-03
-1.173167892445747817e-02
5.999236331139634615e-03
2.427666321078492118e-03
3.612217122198280173e-03
3.514288558917999516e-03
1.933633797111200536e-03
-2.621113932278151815e-03
4.094138314673534396e-03
-4.910015393009725670e-03
5.998945585241499678e-03
-1.263178975764445156e-04
2.971376712219586658e-03
8.660982965770225306e-04
-2.269693601668620886e-04
-7.114003404251501017e-03
2.326525254973121903e-03
-4.705178044402846815e-03
-1.942996646697392471e-03
-5.939005083723802869e-03
-1.846874734807146812e-02
-1.960055497961743498e-03
2.306953465958661020e-03
-6.007762937460747743e-03
5.663927960459669286e-03
-4.367158880929533638e-03
-7.155795646144658129e-03
-8.067042629228193817e-03
-1.282238250983536165e-02
-1.992497669340065336e-03
7.758279314585836417e-04
-6.623658958549660802e-03
-9.382936871163649606e-03
-4.058257431407086280e-03
2.319222586749436488e-03
8.874410097517992924e-04
-2.836443060483029299e-03
8.541654538984699840e-03
-9.015659571861900368e-03
-3.585412089408324121e-03
-4.445921929603358080e-03
-5.985362421420115098e-03
5.128121457283252305e-03
1.690051413837490024e-03
4.912903940432200578e-03
-9.425588198452850008e-05
-3.379157583421332767e-03
-1.318405240533171430e-03
-5.154098123693606759e-03
-7.399052813051198996e-03
-3.346050173241743586e-03
6.513425167631092805e-03
2.309788524248457264e-04
-7.575489491002618259e-03
-1.150404191244791541e-03
-3.851045761132598777e-03
1.497678500612686925e-02
9.144840116713792710e-04
-1.393610311060777818e-03
