5.161299218379156173e-04
-1.746610733814768501e-03
-3.049595408647909345e-03
-1.688829297252780748e-04
-5.464359378469896278e-03
1.021993052106484612e-03
6.240168260266409916e-04
8.323878364240866468e-03
-3.142822178442861158e-03
-2.658612010175476215e-03
2.970922928804853314e-03
-6.161349650135816702e-03
-5.164807970240437029e-04
5.489920301071649078e-05
7.495148731629930339e-04
-6.583816473833548066e-03
-1.013897264748142568e-02
-2.378502372439750268e-03
8.102993193889740375e-03
-1.937556957459785067e-03
-1.043797985916494753e-02
-1.235806837122432889e-03
-1.461566194245644823e-03
-5.305657311431399847e-03
-1.895864446242789825e-03
4.928176026956276878e-03
-2.779174504190518036e-04
9.656110836085973759e-04
-3.973144613322210361e-03
-8.116573747674382666e-03
-1.031883695371049736e-02
-1.264974776386540434e-03
-6.050135459007566219e-03
8.471861116682299908e-04
-1.919809870963740117e-03
1.230140509703159246e-03
-4.038676033767396589e-03
-2.326293958491265634e-03
-3.444889687377328258e-04
-2.012386946920075026e-03
-3.507563344749886625e-03
-4.440459157666776235e-03
4.818451271444978978e-03
-1.845297685936220233e-04
4.075161853435815829e-03
2.488655638564485351e-03
6.898358127470527457e-03
-1.001388968061722728e-02
1.543632429749530743e-03
-8.443433350789897318e-04
1.081093638352059738e-02
-9.783366202476773132e-03
-3.607572032982675481e-03
6.251736232192328657e-03
7.807663336526049491e-03
-3.917108259344770360e-04
2.290671188894255472e-03
2.115882969797255875e-03
-5.226506336430514210e-03
-2.356404391498423401e-03
1.558661888401480233e-03
3.754358326003570667e-04
-1.044717496339042651e-02
-8.367680295265911283e-04
2.794477295131381211e-03
-6.718792942040474614e-03
-9.289445078152658297e-03
2.282039006683000970e-03
1.576598407472040719e-03
-1.584043163347925720e-03
-7.284549691666031279e-03
1.848765268156360442e-03
-2.140106651329132248e-03
-4.910463336699977255e-03
-6.484115552088165479e-03
-8.499270226391630878e-03
-1.897855347630761358e-03
-5.376268924894844758e-05
1.471843231803604546e-03
3.453142550409071809e-03
9.202660298137321782e-03
-4.919129633672358892e-03
-1.950402125123873454e-03
1.247890347763735974e-03
-6.451290926128505632e-03
-3.396775678887631322e-03
-1.856091340003307444e-03
9.137383336698112757e-04
1.555956798277913222e-03
5.739983086703537296e-03
4.064693634293181645e-03
-1.129121607334138133e-03
7.164010558879940760e-04
-3.258621826220386986e-03
1.135208555360756044e-02
-6.580972839487220227e-03
-9.216872177088109019e-03
-7.132672631357306336e-03
-9.217400198287317714e-03
6.846475144886010611e-04
