1.108677186141493465e-03
-3.193036466311194310e-03
-8.740023649439154774e-03
-4.026939458971035002e-03
5.173493744048407450e-04
-3.077683344867354620e-03
-3.519466152985484264e-03
3.554572627115781813e-04
-8.344940347942975123e-03
4.041903237222865819e-03
-1.461432381962723959e-03
-7.503978558200397053e-03
1.785640756913009497e-03
4.417827244357908079e-03
9.178640193031606387e-04
-6.031003499204268259e-03
6.960185694521170419e-04
8.672638864597681518e-03
-7.102467073886509219e-03
5.970020518457297420e-03
-4.013037510899319926e-04
7.428988526865243358e-04
5.523663913897802757e-05
4.552291017484666469e-03
-2.521894926323375863e-03
-7.188313984920480237e-04
-2.168610343514565386e-03
3.930603179988834128e-03
4.620375828794931472e-03
-3.170734168583599910e-03
6.253401935792157751e-03
1.341526674979443001e-04
-6.558458541501721584e-03
-7.464494233172525028e-03
-8.749173041499247461e-03
-1.300584460895204408e-03
-6.223101146713094778e-03
-3.033115052692658686e-03
-3.751249336825024372e-03
-3.419588865216649509e-05
-1.601759707950956013e-04
5.337090826012635958e-03
3.243339093699781905e-03
5.409059767845336708e-03
-1.012057255286302748e-04
1.439218454580948325e-03
1.810848100301298835e-03
3.051285261902680901e-03
3.561177706653428920e-03
6.189089841193817776e-03
-4.630072885122293869e-04
-7.055588535248902282e-03
-5.209112361919121525e-04
2.454519798178123047e-03
-4.254024515644050375e-03
2.651025027732067940e-03
-6.532775878523744417e-03
-1.180819694940771214e-03
9.019153888889519521e-04
-1.383968188493067686e-03
1.294799691507586559e-03
4.519324016586168113e-03
-3.961903163772650949e-03
-7.055850199441882076e-03
-1.173364663908271766e-03
2.076028061698931282e-03
-8.341528216275873042e-03
2.446514901549123877e-03
3.544043126824103496e-05
-2.103582239139090149e-03
-4.275213674871713998e-03
-1.245469978981572634e-02
-9.447332807045460967e-04
-7.793197091834014323e-03
-4.120009581391359532e-03
1.366265715882053478e-03
-2.237703686793768298e-04
-1.801461554014838207e-03
-2.936440722509425783e-03
7.822398822831311271e-03
-8.264659332834489724e-03
4.937318227031806117e-04
-6.671763150364662387e-03
2.821951291318902655e-03
-4.949205217749996777e-03
3.967874509146929185e-03
3.251728241137175068e-03
1.328694199437596701e-03
1.791661861455406957e-03
2.347367932412636193e-03
-1.502634356295162732e-04
-1.569724123506854863e-02
-8.070903522539252251e-03
2.829885238355034360e-03
2.093825560506301642e-04
6.525297163359589092e-03
-3.233240951383553607e-05
-8.112533346731676254e-03
-1.057280535543103639e-03
4.207862707514720135e-03
