8.045783919271465301e-03
-1.010775790188134238e-02
9.046205245991867372e-03
2.271172555864953146e-03
-1.132877390485598212e-02
-5.734115463916555910e-03
-5.855934860253042551e-03
-9.367485896322413907e-03
-5.142191373690430112e-03
5.435047722521679781e-03
-4.837515028710215326e-03
-6.103429249099567855e-03
-6.347265396630885625e-03
-5.560221547594723646e-04
5.025928065380713683e-03
8.319029458130566823e-03
8.358256595517588039e-03
4.350359099002720775e-03
-9.170585314739465588e-03
-2.635746138002104111e-03
-4.728825463334862533e-04
7.738347761218067333e-04
3.934393067767327778e-03
-4.894870249936400519e-03
-1.025465869391228857e-03
7.486116820051735843e-03
6.426757676486150039e-03
3.344243333757934700e-03
1.046069608009347895e-03
-2.130777846043208079e-03
-4.542947195355084844e-04
-2.188468889997019495e-03
-5.593123985774273166e-04
5.336316882854630350e-04
-4.989559266909582291e-03
-4.482215373045828066e-03
-8.210787380247608347e-03
-1.097827651460159259e-03
-1.235826124894923161e-03
2.369484386582909607e-04
-1.069210697622891004e-03
-1.004396509841543050e-02
-7.987948627305230254e-03
-6.311962604498844165e-03
4.729263995892019068e-03
2.626133675597275285e-04
9.858767253648759166e-04
-8.830242108870622886e-03
-1.005150687121703079e-02
1.025226118129163311e-03
4.117994294573157354e-03
3.196620835795860316e-03
4.544479525636968553e-03
-1.064324324126530996e-02
-2.557052129736225865e-03
1.499368457124616860e-03
2.370958506941800437e-03
2.843542900890949632e-03
2.558444582173580173e-04
-4.345563013020026233e-03
7.242361037653743949e-04
4.979773044677449079e-03
5.558609631256539174e-04
-5.086637825561290960e-03
-4.883580879798232743e-03
2.253701145087827484e-03
2.342584508219114348e-03
2.079167154218186653e-03
6.032805677491981378e-03
2.624952635429944614e-03
3.959548450172656331e-03
-3.493583922206333625e-03
1.050516539536916483e-03
-3.551842455546960764e-04
-4.140242663669635448e-03
3.006737189552577405e-03
8.358786674986129484e-03
2.759275287982698721e-03
-3.902795178838291967e-03
-6.369577899208778149e-03
9.581149730277793708e-04
7.186863631285622667e-03
-2.067990356774074279e-03
4.634935283926444605e-03
9.389417295043722689e-04
-9.260885279064323683e-04
2.259947832941033852e-04
1.357850197803767145e-03
-5.855508409482457211e-04
-5.920547627045080752e-03
-7.466274029311326110e-03
-6.944160230213491936e-03
2.162353688082818692e-03
-4.721377509330215716e-03
1.159102011814017175e-03
9.605191459682860255e-05
-3.857045098505373915e-03
-1.508004899408943444e-03
-1.262429848609136762e-03
9.586789761893310668e-03
