-4.006642373752589137e-03
-2.071909659728032871e-03
4.341795365534695250e-03
-6.512970598117839849e-03
-1.222538838197118061e-03
-4.766346326169901282e-03
1.289969071773588993e-03
-5.676279331754852109e-03
2.462145824531303262e-03
6.835631114358253768e-03
-4.580943523950109508e-03
-2.525388464910127695e-03
1.186525247014436069e-02
-6.534979470830259984e-04
-4.431791838972243269e-03
-4.058003985503266797e-03
3.003259948833436610e-03
-7.252350345920866026e-03
2.858932676661818384e-03
-8.814953796853153278e-03
3.020868917662511421e-04
-1.107951032150533699e-02
4.440765490722697884e-03
-2.569279675794233775e-03
6.839689841654505997e-04
2.055405691664402568e-04
9.745281907372893571e-03
4.309233396809775130e-03
-6.311357111029369804e-03
-6.825189746228033094e-03
5.848094095070255349e-03
5.209702625038614698e-03
-3.376448566716927502e-03
-3.022987512776076358e-03
3.583067284680385711e-04
1.293466777685270408e-03
-3.617484353068634029e-03
2.340370352706733215e-03
-5.030765133877457274e-03
1.745010465782348419e-03
2.393636884568395296e-03
-5.608814570747022721e-03
9.394281310883823011e-03
-4.297408935272972741e-03
1.980277611178804520e-04
-4.930870094722261676e-03
5.019963849612563145e-03
-1.314736197222510228e-02
3.327785957508933024e-03
7.141116979937356390e-04
-1.206959463716961167e-03
-1.366121937566910916e-03
1.053120711688937394e-02
7.918942408832063684e-03
-3.530968758345687242e-03
6.764563264395118125e-03
-4.443155260671627360e-04
5.089755259424455502e-03
-4.350593528122947973e-03
-2.833728649185185411e-03
-4.237162268532657095e-03
2.718828882027679583e-03
-4.093489264826888352e-03
-1.193337174890229946e-03
3.052544652978439466e-03
2.634430446203372966e-03
2.932210093599341150e-03
4.227943602626127451e-03
-2.063574075751750669e-03
-8.593792922427123671e-03
-5.436503757685340332e-03
-8.214480839626392417e-03
-1.201408606499310139e-04
-4.314446605991784089e-03
2.015405670757863810e-03
-6.929143429277417887e-03
4.122539449794571098e-04
-9.765766592010560743e-03
4.811656161302080292e-03
-2.032995555977690216e-03
6.322955004088304243e-03
1.178156303677790895e-03
-3.087796695493416621e-04
9.598869659228626006e-04
6.635866428158498920e-04
-1.086037679931717292e-02
-1.131646867112756638e-03
-5.137740970437398857e-03
-9.184589978115442754e-03
-6.656459458195929102e-03
-3.684598718056042443e-03
-5.907598214749398835e-04
-7.237385978231536399e-05
-8.207662482016875316e-03
-1.077899025463069371e-03
4.143913578859681479e-03
-7.007436914490572377e-03
-2.003295411973748941e-03
-1.312251237516659508e-02
-8.111184370606094873e-04
