-5.475013193048106075e-04
7.611645280085621579e-04
-2.397716313177755687e-03
-4.988874333831105901e-04
-2.491405379128952546e-03
5.810086824027727026e-03
-9.673736349851136396e-04
9.473425935620949367e-03
7.413186980252617353e-03
2.079659013877299678e-03
-2.142758121177923414e-03
2.014330080047921356e-04
-6.956847301880397794e-03
-7.137135782184667043e-03
-4.306743575947735714e-03
1.133273152827285468e-02
1.854031249330145847e-03
-5.539120599438507320e-03
-9.326881639024064974e-03
-3.774603291155198548e-03
-7.245431446850192359e-03
-3.483482313926367091e-03
6.083570323092368781e-03
2.752946240574427605e-03
-3.146956318513360884e-03
-3.377588532791797604e-03
3.248625089557255485e-03
5.933344867525836008e-03
5.288396904196801529e-03
-5.821991378212265644e-03
-7.362973744910683571e-03
-8.238374088697208997e-03
1.040856478418672459e-03
6.407632269813667847e-04
-5.701522800956149162e-03
-3.038580809702207119e-03
-1.353965381016619673e-03
2.346323259604488065e-03
-7.900680855071451347e-03
2.135207964531149472e-03
-5.029049605397295508e-03
-6.356091132525554244e-04
-1.357373027693786760e-03
2.480674641974323080e-03
1.002082506639911941e-02
-2.108367614310102667e-03
1.446953037760989602e-03
-3.906170623123150776e-03
3.416082889016180957e-04
-6.065164868266026410e-03
6.818231168378430240e-04
-1.217317939897766266e-03
-1.477309970475793044e-03
-1.768365165561225361e-03
-6.910437922573731129e-04
9.273701098257980391e-04
7.379890734839911204e-04
-4.294061065303167446e-03
-7.811020309852478860e-04
2.217791008908953643e-03
-1.571775116705698139e-03
-5.458520880890938010e-03
-6.382335855037335470e-03
-2.042510709418965398e-03
1.161090998109681749e-04
-4.783331945561020149e-03
6.678625307667829247e-03
2.474729958570454080e-03
-8.667142145747597226e-03
-1.906513892391270559e-03
-3.000921101113496192e-03
-9.370196266755836945e-04
6.823599729974261230e-03
-1.413966700758439998e-03
-2.324864395502390657e-03
-7.027155708845267412e-04
2.864531878624676509e-04
-4.868230960253239203e-05
-2.882508316800591608e-03
-2.241688050125367759e-03
4.907909657039244422e-03
-5.564039319994384947e-03
-1.103043878974085956e-03
2.285316036046869392e-03
2.683644991567812887e-03
-2.212756344341815229e-03
-6.916172036868784012e-03
-6.870867623475884756e-03
-5.810362398692592301e-03
-5.500461950989410376e-03
6.144972599764320087e-03
-7.367874986328293296e-03
1.691786498809633166e-03
-7.280399344695709374e-04
5.220340673949608323e-03
5.182663067939352608e-03
-2.547842350615003859e-03
-6.121064296698897067e-03
-3.366238920168185267e-03
-7.771243297850505272e-03
