-2.382634851719522828e-03
-9.342747793907868470e-04
3.218138237859435868e-03
4.806830730796574080e-03
5.822597458440492701e-03
-5.550998552179109424e-03
-6.802227261991866669e-03
-9.688382246520244045e-03
-2.511878993603500199e-03
1.629728228129012635e-03
-3.199544671776965998e-04
-2.370904903447379475e-03
-7.146029878178028483e-03
-5.862411189817673396e-03
-5.047239865158648087e-03
-4.633051148406952535e-03
-1.877277595091042528e-03
-4.647673722836920263e-03
8.591338694751038396e-03
-7.386270994615307117e-03
1.397967743453576439e-03
-8.056099184332476959e-03
-2.044900879114464054e-03
5.336069036278479061e-03
2.578253373778260915e-03
3.213913526528555664e-03
-4.776960107614525164e-03
-3.803330974538776665e-03
-8.726220964232478394e-04
3.142305946914447645e-03
-9.328583232878218112e-04
-3.438583657361493628e-03
-1.201279037338176536e-02
-3.234186335714261951e-03
-4.533733938840156519e-03
-6.247181003406598876e-03
2.532723071413833793e-03
-2.678030028259392736e-03
5.730770518032168859e-03
4.303371558522894880e-03
-1.522462166929194893e-03
-8.641409281481826632e-03
-8.151228885294958815e-03
3.818672578533743867e-03
1.632067940142256646e-03
-1.603741654043644438e-03
-1.004460765003134526e-02
-9.166362315962128804e-04
-3.996942229284483616e-03
-1.592380482617739013e-02
-6.912045911981579138e-03
-3.178095931153368525e-04
3.167406592511579078e-03
4.702506105083714694e-03
-7.458578081888989075e-03
-7.296268107032433115e-03
-8.467480296509122262e-03
-7.171917189776944035e-03
-2.991709236594530807e-03
3.164794424634909120e-04
-2.735432023095452081e-03
-2.199738872287193558e-03
2.580037603882368025e-03
-1.068362475855622051e-03
-4.885069853634682602e-03
1.134324413641141227e-03
3.426425903300667208e-03
-2.275007515754601251e-03
6.956541531902837860e-04
-5.578533418187703319e-03
1.608977498905761472e-03
2.392553911469974537e-04
1.539943178372915611e-03
-1.159614454608548506e-03
-4.210864241815936992e-03
4.183953775982462986e-05
4.777487263808999352e-03
9.100872392722170190e-04
-2.278319564420039356e-03
1.106107309074455536e-03
-9.285986415668245897e-03
1.074446555428099082e-03
9.884849210340940218e-04
-5.573417602378616387e-03
3.903881505662454288e-04
7.023110711647406745e-03
-2.927541401798072762e-03
-9.783909484595842976e-03
-3.548963242408165186e-03
-1.390486424790449149e-05
-7.315831779828863013e-03
-8.359438924268269844e-03
-1.195123772165795906e-03
-3.475914858349860026e-03
-4.737214574173198578e-03
-5.561057508099986890e-04
7.524054135704671964e-04
-6.516530194368153062e-04
4.124934553265680037e-03
-5.512882422806120175e-03
