-2.534887574591193626e-03
-5.784152193686442622e-03
6.563225593194887963e-03
-3.734845007376197401e-03
1.513622534249026153e-03
1.089072078235064911e-02
1.825191098523970545e-03
3.546708742347859378e-03
3.794301004604649918e-03
5.490682539397773176e-03
-3.897182225843676129e-03
1.163515612584664627e-02
2.129595049130017514e-03
4.072410894903066847e-04
3.304282839798888816e-03
4.077121964483065852e-03
-3.485048614260244371e-03
1.866140148269468391e-03
1.014180726876312555e-03
2.164781811433758030e-03
5.730488096169494838e-04
-6.034850134398861421e-03
-8.180629035087982892e-03
2.289581824160169532e-03
3.104199007981867098e-03
-1.296606589043958202e-03
-2.054587978424726735e-03
3.346039092610220145e-03
-2.555451930420393758e-03
-3.774316364795859968e-03
-4.377959359018634977e-03
2.305805482936129636e-03
-4.539662708082148335e-03
2.001824751397873747e-03
9.935115026813434724e-04
-5.246767126421914007e-03
3.140145028367347102e-03
8.814636599272507311e-04
4.057377201972300895e-03
-2.530240642040326726e-03
-8.861150015098906430e-03
4.643418586096736966e-03
3.668261568959163554e-03
7.644947284217273875e-03
-2.907091168935505010e-03
-3.073450376504416326e-03
4.372960638715617243e-03
5.793938679932164604e-05
-1.225859229085102253e-02
1.558690758498348927e-03
4.689692883714013938e-03
8.481761980607682716e-04
4.607409242578519581e-04
-9.740474841828383745e-04
4.893401264414065643e-03
3.122790862694402314e-03
2.015027056777252135e-03
4.924956764263632714e-03
3.002871637901693980e-03
1.999264513076970395e-03
-2.507547205283788827e-03
-2.126096700373114601e-03
-1.821140071795346316e-03
-2.194160419543678131e-03
5.180064643059201224e-03
3.507990899605850643e-03
3.115665958531965707e-03
1.177313432743476440e-02
3.489221462432690046e-04
1.695153522039527516e-03
-3.736951539980326586e-03
7.239683335626190264e-03
8.868848927245931435e-05
4.894138094469702160e-03
2.823923896022706437e-03
-2.951397298012858883e-03
-5.301428678315067700e-03
-3.624792340861771045e-03
-1.429485211929759636e-03
1.428082576518940883e-03
9.734719043310802178e-03
5.256207440536453390e-03
-3.722228518889258986e-03
-3.643989891104815193e-03
-2.640649562611008250e-03
3.258164948586550480e-03
8.452545364234675951e-03
4.536345857901857848e-03
1.034924501895129190e-03
7.164899973891247775e-03
-2.680036952169340125e-03
-2.773564753638546598e-03
6.102108783585524776e-03
-3.291210306620717674e-03
-1.214740373186029565e-03
3.234792531987218389e-03
3.311324047736818876e-03
4.543551533584100355e-03
1.044473533243284180e-02
7.772184875855847608e-03
