-8.094130928677056858e-03
-5.252272574792105075e-03
1.715815920556695851e-03
1.814738959215134173e-03
1.232567597535538795e-03
5.620672923988934144e-03
-5.065007605894678022e-03
-2.635723901307840400e-03
-3.437178923902495242e-03
-5.008454241194448819e-03
5.486999214028509542e-03
5.259538369239313838e-03
1.221836470639781069e-03
2.782163539548632158e-04
-5.885666299014769010e-04
-3.389658300674835978e-03
2.114667181063900614e-03
2.732447217284494911e-03
-1.336213295287214109e-03
-3.016806406010319463e-03
-8.368825139758895304e-03
-1.259044052816071790e-03
1.330032642945511157e-04
-2.704233537076383698e-03
-3.138763371726804863e-03
1.769762835191812655e-03
5.913599373363886968e-05
-3.242476320962306424e-03
-6.826523730265598999e-04
5.052140409405381227e-03
5.139524314922816473e-03
-5.197907338066465321e-03
1.997497763362665602e-03
3.619715087253005947e-04
-6.717144763512816752e-04
6.374646610133205549e-03
-6.735875083172748745e-03
1.124576126003140608e-03
-8.771169701680125996e-04
1.339425970463437032e-03
-2.743515522516060123e-03
3.805660928586585001e-03
-3.410813137498913683e-03
-1.457984052287475407e-03
-1.016098253927000261e-02
-1.015767072248929814e-03
-2.200995857775001063e-03
7.317769652878114428e-04
-4.410933318653720292e-03
3.503871878520747885e-04
4.880507638561626393e-04
5.729781867193306510e-03
6.169547319342494340e-03
-3.178957267690463162e-03
-1.187197276046103589e-03
-3.479825729502561416e-03
1.066150785640096466e-03
2.005050906286109935e-03
1.517615533261795768e-03
-8.346761390770396360e-03
-9.582538437681753507e-03
-4.573741855152579916e-03
-7.565490461250767851e-03
-4.401887304079199481e-03
2.681335466063639039e-03
-3.496547769258340210e-03
4.712439587032046795e-03
9.829667857051083146e-03
6.515562276041442225e-03
-3.737499254518050762e-03
7.507324292702621804e-03
-6.605894976070558755e-04
-1.818074319265283734e-04
5.801414915734492972e-03
7.812494312077311598e-03
-1.877745527698371220e-03
-3.748951310360792988e-03
8.676121385426949217e-04
-7.899412538400207850e-04
3.603802118586574288e-03
3.097093585697652252e-03
1.417717369406545913e-03
-1.400330854268716507e-04
-3.422052232710859343e-03
3.090408364998409319e-03
1.641702937216993341e-03
-5.440178407865814414e-03
-7.889501813867494384e-03
-3.941568644226456364e-03
5.845316420063362273e-04
9.786385737784453198e-04
4.160334805877186071e-04
-8.384189854705126344e-03
-6.638992235610818859e-03
1.702892483581575078e-04
2.434870056379434544e-03
2.120895800139521725e-03
1.123363837005730836e-03
-4.580821052728833997e-03
-1.680257416648456292e-03
