-2.910455597884720191e-03
9.053784269067444157e-03
-9.626748147115726795e-04
5.820979300979023385e-03
6.823324411430076175e-03
-5.583812641066554505e-03
2.061275462904688105e-03
-1.085663922610480281e-02
2.687826246826952037e-03
-2.438995568585511364e-04
-3.515806678335842150e-04
-1.914194699877858064e-03
-8.109256627151451013e-03
4.511829487650609316e-03
8.996764234305398844e-03
-4.144664167380684994e-03
-1.242787412304136030e-02
-7.077325016545676917e-04
1.076857287292576348e-02
-2.409370893462492447e-03
4.848425009611245784e-03
6.785856430439052289e-04
-2.427305712244809399e-04
-9.180075675444654415e-03
-1.659409971180414445e-03
-4.518218933486917166e-04
-7.707712739150718306e-03
2.465789052827904726e-03
-2.496561653996476338e-03
-7.600488803056748566e-03
3.575134244198974187e-03
1.326956307513560418e-04
7.655573401464388361e-03
1.266882221702458899e-03
-9.352557643960146549e-05
3.793063874407920366e-03
-9.192362927707975473e-03
2.905304079021897579e-03
2.879316063385761737e-03
2.015628672398128707e-03
-2.877127826778624886e-03
2.743068545217997034e-03
1.694056846068825450e-05
1.545592339187495945e-03
-1.683721541876348482e-03
-6.557488412321399451e-03
-9.316806857474491110e-03
3.493024279590084546e-03
6.319839520443681913e-03
-1.692650416602159424e-03
-6.812375625065536511e-03
4.506773065745872664e-03
-1.220083364833013384e-02
-9.479321614070834734e-03
7.625431728579545876e-03
-7.106266044477616006e-04
-3.661904219107836589e-03
9.575941308033186772e-03
4.172859484066870905e-03
4.277446503088921936e-03
-7.443043502099344622e-03
1.534168736668339861e-03
-3.067751874883062335e-03
-2.696695206755306273e-04
2.757965259500783084e-03
6.511208260815526394e-03
4.753900677123001905e-03
-4.320514328408298077e-03
-8.832411162978170971e-03
-2.335002700011079568e-03
-6.610684119765286582e-03
2.451769781734891573e-03
-5.910133424100183497e-03
-3.195537622057487148e-03
3.275555152229769895e-03
-6.169307270933566123e-03
-7.616616201231107830e-03
-5.618434166385632977e-04
2.674531005255831317e-03
2.879746718087772273e-03
-5.045412490448319964e-03
4.522056544707830916e-03
-4.130718647125886100e-03
1.422224666484228628e-03
-8.909220903930314961e-03
2.525180984362385139e-03
-2.587377877378504998e-03
-3.838563436622255409e-03
-7.847308214147918903e-03
7.791246915570204656e-03
-7.113654344119924033e-03
8.923168276903314933e-03
-3.587764996850983934e-03
-2.281014365320710446e-02
-7.009614163413502297e-03
-9.737326917835797957e-04
6.309343404853340331e-03
-1.099288900133410518e-02
-8.193271165344739870e-03
-1.085755802026411310e-03
