5.961950765445367395e-03
3.746912519004497177e-03
2.084491558865808614e-03
-1.764495084991324347e-02
-1.912871597154208736e-02
-2.237703887282616044e-03
-2.933704480146737126e-03
1.069205716188070809e-03
7.413073271348546989e-03
5.900515990759469531e-03
-7.085281857852843146e-03
-8.327862612256375918e-03
-7.093766474038698533e-03
-9.699080947294103083e-03
2.984625244688454693e-03
1.714911121996665067e-02
-7.627260514623923626e-03
-3.631289108915081165e-03
3.762261483106099647e-03
-5.327599675687189063e-03
5.050876818670113622e-03
-5.652165931529729015e-03
2.622804183074478601e-04
-1.708258043769728118e-03
-4.517322381781929685e-03
-1.108780193110003864e-03
-4.842969459825208212e-03
7.058361081518027547e-03
1.743189481511420169e-03
6.719111656125265064e-03
-1.422793733569571728e-03
-1.987986529941032643e-04
8.612999288719058733e-03
-5.804867862914009358e-03
1.865994383211999619e-03
1.135468917494608654e-02
-1.565569383702447581e-03
-1.295370494790892835e-03
-3.271050494447758084e-04
6.230484796707180806e-03
2.176070020035281161e-03
-8.978341748163143343e-03
4.722242587250957691e-03
1.593716025775182565e-03
5.843526459976544629e-04
-6.165355163226915458e-03
-6.467584447900520672e-03
-2.701687385462170354e-03
1.996121529195815647e-03
6.604251894290258385e-03
2.861622101459682099e-03
-4.021394975058045773e-03
2.015826796399555754e-03
-7.823084159643278745e-03
-9.694138214088043881e-03
-7.683717258953670637e-03
-7.376248102834659370e-03
2.343859076592180735e-03
-3.359660321853086273e-03
5.121098695502146469e-03
3.912121644840227397e-03
1.180104720288810416e-02
-2.381774671849079539e-04
-6.753953874011120462e-03
-2.073555197977028364e-03
-6.742632786050251070e-03
-6.086843378602213583e-03
1.423619911100293400e-03
6.927176333601181568e-03
3.061374939918648508e-03
2.750121980275577194e-03
-9.167787907437885409e-03
-3.365399317240336252e-03
8.978305318352197695e-03
2.993488745225536540e-03
4.108711720131608125e-03
4.085547717137094637e-03
3.238543942052030111e-03
1.306344346704624293e-03
5.139689146562376187e-03
5.348355459431686221e-03
-1.194183123701830773e-02
-1.717023400608641559e-03
-8.366372460585136395e-03
-1.331029423398133460e-04
7.473340711172671291e-05
-1.083936592349177275e-03
-4.095423422432853400e-03
-1.694821145014624442e-03
1.746601885918575015e-03
-1.639000829383063795e-03
9.044965871863874796e-04
2.660437361088341390e-04
7.143531481102249892e-03
-8.080758356777018037e-03
-3.219739379757169395e-03
1.242809633001273895e-03
4.246090950894898519e-03
-2.115666636240964849e-04
-5.392835903965775834e-03
