2.644185618873473587e-03
-1.234418230029898922e-03
1.275956742889938766e-04
3.548698691502094604e-03
-5.699285044964752522e-03
7.130518260893725646e-03
4.473857974668149495e-03
1.097759313026058781e-02
-3.286550107626462491e-03
-2.025876858485764487e-04
8.704845030714669640e-03
-4.735932522714536574e-03
1.090814636912629254e-03
-7.823951542539231419e-03
-2.534711780158627192e-03
-3.188611785469697146e-03
-7.092060325513682706e-03
-5.989214353080085651e-03
2.138226732821824072e-04
2.459903581117139915e-03
4.371439407451438441e-03
-3.292496954253154584e-03
-1.611913197466341430e-03
1.264618381791815516e-03
6.106452512187887649e-03
2.474308856898477238e-03
-4.300836112095529629e-04
1.780955394402705672e-03
6.274212738431872438e-04
2.934583327742990022e-03
5.089433368528073487e-04
5.114890696373719514e-03
3.912646149536458395e-04
8.902037794169537221e-04
2.687843447474969061e-03
-5.035179438299230981e-03
1.508568977025659397e-02
-1.355307448732023801e-03
-3.924203553879013207e-03
-2.418461903755608766e-03
7.913721136479701102e-03
1.868369481241649588e-02
-5.158119974485120274e-03
1.233083765256415276e-02
8.741288475787922785e-03
-1.074187237393786631e-02
2.649652446727324140e-03
5.899820920435283611e-04
-5.735711256723119433e-03
1.596557981397572767e-03
2.393618857917889642e-03
-3.931020801738127624e-03
-1.220696792403996866e-03
1.353246822617282241e-03
1.300184710196361504e-02
1.087849245864902503e-02
6.268707357580560746e-03
-3.500302302339219906e-03
-3.189918729444851664e-04
-5.204730792382483706e-03
1.048739944037624383e-02
-4.706238706963961071e-03
7.781642181332149022e-03
1.092525524241771961e-03
6.831504291509804538e-03
-8.846135298816060200e-03
-8.302020465413062489e-03
1.248749072915611436e-03
2.920324716148225974e-03
1.766594941932431162e-03
3.007419561812385567e-03
-8.562273717591661892e-04
-6.753285595959557241e-04
4.506597867303452354e-03
8.806446177375359952e-03
6.664199530447723063e-03
-3.246271193098060337e-04
6.309223356953941320e-04
4.229643743450806070e-03
1.491362683560637503e-02
1.457462233952377950e-03
8.287167828629926625e-03
5.599180445022056141e-03
1.576491052976858320e-03
-1.100545837119715209e-03
-2.988932272530608891e-03
4.608108654907905333e-03
2.290049379047087719e-03
1.347427350707808280e-03
-9.086409556566810153e-04
-4.573335424446045572e-03
-1.119144491133261532e-03
3.048564254780949945e-03
-1.794376289553367698e-04
1.421187755757613580e-03
5.869406002136923206e-04
-1.146085283102249441e-02
4.464865420117369865e-03
3.828433618122684123e-04
6.129226260130904436e-04
