9.577106561744042068e-03
-2.887684893337905123e-04
-5.278371227000921984e-03
-1.032795228551941502e-02
-9.801375029411807382e-03
1.589320925666992679e-03
-1.265381928125797195e-02
-7.692877216221916115e-03
7.925234827035332330e-04
7.298188570545871556e-03
-4.775044425016528038e-03
-2.861799292813937967e-03
2.437104451352034573e-03
3.124362015664683412e-03
5.562409326693940059e-03
-5.191752946415384429e-03
-1.586942175557881640e-03
2.184484377764972507e-03
7.727699498199736006e-03
-7.180787547890199463e-04
-5.502942811823841041e-03
-3.367775811099704697e-03
-3.816753165775343959e-03
-1.371092132517848228e-03
-5.828129152040451011e-03
-7.475449185404547947e-04
-4.684632909288000135e-03
7.794624979234887618e-03
-4.020887781707616071e-03
3.473041022969303171e-03
8.736814315796204156e-04
-8.743925937565788509e-03
8.424041507670843032e-05
1.108521761217240442e-02
6.140512101853290439e-03
2.983814145352314817e-03
-1.008193671709012307e-03
8.872084869795182627e-03
-4.188055834112747178e-03
-4.390338372671109823e-03
-1.875732586873568586e-03
-6.705318013433658741e-03
-4.253309434437246850e-03
6.149208242672843383e-03
-4.789004547348651997e-04
5.090721697024402914e-03
-1.297714035834562907e-03
6.682654373396657022e-04
-3.208663413800882935e-03
-2.431278373262846237e-03
-3.545394927452205636e-03
-3.808278237477091821e-03
-4.085707328330689947e-03
8.017864636697957792e-04
-1.487043264866116932e-02
-3.158440110097138209e-03
-1.894080788025997997e-03
-1.432813108220409859e-03
-5.932132382876487142e-04
-5.553936358686062391e-03
-1.852025716037042358e-04
2.460199721767031278e-03
2.325236932324004080e-03
-1.458633351594240679e-04
-9.446621797360665873e-03
1.290156987357882201e-02
-6.285065115211874165e-03
-8.952876752785776659e-04
2.282981198131639466e-03
7.197194669915640830e-04
-3.711212973043664931e-03
-1.794677184629001054e-03
-5.872180108233981954e-04
5.427300284784442042e-03
-2.520931662791991990e-03
2.779345652305864611e-03
1.726276618826072529e-03
1.550087094334129389e-03
1.805240442344202556e-03
-7.656098192861615637e-03
-9.098431857569977410e-03
-1.524604951554708876e-03
-3.998664565995069253e-03
6.701808275735188225e-03
7.577764991693936025e-03
-3.799097842957288584e-03
-1.317469991717556965e-03
-6.683084624012569641e-03
-9.495555231238794747e-03
-1.649033807988642408e-02
6.294709594365066607e-03
1.432634439803237569e-03
-1.003310321416506223e-02
4.063319045744417934e-03
-7.631485517379354988e-03
-3.839360267995806097e-03
1.502072684679278680e-03
9.447539018641260000e-03
1.011181132878513633e-02
-2.576958034259946295e-03
