-2.731905951498525553e-03
1.317454915976212781e-02
-2.214784136998604325e-03
-7.184402973826276018e-03
1.503820871963101879e-04
-5.351047747852444303e-04
4.892344304917584097e-03
-3.084167485025379740e-03
-5.044225889849984767e-03
-8.662470521453746741e-03
-3.265670212348470436e-03
-7.243711601371827236e-03
-4.057384469050573372e-04
-7.597131351898545049e-03
-9.833907117210327620e-03
3.762881582838550898e-03
1.289287816902073835e-03
5.755648639718335957e-03
-3.899654849665923351e-03
-5.151732647617035532e-03
2.490155352548928391e-03
7.550727236497523087e-03
1.032500469926422859e-03
2.789469203407612952e-03
-8.078865806629975665e-04
-7.728912425445599865e-03
-2.788888576755854665e-03
-5.276266990414169022e-03
1.267066236839264892e-02
6.373471482737369520e-03
-7.723054321214783968e-03
1.789715423981652620e-03
1.577617461631097839e-03
4.293507197218215943e-03
-1.742442164201274402e-03
-6.936639805675048898e-03
2.730666568708794983e-04
-1.633746375499622872e-03
2.769409934340938406e-03
1.831750759694217301e-03
1.687715767645481257e-03
-1.608239099913033598e-03
6.752123592829173404e-04
-8.052728701429812119e-04
-4.334578157865753845e-03
2.733593454338101303e-03
-8.062750823536357636e-03
-9.837278000695559577e-03
2.267668768418329428e-03
-7.120386744104090226e-03
-1.091779790096558678e-03
2.057526901777739781e-03
1.287222883559002717e-02
-2.486042488316075882e-03
3.145303919218078725e-03
-2.153115128269544876e-03
-9.807921803645092140e-04
2.284830638825341431e-03
-2.870134721487338503e-03
-1.056640141189180149e-02
3.792084829780884014e-03
-1.052657670647494381e-02
-6.216152879239933426e-03
-1.670290608707825086e-03
4.953384268177596361e-03
-6.968229021253602440e-05
4.254974646802245353e-03
-1.137449171009730087e-02
-7.346749303120070351e-03
1.314045087507098586e-03
-3.723402216597393455e-03
-5.697727230935090148e-03
-4.843097294827680699e-04
5.716276341260706495e-03
1.312827161681084931e-02
-1.416529402834099116e-03
-1.654112970867593901e-03
-3.454739494711644987e-03
7.774856775245031493e-03
-4.382869499579888917e-03
-3.530520963678118740e-03
-2.060830937378410610e-03
1.599445477739602772e-03
4.264994235654073762e-03
-4.777605548467844798e-03
2.265963685682548245e-04
2.517253142420017298e-03
-2.486481924542260913e-03
-2.776690456653518879e-03
4.140579935899446617e-03
-4.650148253173558288e-04
1.046461873135284826e-03
-5.051155652077143898e-03
-3.733356062635584394e-03
-3.256299502276238655e-03
-6.401519736228822310e-04
3.648482382534790069e-03
-6.389571020343987051e-03
-1.002864276005155375e-04
-1.735462691272449121e-03
