2.598220599614009529e-03
-8.666826032292407334e-03
-7.085587772843737753e-04
1.935287610022595750e-03
-9.897827520499391518e-03
-1.747959940625376518e-03
-6.022926922077953549e-04
2.135610268054644045e-03
-1.168689801423217212e-02
6.421899164506306157e-03
9.558264036208186099e-03
5.626545021880757780e-03
4.310784019871949369e-03
3.304829463479652674e-04
-1.312411480258068863e-02
-2.007100376921200358e-03
4.298898024385211514e-04
-1.251190497762233456e-02
-7.686701422217945279e-03
-2.428269343454747542e-03
4.261858542900953672e-03
-4.407949780559139441e-03
5.487259556389623150e-03
-3.462071517466025483e-04
2.336511382214911947e-04
-3.958127333359096056e-03
-3.160823104051302401e-03
2.904189013407165731e-03
1.125220340302068855e-02
-8.842323523483575087e-04
6.770280967480335477e-03
1.403619810594447515e-03
-2.683633692804443527e-03
-5.496753666539566652e-04
2.440596940983641439e-03
-6.087724609211142557e-03
6.047845177326038879e-03
3.163950591564823611e-03
-1.403185889407354559e-03
7.935139387281742174e-04
-1.048840002778872460e-02
-2.088825002159788724e-03
-3.442227772583739132e-03
4.866058379815241253e-03
-4.275571522770693633e-03
2.931733661206581409e-03
5.378047225651494401e-04
-3.337518601891908965e-03
-1.119488897602283206e-02
1.046950490535747402e-02
-1.847372213871545377e-03
7.483593715993386297e-04
-1.175555653009086043e-04
-6.788552671757153156e-03
-1.055878443411151224e-03
-4.587046706518327355e-03
3.343904774760653176e-03
3.070443423294211271e-03
2.172076780874721003e-03
-5.929747143010866139e-03
7.434353794249948244e-03
-1.482163272316872060e-03
4.567610164874724710e-03
-8.042384013754455552e-04
1.629013381914234948e-03
-7.365567722936727790e-04
-2.988609419948162760e-03
-2.119727494686474145e-03
8.433041445598754571e-03
-5.724046547370686966e-04
3.436237092998561948e-03
3.529504878935996182e-03
1.114036670548101959e-03
3.626274229349024658e-03
5.489988282568525335e-03
8.582710263595139111e-03
-3.800463957466693188e-03
-5.307193741063032100e-03
2.596914146198114892e-03
-9.327921081392465119e-03
-6.869715726585123861e-04
-5.953323000350896343e-03
1.996550322999612881e-03
9.221642259118478790e-04
6.070289964404951277e-04
9.783056713274285165e-03
1.071777622582059664e-02
8.477672814477532626e-04
4.974122795286639587e-03
2.321209535515844635e-03
6.780341814225376851e-03
-1.450371167562192198e-03
5.923037937248354368e-03
1.037349323936653800e-02
-9.110951378599962958e-03
3.458890220706001273e-03
-1.188705385119770419e-02
1.785854374374618025e-03
2.376911662633207634e-03
-1.547807584776683676e-03
