-3.952943172186085263e-03
1.328598186517204738e-03
-9.445072283870259433e-03
2.175639219899827559e-03
-1.571135536201140326e-03
-2.376894796894735151e-03
5.649933233323856108e-03
3.198000610603157767e-03
-4.293893371373425083e-03
-2.769485762220580405e-03
2.366374356853162553e-03
2.494238865901388102e-03
2.954110257500586201e-03
5.042924519289559981e-04
-2.592502780724870171e-03
-3.459535966067406321e-03
-2.194034878571060609e-03
5.123828643495587087e-03
1.292067046661082852e-02
-5.703257906795045074e-03
4.665920001425405417e-04
-5.738315622901724034e-03
-1.067280200459153061e-02
-5.246336502862103401e-03
-5.126226480967055465e-03
-1.045568950648256834e-02
-4.820502678183902212e-03
3.203047046057672098e-03
-2.238295656866728933e-04
-1.549603488462225620e-03
6.788276771075851812e-04
5.681447706250675189e-03
1.947038240822429600e-03
-7.534134868529052120e-03
-3.882003921633736532e-03
-6.490609240483613540e-03
-9.742738801555850259e-04
1.143033611877142253e-02
-6.287987038440912002e-03
6.810212833765483254e-03
-3.517925104928876223e-04
-5.282106640371875272e-03
-3.320915917560451902e-03
-1.326222710319902021e-03
3.395510558911518650e-03
5.428729709948676430e-03
-3.855642310361728775e-03
-1.836998490633345860e-03
2.214174028387194681e-03
3.577498963929226505e-03
1.007805175579856716e-03
8.656211980847539067e-04
-2.138142047341640151e-03
-3.253462056997946661e-04
-4.091153636555877604e-03
-3.011043993740081248e-03
-5.070549680870839460e-03
-1.718058330580918280e-03
-8.640893092251134000e-03
-2.564881001925645165e-03
-7.395597065614767374e-04
-1.407106075851927152e-03
3.545001614661313916e-03
2.987005134069686818e-03
-1.733963026661067275e-03
-4.669072682433106358e-03
-5.243505959565464281e-03
-7.857874649149665380e-03
1.458131579536781075e-03
3.756766387099652604e-04
1.196928958028808943e-03
-9.703071529719276000e-03
-4.130121380317985924e-03
4.423630114115617573e-03
-1.618040119920838293e-03
-2.573545879276939452e-03
-1.849542740446019629e-03
-3.810941425796410265e-03
-4.351801717669467884e-03
-5.720817605445738252e-03
5.004986132394528831e-03
8.303467381142182191e-04
-5.767648108475187385e-03
-7.588959327151090228e-03
-6.370780713088608493e-04
-3.791569135858541273e-03
-3.519171730559267353e-03
-2.367092344156995765e-03
-1.763666869705304840e-03
3.732004196283611464e-03
1.991626251163003403e-03
8.746507737420139428e-03
-1.343275069995653048e-03
-4.562076957111860231e-03
2.472338894539571896e-03
5.406794632474287710e-04
-3.995929972329004265e-03
-1.122171734165178236e-03
7.058181844465938326e-05
-1.496715095647527249e-03
