-2.171560507775449622e-03
-3.178534591825932232e-03
1.233824604935929159e-04
-4.452187597803192176e-05
8.861494678653603074e-04
7.003159074303488829e-03
-4.509880926965359471e-03
1.947565526892680587e-03
3.002064510250979090e-03
2.102695442098845291e-03
5.044048334423623103e-03
2.657593075883313283e-03
-4.000608639427305491e-03
-4.043811568263722123e-03
-6.345132675960041269e-04
3.210671833152600740e-04
-2.768425127324114499e-04
-4.506433775853802004e-04
2.413105215164357276e-04
-4.895616127334467826e-03
2.099802426352104234e-03
3.505364471099503554e-03
-1.881549505541091349e-03
-3.701414733293773018e-03
1.603831204118888465e-03
2.066851503165323400e-03
-3.733801400233049961e-04
-2.387671897856824543e-03
-8.462313526670706132e-03
-8.308309432926153093e-04
-2.044830083079429706e-03
-1.021723905584970282e-03
1.689678499228186581e-05
-2.398274956112667056e-03
-9.595047694661573701e-04
-1.662874059452756903e-03
-2.997737607822070771e-03
1.729186769493962217e-03
5.110690301392994961e-03
-2.915704286814979618e-03
-5.130432413291807769e-03
-1.524295079615489712e-03
-1.003545920726711671e-03
6.432132718857563880e-03
1.300051097082199902e-03
-1.465367649935411798e-02
-1.968797043130909863e-03
-2.410544413346094039e-03
-3.118462222044593446e-03
-1.167922656152731165e-03
2.929200690054201139e-03
-4.679145511762516918e-03
-3.507192909208201037e-03
-3.738644138063240696e-03
-3.259409019601755553e-03
2.845341603809226072e-03
-3.960714690263156257e-04
-3.169667154756528049e-03
1.112183529952903704e-03
2.440561326221502014e-03
2.427168835643089828e-03
-3.182248124554476476e-03
-2.282680272723824899e-04
6.641616231189528818e-03
9.463939307493562936e-04
1.832942679843352352e-03
-1.357205802355543334e-03
1.767677358155750333e-03
1.385278799499012337e-03
3.021489039960800760e-03
8.009055816396104532e-03
-7.945580758039638702e-03
-6.097673214842558309e-03
-7.783750944389655757e-03
-5.337727088354338179e-03
2.963421456416703847e-03
3.102258591426987344e-03
-2.647804316475821373e-03
-3.075163331308194969e-03
-3.949724711503566077e-03
-3.019628551569897290e-03
2.246975619034419225e-03
-2.978776205017297229e-03
-4.999773207227775629e-03
-5.621029397331778199e-03
-4.543670403558186521e-03
-8.616521488177264487e-04
3.239823757039905772e-03
2.147822215136097057e-03
-5.217743563086796321e-03
-6.485485868211515736e-03
-4.631694687854959191e-03
-1.098894279765061377e-03
1.980424579890782688e-03
2.383771448748794874e-03
4.392509315871317988e-03
5.532721645398641641e-03
3.894012352061326787e-03
2.567856905510867982e-03
-1.757321314816540081e-03
