-5.271091123457916083e-03
-4.994965253689698237e-03
4.471220525047003846e-03
-7.117770436414594393e-03
-1.158007894462409482e-03
-7.663303845118152324e-03
2.390309979323212985e-03
-5.598806286765234397e-03
2.069909387119261979e-03
-9.342276576348673700e-03
2.307753279683799619e-03
6.331762818794994807e-03
-1.185235423896924267e-02
-4.722055712771178193e-03
-1.255602579670944685e-03
7.269263829491778850e-03
2.825117931300580310e-03
9.287733619272042773e-04
7.027631878580020697e-04
3.799413232319137634e-03
-4.713576492623494651e-03
-2.093614953694644676e-03
3.708924713238692661e-03
1.492726155904788854e-03
-1.208972578364497785e-03
5.571091324251820076e-03
-1.843692264993701535e-03
-8.129343298450830702e-04
-8.815110430766992522e-03
7.842829756872560232e-03
1.787573581316714844e-02
1.638026708572493106e-03
1.938254462115929222e-03
-5.521913074398865362e-03
-1.075761957961773874e-03
-3.087983146798256584e-03
-1.365521379259937440e-03
6.499586601784401729e-03
-1.032190996504667169e-02
-3.628521574940313243e-03
-5.351560051583326150e-03
-3.264169502863123462e-03
2.997039935259682153e-05
-5.156162534537767073e-03
-8.928184193812693792e-04
5.092833434748644805e-03
2.933312114274833071e-03
3.964544882407605719e-03
7.456659706778001606e-03
6.170960505793132711e-03
-8.582450422899290388e-04
-4.845045413438775483e-03
6.233038745658836532e-04
-1.023956926721525384e-03
-2.396185281204332718e-03
1.006298097512048351e-02
-2.903248473516750749e-03
1.185770178486655890e-02
-3.387966759013094631e-04
-3.365746693418159019e-03
-1.596576347924416606e-02
-2.738791635628068377e-04
-7.086806748108465115e-03
1.448253379924824280e-03
-4.516271837928798050e-04
5.096351405841081927e-04
-7.876974480681697699e-04
-1.104843137092759164e-02
-8.561715332112695975e-04
-9.604633095943060361e-03
-6.296396847090379723e-03
-2.999699874645211928e-03
-7.961312943943754661e-04
-2.385443171869394696e-03
1.722217737979114816e-02
-1.064023518290435621e-02
-3.084309723032641060e-03
9.568678902214133863e-03
1.821863740392948294e-03
6.105827279491715665e-03
3.318792488096966586e-03
-7.507652894207961225e-03
-8.885484355294126502e-03
-4.592791948553220926e-03
-2.488401183279531637e-03
-2.144521162133483649e-03
-3.882784760587454365e-03
9.245714584601438801e-04
-1.374716787196028633e-03
8.724108422778820149e-03
-6.784397625792748521e-03
-2.399914707933659130e-03
-3.943435732943756378e-03
-1.150434411216649799e-03
2.364801683737538518e-03
2.119824484532295550e-03
-5.907738238396631480e-03
-7.541733598119937376e-03
-7.510621323451260878e-03
4.936142480426841672e-03
