-5.216099274204522018e-04
2.636063885911976712e-03
8.482405391283531770e-04
-1.600315012157071948e-03
-9.102033451462765434e-03
-9.165886673516032701e-03
-1.555884604363289014e-03
6.058328581525773693e-03
1.298958547350259618e-02
1.037684762309054598e-02
-3.790839152938874079e-03
-3.795341025270015933e-05
-1.060274289601459419e-02
8.932160913499576083e-04
4.380413939365612741e-03
8.023921926894383994e-03
-6.926691739805868053e-05
-6.488142291422027697e-03
-1.092969051733172492e-03
-2.814238843128480383e-04
-9.232047986056146627e-03
3.792313019837734167e-03
-1.665644293595947012e-03
-4.755388068901078569e-04
-3.876601375164878682e-03
-2.513335265921234907e-03
1.047626230840981165e-03
-6.273278463939102600e-03
-5.215618421433698693e-03
3.841276623149592062e-03
4.809750604635509852e-03
-3.213712946367963674e-03
-4.891178393036321737e-03
3.006076764630050135e-04
1.539518276457707557e-04
4.806528801911125193e-03
-2.211414832830826960e-03
2.743946650009432275e-03
-2.959587325211066045e-03
-3.555803064248963530e-03
3.193749401433354507e-03
-9.594642329407321313e-03
2.985138508423412773e-03
5.858965303151220105e-03
2.634846508409172117e-04
-1.062891131014376267e-02
7.294881999901914327e-04
-6.619666009612945601e-04
3.284213895025200891e-03
6.684338808501388840e-04
-4.196732637293809631e-03
-5.731523829522799929e-03
-7.829147903358757432e-04
3.437699788096382214e-03
1.319456514940142711e-03
1.637628794076140260e-03
1.033282942325963738e-03
-3.043302615854615034e-03
-4.481398475090325739e-03
3.826728155875702697e-05
1.488104713557869552e-03
-1.714189925453912799e-03
-5.201176598826684483e-03
-5.319149132107736655e-03
-4.295295767249296404e-04
2.105469162213324807e-03
-2.960668240216679514e-03
1.107199554675641906e-03
1.480638974822978682e-03
-5.752749739572626808e-04
-1.820028793527939115e-03
-1.917307664425105251e-03
-1.810546193195317066e-03
-3.631360226312496664e-03
-9.327114725010687835e-05
-6.505215937202546428e-05
2.955903826623584862e-04
1.763704511515640228e-03
-3.773863862660209456e-03
-9.545487568188071315e-03
-5.992850838739682828e-04
-4.830976123579855397e-03
-3.048716064066869791e-04
-5.641792697774872245e-03
-4.193032735481438955e-03
-2.039512506415874782e-03
-4.193509840215492446e-03
-2.196710671650947688e-03
5.671075731707442280e-03
8.921165636411543254e-03
2.708523143714058889e-03
5.738431333492943764e-03
-3.559842541234647939e-03
-2.241315574414981526e-03
-2.551145376451513513e-04
-2.414682084769581571e-03
-2.785927813402144793e-03
6.260599435924385503e-04
9.190339846494310905e-04
7.034881146432692134e-04
