3.036601375322467433e-04
3.162807724196747827e-03
6.008585850157399655e-03
1.133289650674051963e-03
-6.940755947637544665e-03
2.068328617851444839e-03
-4.740814191140141354e-03
1.146525478625037842e-03
9.522537749350190595e-04
8.160320231022755166e-03
7.813470694306712261e-03
-1.022906688117064533e-02
6.215838330971945602e-03
4.503242802267548583e-03
6.040881259150365779e-03
1.055818354410220650e-02
2.104299325140779331e-04
-2.913391390228947664e-03
7.925665254153391182e-03
-3.127351526330035547e-03
-3.308747426284064375e-03
7.791373554781100275e-03
4.816616829685593792e-03
-1.296103603883269617e-02
-4.714999338146230734e-03
3.808250538264945639e-03
-3.681799567089361069e-03
1.521976636212118983e-03
-3.405128979370841691e-03
1.991095920859886625e-03
1.422886892492036814e-03
1.572665103475645587e-03
4.774685469599138088e-03
-7.679793620131492027e-03
-1.563473663101055955e-03
1.331477401991354448e-03
-1.621873488656389029e-03
-5.629706268278189540e-03
7.445208316256834991e-03
2.508757856788279561e-03
-3.147012312235797360e-03
8.084201827338932667e-03
6.157970052499073255e-03
2.531733708637684543e-03
8.220982166432633242e-03
-1.133502654243279117e-03
-1.914254910286294908e-03
8.857491902911740489e-03
4.645341685458603820e-03
-2.728794690302960291e-03
4.179723611895447277e-03
8.889761579636834554e-04
-5.889724683348807055e-03
3.410027980669916303e-03
-3.013972227815520100e-03
5.939102000889429078e-03
8.338661267264235732e-04
-7.697943461026368617e-03
4.329542727440349736e-03
6.806869947704297097e-03
6.618523267412301792e-03
-1.612948239814504525e-03
6.587342637639159726e-03
-2.618409768052498698e-03
-8.284556170154666610e-03
-1.372839195299957460e-03
-5.868878176315983630e-03
-3.644587747117178367e-03
8.092299363715582672e-05
2.064810008492790061e-03
4.470847147649337217e-03
-7.635722305688541489e-03
8.334636184580412888e-04
6.758179212936421543e-03
6.248977763751772940e-03
1.005011514774323267e-02
-8.905264489616038226e-03
-1.568945295672419249e-04
-1.764826711614930765e-03
-3.530151838806117048e-03
-4.472708591489849006e-03
-7.442384221896247709e-04
-8.290734815291633808e-04
1.858700239567356860e-03
-5.259170022597348115e-03
-2.424099334728757604e-03
4.418919514275199134e-03
-5.729761801211541439e-03
3.963015470199726664e-04
-1.134307425740943565e-03
3.913422120577991770e-03
-5.095016482314917994e-05
8.123944342798838925e-03
9.558036801767588742e-03
4.456560131875786368e-03
5.042486588401340342e-04
-7.583046759399358905e-03
-1.029139226392861151e-02
-5.354277791435602118e-03
1.669769939001364278e-03
