2.019383698351973067e-03
2.116288795825482794e-03
2.634601360112953650e-03
-3.466491750111599934e-03
-3.645490437615639401e-03
-2.140341658371180955e-03
1.465991378057585059e-03
5.718700529376508079e-03
5.339216584100192620e-03
-4.252352287001270881e-03
8.313412337698222743e-04
-3.063789639043856816e-03
3.773711678768276734e-03
-5.647926341568743069e-04
-2.776635387947590239e-03
2.213744254283112056e-03
-4.344725315347686134e-03
-1.360015674151449083e-03
-4.782052803939729202e-03
-6.643422835571510809e-03
-9.565867069438738213e-04
-3.451863770515428698e-03
-6.923051505085875412e-03
-3.381922344582788398e-03
1.005124625024222951e-04
1.611710265372101603e-03
-4.415782598965467542e-05
-3.296758806706212575e-03
4.677690214496266208e-04
4.157409342748885628e-03
2.925630458436079273e-03
6.499210918257225522e-03
-1.667360383426852444e-03
-6.255541682579357499e-03
2.853962648128316459e-04
-8.860083719718137019e-03
-7.628182821615925313e-03
1.502477397333668030e-03
-1.116638173488815333e-02
5.147168605072582892e-03
2.435036123019429510e-03
3.612082563359986231e-03
3.514918852793091908e-03
1.968912735236139078e-03
-2.443852570719884376e-03
4.080859248703161413e-03
-4.701105044819464673e-03
5.455145793786808639e-03
3.540190549736754733e-04
2.814443511840236667e-03
1.041290734806299412e-03
-9.626497254633381573e-05
-5.981864255244717654e-03
8.776596114465906595e-04
-3.377715621550203551e-03
-2.599889650674924724e-03
-4.790762110071011826e-03
-1.473907762282300471e-02
-7.473503424647254256e-03
6.289386249708206478e-04
-2.228896424365189866e-03
-3.734758004044769208e-04
1.212726857627743904e-03
-5.511624876008869300e-03
-7.466440178262812033e-03
-9.335840490653946055e-03
-1.060346609129181328e-02
-1.504474965526747532e-03
5.972433878176364175e-05
-6.662725726769180845e-03
-9.197956661756934160e-03
-4.597965203377407661e-03
1.155294563931819063e-03
1.276688744185294766e-03
-1.483323741167219545e-03
3.353146260072659146e-03
1.774566403143218452e-04
-6.803031479440835305e-03
-3.848596819002070291e-03
-4.761177656997683805e-03
-4.742313945615972415e-03
4.942655835919906870e-03
1.876601784043807619e-03
4.378645185051488475e-03
1.293329506221407854e-03
-2.227566526789237500e-03
-2.240475598841440430e-03
-2.982497358128721743e-03
-5.860969340071187084e-03
-6.620355394318822029e-03
-2.599100645561458478e-03
6.479942289281837020e-03
9.885138879083266161e-04
-5.617318172653651409e-03
-3.606802742391446159e-03
-2.543982730247473789e-03
3.903931473585919854e-03
1.106305284882180828e-02
5.862898840341967954e-04
-1.393610311060777818e-03
