-1.292163717163707926e-02
-5.202308045345604981e-03
-2.717116590826629263e-03
1.356515943699454496e-03
-2.532651756127490827e-03
-3.110475341981944197e-04
4.339739057549474310e-03
2.966046626980745060e-03
-1.745054364338249897e-04
-6.064308962350661858e-03
-6.485948455470680329e-03
9.036141634574113013e-03
-4.651727034893804458e-03
-7.296919580326077792e-03
-5.982654698815759176e-03
-1.035644864709639457e-03
2.094255331497318906e-04
-4.063707842765884592e-03
-6.794215218433929948e-03
7.961691329311348930e-03
-4.335344694000320409e-03
3.424238446611660436e-03
-6.120729865929375180e-04
-5.572325928247634508e-03
-2.492056099788308998e-03
-2.501394301629100703e-03
-4.449312860448584317e-03
-5.251349460890120113e-03
-4.984777666555251230e-03
-7.934971685227942828e-03
-4.225722418019772775e-03
-1.842704242950632398e-03
3.187420086486758564e-04
-4.329198601417783010e-03
-3.195682156833523635e-03
-1.168261029036998799e-03
2.389027705236190791e-03
-3.501247267046592171e-03
-4.371239198448617636e-03
-3.298903525072005571e-03
-8.309298493800132412e-03
1.105562579892027664e-03
-6.239355986158545697e-03
8.746884921583264472e-03
2.855891751024186576e-03
1.984787142911170754e-03
-5.999080252272137592e-03
-1.031279969451293077e-03
2.910758686662351380e-03
7.684953728267496231e-04
2.348710467593106976e-03
-4.117375063665162926e-03
2.991106235578078199e-04
-1.671192310171432105e-03
2.026161777497148542e-03
-1.272398104364413918e-03
1.759077794096230996e-03
7.862048399025489687e-04
2.414088527488811309e-03
2.928941741695556544e-04
-2.846427175135057830e-03
7.372029364947074725e-04
6.465316193701942105e-03
3.952350213229927078e-03
-3.631854822270352834e-03
-4.454767517822921796e-03
2.807780501071222012e-03
-2.384577962430967091e-04
-1.364750930788694028e-03
6.293015192998852037e-03
3.280496063229332293e-05
3.985906920900395001e-03
1.753751930161251416e-03
1.634056074369283351e-03
1.466640887603953836e-03
2.075677904742279090e-03
-1.098415449769851726e-03
-3.098389377043986315e-03
1.064538570687556529e-04
1.390777168867152191e-03
6.776337759711204001e-03
-7.190631696621263558e-03
1.264411726159875293e-03
-2.065766149216163861e-03
3.806994706793798144e-03
1.488626740665077719e-03
4.213928772799802047e-03
8.814315794493654543e-03
7.583428665624225573e-03
5.074177656534506475e-03
6.522899118814984298e-03
-3.647576876448677119e-03
4.548035191319854675e-03
2.340777003361216302e-03
3.780797835057914114e-04
5.492523938773752334e-04
-2.149646873732646846e-03
-5.125395842139224278e-03
3.033311730450405364e-04
3.708261469041018721e-03
