5.440835533388144185e-03
2.667804294897102579e-03
-1.969424726265489589e-03
-2.470352926174923525e-04
2.482072747936991952e-03
4.750517061751557968e-03
1.067234103400260814e-03
1.775830438105918674e-03
-3.895099096332010902e-03
-1.484805981689540921e-03
-2.180114416394984822e-03
5.558143264693504726e-03
-3.311385589951143515e-03
-5.130875417926672455e-03
-6.468396761659556127e-03
-4.002396360478499560e-04
6.962558843945920728e-03
5.020393571925074738e-03
1.406021038169447124e-03
-3.139532525910149197e-03
-2.264473129051980393e-03
9.220100511924900211e-03
-2.982211107582566356e-03
1.758895459565534836e-03
2.598167533198858514e-03
3.835834961819051259e-03
4.142323640946021790e-03
6.257698510988785046e-03
2.728830964751627342e-03
-7.555466508963104566e-03
-3.038573869222460644e-03
-6.919100982486270368e-03
3.284492659735183118e-03
-5.717628185937240204e-04
1.806930893855196452e-03
6.180269359487788883e-03
-5.796813021076152594e-04
2.737394464597198152e-03
3.914568730961853760e-03
3.984080397334555101e-03
2.212975661691762852e-03
5.879840358399279765e-03
-5.751340577824115563e-03
4.946251544110102927e-03
6.874838557598295097e-03
5.697442188823065301e-03
-1.070292489608959396e-02
3.453746132894286447e-04
1.543720999210518308e-03
-3.201952524641837883e-03
-3.427463600907287855e-03
3.349085777737292879e-03
-1.597983260098745362e-04
-6.287957757430628902e-03
-6.882080382961119902e-03
5.549352916237704214e-03
-3.140801046882524261e-03
-1.771442442698001329e-03
-3.419068321911855612e-03
-8.718113965521023800e-03
-1.894551674292976884e-04
3.982661525553821136e-03
-1.118320016614826606e-03
-1.463004625035901896e-03
1.084281255732788551e-03
5.631546570687206987e-03
3.524200899931217990e-03
-1.539426340225746870e-03
9.923003161319554621e-04
1.713802267905628618e-03
1.728103918020584828e-03
1.113131584479010172e-03
-1.620934905919302338e-04
3.453596120319812890e-03
8.674817014111768643e-03
3.129664942826182461e-03
-5.757820037491923060e-03
-2.394211283394787060e-03
3.341383104548123484e-03
-4.149946778313484685e-03
-5.596901098121387363e-03
9.279032734348380274e-04
-3.790547827383750068e-03
3.266127164858190213e-04
3.403414344926636304e-03
-6.431731557740683058e-03
-6.165690671222190389e-03
-1.561720913183850534e-03
-3.996002417756439051e-03
-4.835127585251286497e-03
8.390254395587937175e-03
-1.461570519120991563e-03
2.641762040818229629e-03
8.930952930756852481e-04
7.661932196441179066e-03
6.731037752692015097e-03
-3.960397803629112090e-03
-1.031434166391631546e-02
-5.874556881989456691e-03
-1.101561760701530446e-03
