3.409967881361719577e-03
-4.879382013259547790e-03
5.199457859587863773e-03
8.157892891502704913e-05
5.442979086135335542e-03
1.087626101672234391e-03
-4.873431813587458805e-03
2.058048803228462731e-04
1.195609507295136709e-04
-4.109228351388050093e-03
-8.326471675770275027e-04
1.953069685051267435e-03
5.259559912544786719e-03
-3.666918249003892072e-03
1.667274531851448138e-03
-8.506528379047528787e-04
-4.230896586207455456e-03
-9.513676751981003932e-04
-3.099537118107620337e-03
-5.732414703875421402e-03
3.432647027986068800e-03
2.858692864167400316e-03
8.931773766068129561e-03
4.985195977447842708e-03
8.422313118271462784e-03
-1.956167504011840919e-03
3.714424503449609283e-03
-1.989075757788949517e-03
6.743064828103051411e-03
-7.406135966845028840e-03
4.294818763880714485e-03
4.470783902450592429e-03
-9.928404237090182605e-03
2.259709273423449183e-03
4.266875350184218263e-03
4.063927977689174575e-03
-4.119070952156134169e-03
-7.550894054157430979e-03
-2.048277167201573157e-03
-1.553101851138305456e-02
-9.204757690988163432e-04
-5.768920419863876603e-03
5.070509444547344202e-03
2.298927512799364692e-04
-3.922769902984568624e-03
-8.785135260710785765e-03
5.318678085154404656e-03
-7.527610900512682335e-03
6.933524640085564350e-03
1.027415153776689571e-03
-7.306492013099408211e-04
-2.935335438475572545e-03
-4.985112329933816255e-03
-6.320554226942665110e-03
-5.448509799557132993e-03
-5.457795642226370703e-04
-6.910990196668076457e-03
2.321001861089855289e-03
1.038894125981126848e-03
-3.619557211975932276e-03
-2.974698779608320187e-03
-1.005153765311628256e-03
3.523276355893445455e-03
-5.289467873341058279e-03
3.493855342173945999e-03
-7.921756512315192289e-03
1.651498053301336810e-03
-1.564810872049970936e-02
-8.378562081268192685e-04
4.263532646275991489e-03
5.579155362933074791e-03
-5.777401562776618427e-03
-1.869986274223078837e-03
-9.124843126872450583e-03
-7.600785246027141895e-03
3.294774963666924350e-04
9.306225068047568882e-03
3.263647103349032186e-03
-3.848160667664468626e-03
-3.176602524279981132e-03
-4.288544559369777964e-03
6.589754670321523733e-03
-6.505387745741608718e-03
5.849082401866434466e-04
-3.965794888747598002e-03
-9.610062500990945722e-04
1.466984792723780018e-03
1.050420976150046037e-03
-1.269559924251706384e-03
-9.357609114940990125e-03
-8.435147597896097693e-05
1.173598034107103949e-03
-1.127955602636188104e-02
-1.409903018892766369e-03
-5.425886714068850480e-04
4.376255629761072186e-03
-8.263051897252071676e-03
-1.798486711750535427e-03
3.845485430380879421e-03
-2.122637139244765159e-03
