3.755961482627467873e-03
8.004917708317571545e-03
3.476233753840429763e-03
-1.454846712794721775e-03
-7.347770686256027695e-03
-6.613071095234679397e-03
-2.194982963585667690e-03
2.947664365312685497e-03
-2.007367054871478373e-04
-1.756282153516419697e-03
2.708173474902375588e-04
-3.012453690602989731e-03
4.408159881486461984e-03
-5.688486662003944261e-03
-2.339891598752252833e-03
3.176462145099923085e-03
2.284251412287163774e-03
-4.732378351486099533e-03
-1.967514420515903417e-03
4.452667166994217496e-04
-6.731027900663155705e-03
5.257853764999431689e-04
5.362589100680770215e-03
-6.910012943378562866e-04
1.532677871440624173e-03
1.497618054991933789e-04
-3.418979151239565084e-04
-4.549277808179152949e-03
-2.521976552352200862e-03
4.803995779250835874e-03
5.196552945922139344e-03
-3.733979153298205844e-03
8.288313270189417992e-04
-1.166586218793619345e-03
5.170331319909959866e-03
-8.445991984069478598e-03
-6.365930058003455017e-03
-3.685833412322203628e-03
-1.318468177174725309e-02
9.588408057989994404e-04
9.198873742186641778e-04
-7.497967098645252904e-03
-4.127265793643863923e-03
7.798595960563425855e-03
1.284954507072211261e-02
9.364948583803434090e-03
-1.173311120435838184e-03
6.196417259947684109e-03
5.468147462029504524e-03
3.039144336936749902e-03
-6.102567532591307575e-03
-3.425427542363745914e-03
-7.535375280171230372e-03
-2.745206590860749252e-03
-6.226665904223160908e-04
3.591607972905030977e-03
2.468851072881750319e-03
2.596624631940658290e-03
4.841266340118832723e-03
3.063343045248023699e-03
-1.240570563899257017e-03
-1.139025314895625307e-03
-8.139533304225565757e-04
-5.260345631952212386e-04
3.643745506811235657e-03
2.298454159470608715e-03
-1.067409221518933471e-03
3.884463284916650494e-04
3.581105440336740386e-04
7.282754805717162050e-03
-5.414880321561343912e-03
-2.720539329003623941e-03
-2.018893750628913963e-03
3.340555796579880443e-03
2.225518343369259355e-03
-4.533450382936399237e-04
-5.140190719919557338e-03
-7.077017665615192854e-03
-1.219523283492174315e-04
6.129248898304018311e-03
1.653753446729799848e-03
6.833381408980376825e-03
-2.885353664958789643e-03
5.443270974460734379e-03
4.691991760970015690e-03
-3.009480479821857735e-03
-2.247427601907214800e-03
2.410284101642012899e-03
1.637109294502114842e-03
-3.848542214571093467e-03
-6.797385187937599049e-03
7.088316213670564636e-03
1.034647730636173435e-02
-2.085308816734077197e-03
-6.667110209667592713e-03
-4.834498376850127066e-03
-1.318003105745257919e-03
-3.371532116519526667e-04
-4.814328563152892038e-03
-9.079768079655603508e-03
