1.423582756010288719e-03
1.750075761467462243e-03
2.198870427105870107e-04
1.502770984993517800e-03
8.271007732421065128e-03
-2.785582805048703037e-03
-4.168053814941341528e-04
-8.771640774899114312e-03
7.664204023549836542e-03
-5.604057448352905979e-03
1.895535102382717163e-03
-4.790663605974576633e-03
4.901002359133377340e-04
8.168609137374049922e-03
-6.057129934011196148e-03
-1.495662852921797459e-03
-3.484572565178423176e-03
-6.068385931344844053e-04
-2.118637996106120802e-03
1.560109503684237175e-03
-2.608042435770729917e-03
1.788646605820654045e-02
-1.401852001931103153e-03
3.245714059885940195e-03
-5.444300537599255918e-03
6.161354813378983053e-03
1.299267379288671087e-02
-3.624855967201856544e-03
5.331244994367656531e-03
1.020449597400441277e-03
-1.476862523825395179e-03
-6.619750516460021217e-04
-2.493799107349148336e-03
-4.063116166733937717e-03
2.507875217387933731e-03
-8.351207725539322446e-03
7.017838168213330619e-03
2.458185540396340407e-03
5.989660598774482203e-03
2.866602481169988614e-03
-1.407305604072428551e-03
-2.269496418237815227e-03
1.728004753015821571e-03
-2.995022069458563863e-04
8.473423229859999850e-05
2.727416833175122513e-03
4.482390005049796677e-03
-7.344226698318245816e-03
-4.929459500273902783e-03
1.254272339186179863e-04
7.006022792750421502e-04
-2.818853174855417976e-03
-3.555748641713818436e-03
8.307203820534403427e-03
3.538886051880907324e-03
6.205911617037207506e-03
-3.585251632709507419e-05
1.203119152646581203e-02
1.363452930422504039e-02
-8.427468254578407425e-03
1.985045635930493546e-03
1.374082373158724835e-03
5.159412757012704631e-03
-2.142097543375243163e-03
-6.266899452634699941e-03
-2.102269297660219749e-03
4.673036443438860488e-03
2.551935280013184482e-03
-7.932353337692377160e-03
4.052709367621254444e-04
-4.495865222683748108e-03
-3.124941777825185341e-03
-3.645666463028218729e-03
-7.602326363565170553e-03
3.862713964506991893e-03
2.924825988043999736e-03
5.063511608054516167e-03
1.133429450940048877e-02
-8.230358429516360097e-03
-7.339950041101217515e-03
1.350749250038318916e-02
-1.002675425224375250e-02
2.637828905149075531e-03
1.020650107743725776e-02
-8.548313147986541516e-03
2.154309661239861562e-03
3.524864814166250859e-03
-2.299744942624859512e-03
5.596735384588269469e-03
9.778836741206275995e-03
-4.749844022745808303e-03
-1.317791586583405561e-03
7.904213590318343030e-03
-3.185023492142557977e-03
-4.914038149109400955e-03
-3.004761953035561817e-03
5.050129182922136195e-03
5.642004666649880207e-03
-5.256002569959394854e-03
1.943745996552226352e-03
