3.298206211895804429e-03
5.127692207320455609e-03
7.572816635180723566e-04
7.613565194011684412e-03
-3.640442486094741525e-03
2.454533226194599571e-03
-2.553600553883095259e-03
-6.513807864581333540e-03
-2.803682562632414665e-03
3.159647844213075984e-04
7.266709237785495823e-03
-7.684724001584708475e-03
-1.028284903147547169e-02
-1.217105013609387498e-03
-3.932022207060570373e-03
1.430008611380095829e-03
-4.396974992478153155e-03
-1.054977744118001937e-03
-7.533074586287602514e-03
5.787132990513255137e-03
1.198627853862488379e-03
6.454887896520267176e-03
5.751283156681163966e-03
2.083135347409004190e-03
-5.121438049164095396e-03
-4.210494682007070999e-03
-1.791157487531114256e-03
-1.182427390729379191e-03
4.518737602365874295e-04
-4.486824427349045408e-03
-1.346219912035095945e-03
4.617013579161999282e-03
-3.316962405587209339e-03
-4.041543635195599116e-03
1.908870117452443615e-03
6.542323798146121305e-03
7.055694853874472372e-03
-1.131249403969025735e-03
-4.922349263823844190e-03
5.018505790018279455e-03
-5.323947550271102003e-03
2.445190541333630563e-03
3.928688303267757753e-03
8.224882839774627641e-04
5.224874263233592053e-03
-5.779015531716447107e-03
3.813812100198377131e-03
-1.431906216839529122e-03
-4.529123064013651501e-03
-9.701110695547909835e-03
3.690398160345775835e-03
8.060113645402822158e-06
-6.003061361986805622e-03
2.306686295431403799e-03
-1.091426519513882809e-03
-2.251317739210612068e-03
-2.643381408473644001e-05
-6.757866939078427393e-03
-3.281131156264605053e-03
7.551056615189288834e-04
-4.090858353034798611e-03
-3.332476643849613396e-03
2.076439916519068341e-03
-2.829956969146008028e-03
-7.128167560245812773e-03
-2.421272373597349592e-03
-1.542677916964718676e-03
6.234620688931546972e-03
-1.422854550453434008e-03
6.770082034635027668e-04
-7.702930250945594359e-03
-5.405540381820950202e-03
4.230671839730582029e-03
9.298776412686171611e-04
4.582608175041080756e-05
-5.887939620685678221e-04
5.880303520186758170e-03
9.722027614936123996e-03
3.713963681050591603e-03
4.301167973171371450e-03
-7.047958570798318334e-04
-6.067442691791047338e-03
-1.226813697634443479e-02
5.296303701390114860e-03
1.080632827019223363e-02
5.797184382353770538e-03
-3.527306640255245540e-04
-2.029390660274854596e-03
-1.576283297791691851e-04
5.708550592036232274e-04
-3.964878299610452572e-03
2.753878138409882048e-03
3.408458070751629876e-04
4.428080984466897796e-03
4.947866488903551740e-03
4.110458418583484708e-03
-1.999907854317584111e-04
-4.732002697304227290e-03
-8.642744107244526575e-04
8.710479276599070175e-04
