-1.030341910795951055e-02
3.274041551514228487e-04
1.246215917847237620e-03
7.555706448289400967e-03
4.613197715794492559e-03
-2.765454221237417798e-04
1.975164096021608806e-03
-9.941570215232564678e-03
-2.921251461126983529e-03
9.146284218522704457e-03
-4.773849999825108270e-03
-2.973390324267133344e-03
6.692081202459454481e-03
-7.459498041866297058e-04
-2.876662438609178807e-03
3.238279680714994946e-03
-2.617500353537915991e-03
-2.703693748646762707e-03
4.663117849602271825e-03
7.420114879591710455e-03
3.276464162796144386e-03
5.763963655017301235e-03
-3.710594403174005684e-03
-1.178170489488872263e-03
3.918301421645509208e-03
6.549431572642205879e-04
-8.720533758755588671e-03
-2.323076806828416885e-03
-5.656487362689754939e-03
1.290650063709763984e-03
-6.884431383835543095e-03
-7.943503442753518939e-03
-1.651937350902854540e-03
-4.166585938133460232e-03
-3.739913995387311729e-03
-1.227588038683058436e-03
-1.701566012343169731e-03
-2.633838248476183530e-03
-2.351746327332926434e-03
-1.089212493245161895e-02
1.405514902955262713e-03
4.181100626449829605e-03
4.964531309131214876e-03
1.842802716237601501e-04
8.655962361602265176e-03
-2.304430536451795852e-03
-3.987618532392378512e-03
-5.226852079448396360e-03
-3.127109040107489690e-04
4.424929138544531071e-04
-1.496090557582263614e-04
-3.461146137802129097e-03
1.017416699499262833e-02
-1.732560889593726117e-03
-7.288227162414839810e-03
-9.649537653940054582e-03
8.418020264661763008e-03
-2.733702781648528202e-03
3.430056334212117086e-03
3.726500015262979026e-03
-2.978323585050457467e-03
-1.457980133265479594e-03
4.307248920357276134e-03
-8.723253465563463038e-04
-8.991161560326421665e-03
-7.885282947666105713e-03
3.310973989570475950e-03
-5.971897395888881022e-04
-1.132487025493500443e-02
-1.112198239794692789e-03
4.080886462574873086e-03
4.226880650689879282e-03
-2.747230845668302557e-03
6.327757951759549471e-03
-8.048003249746527032e-03
-2.960677800598277010e-03
1.624140824116326876e-03
3.009831856790379234e-03
-9.363939490270256627e-03
3.733626466613126915e-03
1.602885304425005764e-02
9.733014859908739602e-03
-4.182270680525679296e-03
5.787668671677348442e-03
-3.248619766464955205e-03
2.279567143991134692e-03
-6.961281960214060760e-03
-5.293940805303987140e-03
-7.983605291154161065e-04
-6.851106511678972666e-03
5.936889052815530476e-03
3.107320188668216687e-03
-3.413060841957360481e-03
-1.919921005696478833e-02
1.658242044866975462e-03
-2.194904573001643655e-03
6.449000612744781868e-03
1.079426665946070507e-03
5.235373910770446670e-03
-3.333413573325394452e-04
