-5.475013193048106075e-04
1.157619584765456899e-03
-3.301433882914261986e-03
-1.672353192337938665e-04
-1.367144047691337683e-03
-2.828878104728649312e-03
7.974963654389211065e-03
-3.475851163395105026e-03
1.474683412881150346e-03
1.492955701029918814e-02
4.340550508915463901e-03
1.882560836736102416e-03
-2.319516704261004314e-03
1.478232020602376906e-03
-6.871156317809323788e-03
-7.144154552163550775e-03
-7.127712703868915867e-03
-1.717206847108521117e-03
1.843837325704922314e-02
-3.273949971188572228e-03
-5.931969241074752652e-03
-9.604918456585842534e-03
-3.766061114732321968e-03
-7.442053185629737833e-03
-5.975959284060583521e-03
6.718130874662775476e-03
4.273291598736128627e-03
-2.146984127208151349e-04
-7.021872531371209369e-03
5.925339457683032052e-04
5.681311812284928209e-03
6.102206714165836487e-03
4.870148967035414778e-03
-1.051946967511596664e-02
-6.161305622077395405e-03
-8.926067996857134368e-03
3.207002107305734206e-03
1.975109871759084257e-04
-6.600606603395897665e-03
-2.540227645062675954e-03
-1.282962868156767300e-03
2.533067041690428844e-03
-8.426329416796773941e-03
2.677201478854085437e-03
-5.054870963653090854e-03
-6.351190770566006449e-04
-1.366445507530511527e-03
2.576142359632549450e-03
1.033806343338172784e-02
-2.161263819383751894e-03
1.543603861731801530e-03
-4.198617166222717856e-03
7.445680333225679348e-04
-6.452694560041383198e-03
1.365807010015429590e-03
-1.580685283122496010e-03
-1.457389501120731623e-03
-1.826373034837791565e-03
-4.204519350596847005e-04
1.352602001191360870e-03
4.860377736882748323e-04
-6.352774180380937885e-03
2.068340225771736485e-03
2.315801693621111212e-03
-4.845372818927273784e-03
-6.121049232935660278e-03
-6.711884259016032139e-03
4.764912217970374009e-03
-9.037060084195469578e-03
7.109111399729139968e-03
4.974006239673922636e-03
-9.386570932782389853e-03
-1.890493744539645249e-03
-3.084051543947863294e-03
-6.899635286690131153e-04
8.522813595746470128e-03
-5.184363624997745390e-03
-6.598088879118391148e-04
-7.393510010205162075e-04
1.435650091814011375e-03
-2.241294590829223665e-03
-4.347733096156769506e-03
6.083857977389195426e-03
-5.815495026321504390e-03
-8.037150616891919341e-04
2.909962165995150229e-03
2.595542783160875722e-03
-4.877656460267609795e-03
-8.588697168967152074e-03
-4.610997472182964962e-03
-8.459850262057533321e-03
7.143304189797028414e-03
-7.371342376974454602e-03
2.991714612137985618e-03
-2.006796331813998080e-03
9.755917677957914869e-03
8.482653178718546627e-04
-7.442021067500803611e-03
-2.657101119061033856e-03
-7.771243297850505272e-03
