-3.572806034342512760e-03
-3.397653598578020961e-04
1.127829740219965515e-03
-2.058806245864186479e-03
7.789610549547965057e-03
4.229179405961458471e-03
1.040389936954877470e-04
-2.564991154389462125e-03
1.419654674653436643e-03
8.612846559833409188e-04
-6.228539902139118567e-03
3.873624711182355185e-03
6.817888658134596547e-03
-1.859143054520950855e-03
4.098818287690209061e-03
5.573463151699042939e-04
-1.292211478932148161e-02
-1.121343483486958448e-02
-1.904392733001247784e-03
-1.452115823876831691e-03
-4.232061090064798137e-03
-2.619712483960756622e-03
-1.266494294405395848e-03
1.366908417990697622e-03
-3.009131307290080493e-03
2.198654681884737450e-03
-2.675930057708941767e-03
1.604123221298103807e-03
6.396768481179426757e-03
8.514907202982202605e-04
-1.143924211559399495e-03
-6.823212041771165026e-03
-7.016529547111072240e-03
-4.457448168500910413e-03
4.997563028265261664e-03
2.573630101967316897e-03
-6.941712591540749600e-03
-3.515711489038175763e-03
-1.315427612791664203e-02
5.340563217027805010e-04
2.903473355047037074e-03
-6.755734180049488558e-03
3.205951291285757954e-03
9.230251338779860149e-04
-7.186371601655472396e-03
-3.985167756051177790e-03
-6.090448053650443505e-03
2.659049146181646783e-03
8.918701817622443073e-03
-4.187514211920317919e-03
-1.279823757320386335e-03
-5.304976962017260433e-05
7.086297678532305078e-03
2.610912207177573663e-03
-1.463834345576398022e-04
3.815386732466063968e-03
2.937467650163672062e-04
-1.646887989013023912e-04
3.496459942603724613e-03
-1.247583062054968828e-03
-4.911615173659678035e-03
-5.701245786834063800e-03
-3.218455693997923639e-03
2.265053441999120842e-03
2.167660880983413030e-03
-1.408137102417494901e-03
-5.124776988371437803e-03
-5.040969987306076483e-03
-3.611606993239924179e-03
-9.132448996695963217e-04
-6.958578164681927802e-04
-3.873998914227905210e-03
3.784757407562233666e-04
4.320671026289746308e-03
1.098177828361801556e-02
1.055562559734257722e-02
6.633717094989277641e-04
-4.715249502080021138e-03
-2.948378690161179705e-03
-4.691821701827469937e-03
1.377382334638688199e-03
-3.446878483436721652e-03
2.502194469997442994e-03
2.815787716139439567e-04
1.808060985346915395e-03
1.464860442394355644e-03
-1.176431851225623326e-03
6.999552154924870706e-04
6.093228693352492620e-03
6.020363346261103921e-03
-1.078925657656104597e-03
4.070592993985044927e-03
-3.999713319759901076e-03
-2.765347313748001135e-03
3.764782339909622522e-03
2.978828793984922285e-03
-2.637297646053138322e-04
1.478190673043222603e-03
2.390062653243596458e-03
-7.726314901558284376e-04
