1.089524224017346388e-02
5.749045236957406324e-03
-8.122129989983850606e-03
-1.989489711918035475e-03
4.505701264664319083e-04
-4.599323256212484168e-04
-7.287419856910726246e-03
1.122555524349921896e-04
-3.017225889388575055e-03
2.195250868736620120e-03
2.322637383367243125e-03
2.723040142600496871e-03
4.674201573811154198e-03
1.482025362521510736e-03
-4.118099239772909925e-03
-5.405722817726665852e-03
4.359351533200217510e-03
6.634343169770628990e-03
5.160789311852154171e-04
8.802498272040715221e-03
-7.841610967577405944e-03
-2.769853085474949239e-03
-1.594281489125770612e-03
-5.389058009428127072e-03
-3.786735131202423332e-03
4.211256712161048910e-04
3.953783436985158772e-04
-2.522080334508958188e-03
-6.049255108222073574e-03
2.409454374045050251e-03
-9.002275513739776969e-04
-5.102914167503747045e-03
-6.673450452019502599e-03
-2.425607107731653223e-03
-8.552546590451126640e-03
6.003213933369444533e-03
5.398630512728930242e-03
-5.398681816473072104e-04
4.191068709938461367e-03
-8.482316686764246327e-04
-3.888313682159916240e-04
-1.068556823462440963e-02
-8.322525189197960138e-03
2.979976317795007823e-03
-5.133671350515567333e-03
6.848805580246031255e-03
3.391732507462608126e-03
-2.979951534635372212e-03
-2.192805140206699477e-03
-1.804636550105653825e-04
-2.517222417919295907e-05
4.622777610092554390e-03
8.230381666198827162e-04
-1.171341774681367021e-03
-1.006919953256690814e-02
7.076380665985704255e-04
9.744962899831399739e-04
-3.591620640598924830e-03
2.628928922498774412e-03
-2.061433970834358753e-03
-3.020654001055000926e-03
5.407908898671820452e-03
4.270605208743560866e-03
1.812101621806117002e-03
4.807286492358398000e-03
-2.532932672995258372e-03
9.612739882323140250e-04
1.223282332555308827e-03
2.608162600181818114e-03
-7.003076234317839877e-03
-1.444053109289966663e-03
2.134599309069229456e-03
5.053176293690397891e-03
-2.836738815069961284e-03
-5.373472000776313706e-03
-3.438873645648099497e-03
1.014596834375103285e-03
3.561431017726768289e-03
1.794241006573771280e-03
-2.636887954385880306e-04
-4.711117452130597627e-03
-7.388130018063154836e-03
7.999745416490400274e-04
-1.984606471325478516e-03
5.190524419720010663e-03
6.544456418723365587e-04
-7.010457346947274182e-03
-5.592410889417864794e-03
4.722652925540637980e-04
7.436903765629665486e-04
-2.030402167176981187e-03
8.044484805291851615e-04
-1.360355198740670346e-03
1.376468044581358185e-03
4.320770717662125726e-03
4.393258417618284284e-03
2.729852227634221862e-03
1.414599906804592244e-03
-1.072158980883863855e-03
-9.461132021470919362e-03
