-8.948222030222163781e-03
-8.866107551716462254e-03
-6.937403487652926692e-03
-6.995651790712265061e-03
8.047601690687633536e-03
5.650275884435118634e-03
2.399653070089269313e-03
5.187741593782435601e-03
-4.072825600975216176e-03
-3.472697299702343088e-04
-6.560721516356338157e-03
-5.005655911574091732e-04
9.406385811280282283e-04
4.580959416182084354e-03
3.688596385540088285e-03
-6.515754310165378094e-03
3.042436143632643031e-03
-2.008471474713724447e-03
-3.038672398275377162e-03
-3.782028441636886562e-03
-3.114269396834457027e-04
-7.898176834556513981e-04
2.873536319481950763e-03
2.162894264351677975e-03
-1.102468033732151298e-03
-9.006245982398297656e-03
2.222690543893124371e-03
1.916264373603593363e-03
-3.062910717074318612e-04
-4.431538857096684048e-03
1.372380938588269039e-03
-2.604019983954541928e-03
9.584366357077933607e-03
-6.906234520064558069e-03
1.963887782454598607e-03
-2.132031097419218035e-03
-2.822155852360896944e-03
-2.805593729918287593e-03
-4.196769682949130775e-03
-6.618894821786902583e-03
-1.850970354003611540e-03
2.160674745800950092e-03
-1.179912534527094436e-03
2.355060115790119646e-03
1.390824520201894288e-03
-5.051158876667738440e-04
7.862888095155895485e-03
-7.581860726034728160e-04
-6.657468749286077347e-03
1.418082125752340161e-03
-5.923613147656325850e-03
1.052064293374832538e-02
-4.461457317460504335e-03
-8.694077566696600812e-04
-6.720189402062093365e-03
-1.357412822312276113e-03
9.744447334395500704e-04
5.173694788374705311e-03
-1.114539760354249509e-02
-6.086797330935422856e-03
-5.081166030607375816e-03
-8.162525847449253469e-03
-4.115970537193924805e-03
-3.907965036307525786e-03
-2.707560630842653637e-03
-7.337047812832064864e-04
-4.355911529092426626e-03
7.217380199383338635e-03
-1.870357012605627922e-03
3.224546187104104789e-03
1.568287056215922348e-03
-6.510956024981529033e-03
8.021056306169560557e-03
-6.773010028010562067e-03
6.697464168794464712e-03
1.384659305673885399e-03
4.984064046500091827e-03
-6.190294433543575003e-03
-1.333069772082473570e-02
-2.380625035112604593e-03
1.182827935348518267e-03
-1.044126933022249126e-03
-1.997679911867056290e-04
-5.687642876418430582e-03
-3.443402426197672561e-03
-1.349366223020731503e-03
1.739520280952033815e-03
5.970074095540400805e-04
-9.154793983419451386e-03
1.911400215375946843e-02
5.998493951607786201e-03
-1.787859231421329298e-04
-1.983284286236619565e-04
1.853284930707355116e-04
1.233599530914053499e-02
1.643589110440046852e-03
1.841578908950647353e-03
1.164917439227752816e-03
-2.224724799905319905e-03
5.131114569102535050e-03
