1.581963041895728672e-03
5.309003738252937588e-03
-2.324362145514347056e-03
6.275896603645803040e-04
2.857017228036329293e-03
-2.151952102281917689e-03
6.203381485337167156e-03
-3.357732896211773621e-03
-5.969866582919092224e-03
-1.518931543912283022e-02
4.058849153438015556e-03
-2.189648622235917941e-03
5.278199692854146363e-04
7.341084637803030333e-04
1.243964010313347579e-03
2.098478805166448247e-03
6.889748561051178832e-03
1.820974087105242667e-03
-9.595210508782536785e-03
1.899000546023321689e-03
-3.599819694569683648e-04
-1.122443619609558851e-03
-5.165750445114247746e-03
-3.931994395502513839e-03
2.708561604716996918e-03
1.125265233092420658e-03
1.148341964897436895e-03
4.331515488594228636e-03
-4.742743329609888647e-04
-5.964961958296544076e-03
7.195160894810648244e-04
2.468439118225917994e-03
-1.948898870029580621e-03
-7.613631456987235424e-03
-7.225425867165680138e-03
-8.073611964526272722e-03
9.182083662596318696e-03
-4.090892736043794109e-03
3.172107797504319926e-03
3.036542914630846468e-03
1.393156776086312831e-03
-2.378455442183291524e-03
-6.037072255636322105e-03
-1.204709515942381515e-02
4.276304193713498236e-03
1.484690321195847318e-02
-5.345407317929540270e-03
-3.975736740123303470e-03
-7.902450038856589920e-03
5.115684600215275601e-03
3.288586850158092822e-03
5.194458525179190822e-03
-5.286768514614292869e-03
7.813839263581812133e-04
-5.683671490644304214e-03
-4.834265871867526876e-03
-1.333959502272441533e-03
2.208577189309224309e-03
-1.740952462827793923e-03
-3.154453865147011093e-03
-2.159007002444757184e-03
7.087769093288009969e-04
-1.182832645967413221e-03
4.274345305873561429e-04
1.226400101975611001e-02
1.074396384725873066e-02
1.825666178029483611e-03
2.393343220837618190e-03
-3.335909996979080638e-03
-2.698292424625825525e-03
7.017443980662174674e-03
3.878290710934151342e-03
2.100201322985495445e-03
-5.101813610747574224e-03
4.291891486620791341e-03
1.518201433563737268e-03
-2.230018904039510197e-03
7.311474754159164036e-03
1.027212395194165850e-02
2.299127479883145142e-03
4.949097658608403449e-03
-1.387619951412011332e-03
9.004201527806454664e-03
4.208514548854624948e-03
-1.317286223169178427e-03
1.539453673227497710e-03
3.091283000299926975e-03
8.336783269263792207e-04
-2.694399082335596773e-03
-5.603007588940278616e-03
-3.536489765515460348e-03
-3.918416311563088783e-03
-4.006716723161440896e-03
-1.402212624108556405e-03
3.136724697205162116e-03
7.827040745168156732e-03
4.776365851270281127e-03
-4.721045519082034403e-03
-7.333933675216619541e-03
7.114838465757888919e-03
