6.083319884635507435e-04
1.821929319667514591e-03
9.577196093382367437e-03
-3.244230035075568175e-03
4.084106820626987044e-03
-5.998145853599590183e-03
-1.334851419129490235e-02
-4.387133973180246116e-03
3.471065797816752507e-03
1.728769693252529827e-03
4.910821242166130141e-03
1.405695001303941538e-03
-6.551282894195931128e-03
-4.610934873747529750e-03
6.173228119583540341e-03
3.142526498258746415e-03
-4.992938917574352153e-03
3.685868193377794810e-03
-1.054253307123276251e-03
1.212761676231410846e-03
4.566211891475879803e-03
3.535417992735157000e-03
3.187495251603333912e-03
-7.541398493996487318e-04
-3.936919986983644648e-03
-1.353697267738263044e-03
2.695072702860179525e-03
-2.668776485566737300e-03
-5.734267791008718085e-03
-3.133733090746049221e-03
-4.232865703153287917e-03
-7.578621396065798876e-03
-4.535753893139538029e-03
8.452594236464161526e-03
-1.263141462683026184e-03
1.642971057706832383e-03
-6.179815517278086645e-03
4.534145672917100356e-03
-2.065146173948484432e-03
-4.881248407477278839e-03
-2.767379689298965495e-03
1.720835169579881807e-03
-3.948050498393418373e-03
-1.930868403758001506e-03
-5.448191844081851087e-04
2.515391918117670933e-03
3.527763299200348257e-04
-5.213539574880687866e-03
-1.375524854311249712e-04
-8.097333855418775705e-03
2.891433384631825199e-03
8.277772901136848382e-03
-1.413891162369673715e-03
-5.867433739278005156e-03
-2.062213154197078957e-03
9.330395657561552092e-03
8.897212514270780304e-03
1.175219866009702407e-02
6.193478656742912314e-03
1.725256249768158945e-03
9.044585728364085142e-03
7.201121888387174153e-03
-3.791224102601686852e-04
4.449122800358806806e-03
5.653710376558152007e-03
-2.028806034463648267e-03
-1.433834167665182235e-03
1.303564301079807031e-03
2.660004269877669358e-04
1.519366637582342250e-03
7.923392196950707067e-03
4.431846514727166841e-03
3.576242019166731012e-03
-1.342057335608659585e-03
5.532033265832625446e-04
1.875328676304577336e-03
9.604640095999261717e-04
1.025849425970837281e-03
2.803100555819892925e-03
5.216513282295665022e-03
4.729407968275145535e-03
8.084606310656439199e-03
2.765041286912905960e-04
-5.575636557872298837e-03
5.776967334830684919e-04
5.825758858715390787e-03
6.869680555554591450e-04
-3.034314357704182008e-03
-2.718794770149135509e-03
-4.684552008276110513e-03
1.192116263281972621e-03
-1.560992948070549780e-03
-7.741275106630363112e-03
2.469211282797756368e-03
3.238981635443560769e-03
1.865082440526744101e-03
4.119581690096296711e-04
-4.273620918568421523e-03
-8.744913805783238736e-03
-2.908825084021904317e-03
