2.577360915883231129e-03
-2.667021459498042368e-03
-1.009594046475315032e-02
-1.386314386691789302e-03
1.054756234565634720e-03
7.330766156965040636e-03
4.187868042190290296e-03
-1.540379933888669228e-04
-2.762334112684339260e-03
-4.270692642493467694e-03
-5.521458062023976154e-03
-4.215129751694579596e-04
-1.750259650371233100e-03
-5.229137711157627599e-03
7.902030111046620675e-04
8.891049192172872928e-03
-3.400333590669157857e-03
5.993116821380595205e-03
6.858938326806396368e-03
3.105464742861774319e-03
-1.775765438687293418e-03
-9.747880981588297189e-03
9.366439210889421219e-04
-4.678904506505432437e-06
1.852702221984081632e-03
-6.487512279506058022e-04
-3.910992824434633697e-03
-4.396894180586641276e-03
1.893883724418676806e-03
-6.192159440027156236e-03
-4.951575142455699741e-03
-3.001145705324614887e-03
-4.183244723908630114e-03
1.516961631101709784e-04
-4.348521188517251446e-03
-3.304629648525958530e-03
7.257436982339160458e-03
3.515814506132808326e-03
-9.632236250458614535e-04
-2.319443792144326721e-03
-6.278777515053568514e-03
-9.991262279309243155e-03
-1.792757948127388090e-03
1.247394027252934912e-03
-2.746100270591411707e-03
-1.466021009021156729e-04
1.824390066861747428e-03
-9.444264677571201361e-03
4.541664053130722856e-03
-7.559031630289370085e-03
-4.881882410739390998e-03
-4.448387082536808812e-03
4.952315259243111889e-03
-3.709055724753218541e-03
1.165780415992911934e-03
2.753073201915645640e-03
3.294762024351971519e-03
-9.135564602167356441e-04
1.390728738737800896e-03
-1.867151192161520257e-03
2.876351261498211187e-04
-5.361430639873043802e-04
-3.897565889443121989e-03
-1.615598936234641236e-03
2.569183332568059086e-04
5.846238237931844495e-03
2.315221508158993302e-04
-1.271906096832531308e-02
-2.662378647000918086e-03
-1.298199386662646226e-02
1.354211914394332084e-03
4.502201339331990404e-03
8.938016448080010612e-03
6.743497481392801696e-03
5.404355597887322560e-03
2.882258689224093118e-04
-4.663320675439286411e-03
-4.220894080662285219e-03
-5.250892026207432117e-03
-1.026079497606824376e-02
-4.164944617335297750e-03
5.124607472569708833e-04
4.019511240227369164e-03
3.911328518262480181e-03
1.200757427173293479e-04
-4.384103304971742610e-03
1.399771055031528988e-03
3.302939769086798982e-03
2.065787124090334714e-04
5.323136723189514363e-03
4.417901966925374957e-03
1.555100401575582048e-03
7.018860895616763074e-04
4.318996675233388594e-03
2.503155921798061456e-04
-1.940661410685939892e-03
2.036453799301063405e-03
6.345924624428844751e-03
6.458130487790203489e-03
4.770265131637141387e-03
