-9.943949255650896824e-03
-2.471823716172272256e-03
1.476463194529653578e-03
1.013977808719257467e-04
7.515456644488827109e-03
-1.603448349907110604e-03
-2.011817224867429310e-03
-3.638927871901564970e-03
5.260396970632741365e-03
6.637230168917263029e-03
-8.431989959604146989e-04
-5.510113652190229416e-03
-1.345477240854653367e-03
-5.476786620951079598e-03
6.321782956375310292e-03
-8.209174959532328231e-03
-6.561044402698001932e-03
-6.028406911012695879e-03
9.320564001669473519e-03
6.229834830378089272e-03
-3.566939384793688106e-04
4.250215815046698431e-03
1.908196702800069033e-03
-1.828694132677810558e-02
5.764257940297223826e-04
-3.116480191270198929e-03
-1.320826386136619846e-03
2.542222215784928352e-03
-5.506218911553451001e-03
-2.608151992968377186e-03
9.818451716195886192e-03
4.006781493003153116e-03
5.875477069721468659e-03
9.228346781122720444e-04
5.880912471751931214e-03
3.633844497606397717e-03
9.492133557491122531e-03
3.876604490891111254e-03
5.170155301054357722e-03
6.471896696118584202e-04
-8.544407375567386609e-03
-7.416231798732519920e-04
2.650442942852659911e-03
4.767650878927276459e-03
8.751207162244978299e-03
-6.906243752993201923e-03
-9.354636439466545994e-03
-6.443863687019546482e-03
-3.871624634070536253e-03
-3.768760613856336761e-03
1.173373389407261769e-03
-4.678353385433764444e-03
-1.047661509145103587e-02
-1.017075757958618709e-05
-5.130454287549435222e-03
-2.898828446032730710e-03
-4.263634014794237537e-03
2.805340875218109709e-03
-2.857098993182982660e-03
-6.557293213864001657e-03
-4.827754052677435403e-03
-3.117889173093191246e-04
-2.969366295322850569e-03
-2.285847930432294284e-03
3.057854624390898834e-04
1.438607270214387057e-03
-4.955849853961913354e-03
-1.541680182512950026e-02
-6.013937221116094634e-03
-1.997745757117086463e-03
-9.171553956571876220e-03
-5.016913007056533758e-04
-4.476794283913565486e-03
-4.258790600656925385e-03
-1.528560030707559747e-03
-4.678058965401632463e-04
9.751755033927667071e-04
1.386340012530018484e-03
-1.152135576231694269e-02
-3.145125619575472875e-03
-2.613431750166594902e-03
-2.962086903651961478e-03
-5.590299287323352573e-03
3.002970907414970192e-03
-2.610582658699400760e-03
4.371784321488214609e-03
1.274527821373050429e-03
3.391085853593822641e-03
-1.504970565460173049e-03
-1.796069327257288073e-03
8.937512721315377107e-04
8.773601595524427310e-03
-1.929120202377565541e-03
-2.792491687974019143e-04
6.649871637163462523e-03
-8.798331597696940065e-04
6.763071267166020917e-03
-6.160954155556508383e-03
-6.404712330898454375e-03
-5.256069636349058882e-04
