3.939422464357744680e-03
9.155715632492844591e-04
-9.112184483084373454e-03
-3.294312662162401928e-03
-5.959007368189772613e-03
-6.344711510058331783e-03
2.948423331049387919e-03
-1.657562555612557276e-04
-1.498543934512874820e-03
-1.515574637212413478e-03
9.333489963362695541e-03
-3.973262729394910764e-03
-4.017236463794815471e-03
-6.333679476250075879e-03
-2.031950240379942763e-03
4.743226854774684753e-03
-3.624420682629914126e-03
2.147358755134942676e-03
1.019067559222208708e-03
-1.642466744472659279e-03
5.559429177218744300e-04
4.007759888506101653e-03
1.576016909983546377e-03
-1.273123128509467961e-03
-7.383542713706114924e-03
2.605673664139107615e-03
8.086226930693718451e-03
-6.867931529326409823e-03
-4.898153793556847546e-03
1.450539889212731914e-03
-3.330439649760208454e-03
3.234224598786306082e-03
-9.300646130413592338e-03
-6.517356795027073879e-03
-6.859407913113457766e-03
-5.210026027868464027e-03
1.453314719581544345e-03
1.922403138222228414e-03
-1.241597242754410857e-03
-4.520715356046034472e-03
3.352056112223555928e-03
4.418958560978070160e-03
-3.407823442851731777e-03
-9.228664452093138237e-03
7.241202982599004301e-03
-1.844071556609261364e-04
5.705410746821293344e-04
-1.462022982986921349e-03
-1.799994689288819671e-05
3.718363966597526549e-03
1.064061858302600694e-02
5.725610386092983006e-03
1.911654781994176489e-05
-3.692909859905224579e-03
8.478593493600361519e-03
3.170649308538275868e-03
-1.926009996308097882e-04
-2.431278715725793127e-03
1.429077956927926607e-03
-2.769106076665805993e-03
-4.728590246210528925e-03
-2.285719919100648312e-03
-4.575709590080356826e-03
-4.221503707231732960e-03
1.625914494151503575e-03
-4.559303720940155458e-04
-5.705900452763756903e-03
1.767523966251127732e-03
1.183714817188363799e-02
4.828682448794086035e-03
-1.982616600742725943e-03
4.425144414688664263e-03
5.131986360675799830e-04
6.290961974893094499e-03
-1.094946874530267067e-04
-4.738419790930148423e-03
-6.012142552618837676e-03
-6.374314654668089553e-03
-4.192832260723755589e-03
-3.943309336810640886e-03
-3.652740977932777966e-03
-7.228216044583457567e-03
-4.165501993176778939e-03
-2.939202770705362511e-03
4.748688041957715988e-03
3.044373758034679689e-03
-1.961352647872227628e-03
-5.754483077329730634e-03
-1.339902536595438676e-03
1.044478567968032401e-02
-1.239274347734298232e-03
-2.908294345001061210e-03
-4.270412911406729073e-03
-4.366926508808988139e-03
-1.077468075913579071e-03
-5.774750895888303148e-04
-1.419152827838110476e-03
1.173171234119085860e-03
4.329086662454129097e-03
-4.833765966749226095e-03
