3.076070225837779226e-03
1.280975055847433097e-02
-1.309449546909036144e-03
3.491409571246495425e-03
-4.763336156020425705e-03
3.136482075559721139e-03
4.544745909398351102e-04
-1.655525640895993966e-03
2.586738129439658529e-03
2.623928845503331608e-03
-2.868163232064624424e-03
-2.260313006472558506e-03
-2.789841734572751086e-03
2.337129657290604179e-03
8.300771567225972980e-03
8.894384776871433473e-03
-6.289001916159997485e-03
3.809062443868360681e-03
1.515712675888791772e-03
6.470205077168666996e-03
-8.534704891589584008e-04
1.895220490129467805e-03
2.679491122239419099e-04
1.648832754357121289e-03
1.589607580047347479e-02
8.810200304252724379e-03
1.792760164191831151e-03
1.213478816706192731e-02
-8.036662756446988354e-03
7.034852109518707763e-04
6.699111497793119874e-03
3.953816486908290351e-03
1.141712362658298119e-02
-6.953210275841836818e-03
-5.653499907945280789e-03
4.905388801999865933e-03
3.469419948615493077e-03
2.195937212289056362e-03
1.044075299916702448e-02
-2.748194705732620591e-03
-2.019274421123706809e-03
8.501964287941921050e-03
2.976722357007632880e-04
-3.353595339001924636e-03
4.661654979812857036e-04
5.472882083695451705e-03
-9.762511348232472130e-04
-7.923680703178059836e-03
-3.647142621303833820e-03
-7.607260419433048426e-03
-5.266660465770733879e-03
-2.326819960926984621e-03
5.571470205723461078e-03
-1.986998911051474082e-03
-7.526478508068645823e-05
-1.002154560392731764e-02
-1.070759949008737166e-03
9.079073512692881209e-03
1.121163200321373399e-02
-1.909291036473081959e-03
-5.041030166166304838e-04
-5.853569947374293037e-03
8.184409383464763543e-03
-9.443912447759772455e-03
-1.191267310121091327e-04
-2.479743130583744737e-03
4.767158056328657523e-03
-1.395875426494885829e-03
1.299713034565419534e-02
3.547979884519047999e-03
1.010655786025438374e-03
-1.646368333567904685e-03
8.186456625184690417e-03
-2.695953032732290033e-03
-8.345302774523943867e-04
1.700325210223563310e-03
8.128356261636771052e-03
-3.607275016678679336e-03
-2.823788159452722546e-03
-2.063092634609242637e-03
4.202064755725931633e-03
5.811252859767135348e-03
9.854334852360868702e-03
-8.684896665257513249e-04
-6.331877926373463694e-03
-8.989851027176420928e-03
-2.800019959836252958e-03
-4.887937460019697866e-04
-6.405023865528214344e-03
-4.681096980098664595e-03
1.990161424614833585e-03
-9.516135831433625292e-03
5.963137744556479269e-03
-1.172802137790063259e-02
-2.246456380912031925e-03
1.860251514370081516e-03
1.316034595457371559e-03
8.770287808483878678e-04
-1.673728000582852538e-03
-1.355123792600165800e-03
