2.598220599614009529e-03
-6.054935163325780856e-03
-2.319205944577018563e-03
-1.323883711620732484e-03
-3.623430576769615108e-03
-8.457595274391493945e-05
-4.879934320409118342e-03
-9.131371209333272176e-04
8.652696240365020941e-03
5.939040330523281952e-03
4.116972782736150194e-03
-1.747725792209053886e-03
-9.621347304375915677e-03
-9.638671847104207657e-04
-6.337956599169580763e-03
-9.382762705221092681e-03
-3.659487649190662495e-03
3.293334594198671361e-03
-3.778102445403108689e-03
5.464094397864993624e-03
-2.673426457613370388e-04
-5.971078702654564196e-04
-3.750345899928286819e-03
-1.105152400724507267e-03
6.509362324494283314e-03
5.419081634120526125e-03
3.142523721809897808e-03
3.543881633099710271e-03
-1.304762875743437078e-03
-1.195413113996512955e-03
1.623440241253049088e-03
-3.993451792841384851e-03
3.933143537374839127e-03
3.580424695842077121e-03
-8.099553749095766975e-04
5.327925240713460298e-04
-9.880502874291985371e-03
-2.473060833734552766e-03
-3.382028036094442136e-03
4.487210804769881101e-03
-4.216772163861737255e-03
2.923839428232710702e-03
5.634349406307137542e-04
-3.247324948886354257e-03
-1.088347930531929908e-02
1.045618604030540411e-02
-1.568893326220122120e-03
6.248442115487362614e-04
-4.968040798303263728e-05
-6.433541055881786264e-03
-1.543194644782475144e-03
-4.160484626575811085e-03
2.071825673214955366e-03
3.112498346620751200e-03
2.343291453370421884e-03
-4.003690251906388831e-03
3.604267675057948317e-03
1.166989401490181599e-03
2.538051031510279998e-03
1.301384333889488154e-03
5.290278008531767995e-04
4.822718662553793223e-04
-1.739952255320087460e-03
-2.632398600073471151e-03
1.464799403739669437e-03
6.031563551150309621e-03
2.524810211842476448e-04
3.452795979897338441e-03
3.293921461443582999e-03
1.153952636530508613e-03
3.459407557696136948e-03
5.305925697744018343e-03
8.025977970464559519e-03
-4.500550847251760800e-04
-4.761110749106345352e-03
-1.013810470081089044e-03
-3.063355592697214469e-03
-5.809725265167875463e-03
-2.300807472948585009e-03
-4.332324460985303993e-03
1.883806721500902448e-03
9.059703400527974182e-04
6.253093113463004116e-04
8.258412966448802628e-03
1.045757898283938836e-02
4.344336628904321707e-03
3.122404796615851907e-03
3.820837881670202663e-03
3.732191192149181269e-03
5.172254342348026057e-03
-8.839902157098400437e-04
5.948962494258136502e-03
9.833585506131670151e-03
-4.212520837780564520e-03
-1.346534373748653479e-03
-4.444242617014482200e-03
-6.290013828283536057e-03
1.948219809229545518e-03
1.835550875858960040e-03
-1.547807584776683676e-03
