4.381436437264074613e-03
-6.681870416207824626e-03
-7.970018309000348466e-05
7.248574410563812798e-03
4.203723732582709260e-03
-2.561230350501042530e-03
6.750300465690139973e-03
5.281060072099164060e-03
-1.076873837552838609e-03
-4.277555404796240524e-03
1.177280796005375496e-02
1.189501100084422447e-03
4.119830367556143180e-03
-7.301777720218782797e-03
4.614339483739793302e-03
-4.430043737400080062e-04
-2.810120361173895631e-03
-8.561414471363049117e-04
-9.557237064482304589e-03
1.700268257768811075e-03
-7.372197160023352680e-03
-1.951554128119203924e-03
1.986771428478473211e-03
-2.722219642310341747e-03
1.882200442346382285e-02
2.345278478919077259e-04
-6.422822635193781160e-03
-3.132644828246933244e-03
-2.429695107477036764e-03
1.707812957072785132e-03
-1.041309058386619135e-03
1.441350215159342696e-03
-1.314672239742931126e-02
-4.072444759250615220e-03
5.502637475106375575e-03
3.668764563243831489e-04
-1.788033188833693110e-03
-3.918877474168969144e-03
-2.646910656818990404e-03
-1.371170950158417945e-02
-1.332706110656056708e-03
-1.420951616227128511e-03
-1.746937431861383949e-03
-8.841817211981184421e-03
-1.820060251316091282e-03
-5.527360383464019478e-03
3.524712666808316186e-03
1.165110458350371303e-02
4.103842893736109332e-03
-3.894028946548333536e-03
-1.269736761996120844e-02
-1.551877365408738108e-03
-2.621399492404474785e-03
8.806695603122971505e-03
1.857571687380654701e-03
-1.049783214528865471e-03
-9.184711975894765956e-04
6.318415472311933456e-03
-2.029915461387976627e-03
-9.951234483231985450e-04
-5.123399506283599081e-03
-2.921824565729647105e-03
-1.263858126669881177e-02
1.286437612822322052e-03
-1.002467731590417355e-02
-8.477764777875429481e-03
4.523748794753146285e-03
-5.896752377555047886e-03
1.781430105067149938e-03
-2.330848997272871870e-04
-3.904925288649829795e-03
-5.293005707950215744e-03
-1.920176456112754337e-04
-9.869127710382064045e-03
-3.383584384275661883e-03
-8.811678803768430157e-04
2.517640845138613415e-03
-3.735602818120131730e-04
-3.323078065528117797e-03
-2.081426033666899933e-03
-4.191151040966123453e-03
4.957155081741770886e-03
-5.989823097455548861e-03
7.945472909232087488e-04
-1.029349194064832496e-03
-2.138179107311177773e-03
-4.391652235166465523e-03
3.635470544974817031e-03
3.852527023176621768e-03
1.259882097244258148e-04
-5.433495612395367047e-03
-9.149858788659703812e-03
2.366964783384606363e-03
-2.276597371628441557e-03
4.335858145798621166e-05
2.292961437395546476e-03
-9.429035919501282947e-03
8.347778369735436854e-03
-1.846376638316993279e-04
2.295084233882582758e-03
