4.528087868383767756e-03
3.214738874550704395e-04
2.172720367149438836e-03
-4.099016974487890153e-03
-7.194598924503692317e-04
8.650764614316464041e-03
5.677173553026326758e-03
-5.606320540694542665e-03
3.422870547367451444e-03
9.356764793404526159e-04
6.921568189946936123e-03
2.276532745640880151e-04
-9.703053289684682170e-04
1.629463097453820453e-03
1.537245185799007707e-03
-4.356964555656483995e-03
-7.177760198149085724e-03
-1.892189415514167194e-03
-8.363380440473355826e-03
-8.276833834669594658e-03
1.476298705427980806e-03
9.795865889629107315e-04
7.675209034393559726e-03
-1.179755532454918043e-02
4.223634335014159191e-03
-1.406929157767355942e-02
-3.957010102293434528e-04
-5.406261623508434866e-03
1.479639216987571615e-03
5.382997102513331633e-03
-1.390280789498354874e-02
-6.004682526121740693e-04
8.214145982444742700e-03
6.224664904294074930e-04
-3.043359196434058944e-04
1.498972334705972465e-03
-8.876251375871335725e-03
-1.664968474177519475e-03
2.501495174708323610e-03
3.685179790301917890e-03
-4.953090937296567020e-03
-1.973577460201436651e-03
-3.509447350009686772e-04
6.508457314265303495e-03
3.107258550825275911e-03
-2.933253564852966733e-03
-5.156029848521259673e-03
1.223092585100671315e-03
-2.989185618472056660e-03
1.047800959158684542e-02
3.674070950700270011e-03
-3.035488543886355473e-03
-7.973302656341885175e-03
-7.659651125562993990e-03
-7.278938599802664555e-03
-3.872899066035717652e-03
-1.390756900766121351e-02
1.677526344554536308e-03
-3.611378543560084253e-03
7.440107200682111177e-03
1.287540986499635665e-03
-3.308080195602913776e-03
-8.678598096414025242e-03
-2.550349666620377320e-03
-3.342254024945812141e-03
6.329104138785290878e-03
8.532485005237289144e-03
-4.415534098276219233e-03
-2.450306644352306940e-03
2.789511925855081564e-03
3.990955408056162668e-03
-8.309653446256892728e-03
1.056818954422666934e-03
3.568753153195824979e-04
-2.334283150579152810e-03
-1.474364145263362680e-03
-2.261206052757258611e-03
-7.404868392368868513e-04
-4.296104728664373873e-03
5.602693819458326452e-03
4.303118535687211477e-03
3.592268051061942025e-03
5.028677628081679174e-03
-2.681093945997248262e-03
1.612506003325631099e-04
-4.419184324557234866e-03
5.726276867560331496e-04
6.649686403181753747e-04
1.997502774396253677e-03
-1.784982469185047993e-02
-5.685232910480508828e-03
3.819745234692639713e-03
-1.317276930646316124e-03
-1.650334684734966473e-03
-3.404610232571436690e-03
7.027794811924059637e-03
5.629399735831763785e-03
7.244754992301372098e-03
3.167416723345639618e-03
2.398744920718121065e-03
