4.289866253368357363e-03
-3.918900314613282809e-03
6.341489686875201315e-04
-1.539949200875612156e-02
1.368475309832417608e-03
-1.828902250173625177e-03
-7.768449282673173251e-03
-5.139535771916059481e-03
2.514241056496557825e-03
-4.926906860568291968e-03
1.187176814907209277e-03
1.651082609217757735e-03
-2.548450256386836088e-03
1.071443334879684794e-02
-5.770894829641770585e-03
-3.249222564362108656e-03
4.662472545468698826e-03
1.924914497717700179e-03
2.728740287631703509e-03
-5.139788151225954671e-03
9.257211209605542557e-03
7.595209084413134804e-03
-8.953694570317582979e-03
-3.376361324072263415e-04
-6.525189248014928722e-03
8.020337494400897604e-03
6.842096973139422111e-03
-9.430721574584355338e-03
-3.491706861467047673e-04
-1.819683268406646626e-03
3.290301024160946497e-03
4.843796464668592705e-03
3.880652505023673982e-03
2.802478691997789539e-04
-7.542183512094791098e-04
-2.468516746918725246e-03
1.262677294008507367e-02
-3.362903922371374144e-03
2.247664447483699313e-03
-1.541466697922766471e-03
-3.454402434863723670e-04
4.216884435757739524e-03
7.188610897085223606e-03
2.802219150643714407e-03
-2.640327181817503366e-03
-6.228311104314210311e-03
-4.184390554717198896e-03
5.630661681392812312e-04
2.335546367306373661e-03
-2.651145203933058525e-03
-5.054665043361383781e-04
-6.120043160940391580e-03
-2.091632166516421698e-03
-1.129931933685823786e-03
-6.784444467214600927e-03
4.994412882950660659e-03
2.050308789404708953e-03
6.900695219319463725e-03
3.166979276451042935e-03
1.834597416933592129e-03
-6.731171384713685590e-03
-8.475828012532438116e-03
4.884499762028093883e-03
-3.345899181881328843e-04
-2.650990663000118985e-04
-4.120462971132443641e-03
-1.240296736272017419e-03
-6.793882766521375238e-03
4.422616691267866607e-03
8.151358614774451006e-03
5.730669117359310505e-03
-5.709273772019241022e-03
-4.490475810012828362e-04
-1.298736662469490710e-04
3.916160018103576057e-03
1.231260523936450468e-02
3.823289752485692361e-03
-4.648581111962646339e-03
1.365721228630878414e-03
-7.584336578538852791e-03
-4.288558377615991901e-03
2.908861865775769218e-04
-1.020833191494385783e-02
-1.583163384414110197e-03
4.911471694484914607e-03
-2.224530371925048655e-03
7.757543482450057759e-03
1.394721114253638650e-02
-5.087482250264452333e-04
-9.902488308341061973e-03
-8.521000690614011219e-03
-1.362673265343672391e-03
-2.860869935744414505e-03
7.130242532603747740e-03
1.059530740147018868e-02
1.903892672882046000e-04
-1.180958374948026801e-03
3.548746601483410146e-03
6.110624370891937218e-05
5.288345303228192407e-04
