1.251389798108126783e-04
-1.343912205761244039e-03
3.420852126538864724e-04
-5.977125581161146783e-03
-3.432038564007422465e-03
3.383634348176678408e-03
2.490332928132277246e-04
5.986378317543894489e-03
-1.805695043118560328e-03
9.873830412788775490e-04
1.075869829756492813e-03
-4.863371216487277771e-03
-4.238193386373989568e-03
-1.099096985280101357e-03
6.595389848458310667e-03
4.627263166895323465e-04
-8.952696493810807787e-03
-7.166853232062342371e-04
3.473742526060474844e-03
7.233908507029540580e-03
-4.435950494255047616e-03
-1.627161741778682114e-03
2.232406712477597033e-03
-8.914037907390537363e-03
3.913819240028204582e-03
1.043104320305410226e-02
-1.111868110420299871e-03
-2.354267170099122453e-03
-6.403444116271139741e-03
3.338823983854988242e-04
2.365704467367280017e-03
1.178990820253056349e-02
-1.357586993890835814e-02
1.757738196966895927e-03
-4.894247581792354751e-03
1.042825515748202481e-02
4.291587214753866952e-03
-7.996244606932045862e-03
6.761590120288873962e-04
-5.229098657769992720e-03
-3.810049916707747286e-03
7.933285331951367425e-04
4.347234883923412063e-03
6.923791140598933858e-03
-1.144380810466094633e-02
-1.822065911171732999e-03
1.370080441217780276e-03
1.070201579933538483e-04
1.164843880558308342e-02
3.966418255633041845e-03
-1.702780877445053687e-02
1.596394310216298074e-03
-8.331724768534276571e-03
-2.429366287891143728e-03
1.478319377662185019e-03
6.903427022809660585e-04
1.354224966369721450e-03
-2.183572784590026572e-03
-7.659188972592989586e-04
4.013813416815836810e-03
1.381899123327534618e-03
2.654835423351653567e-03
1.013105465664798643e-04
4.797198719933448707e-03
-6.542788134944022005e-03
2.906749376723971601e-03
-3.231995227545025884e-04
8.255490162751843997e-04
-1.529324576754476084e-06
-5.342341332815747634e-04
7.567205047254610406e-03
3.036676223028389465e-03
8.021117013984557786e-03
3.434130544252012029e-04
-6.702359731000084864e-03
-1.224971517953787892e-02
-9.856028854328124922e-04
-8.839313623080768956e-03
-7.153481883075407666e-04
-7.349479517380963500e-03
-3.770019687763359606e-03
-3.146855033559270431e-03
9.431743747714271819e-04
1.238545108801780703e-02
8.070838683486014631e-03
8.729310113857913223e-03
4.467817497872950128e-04
6.043922352663266828e-03
3.234023707168187656e-03
1.938316367452452837e-04
1.170731104890820884e-02
-2.866184242634961521e-03
-2.760965538904147643e-03
1.334398312428097810e-04
9.192587816145958435e-03
-1.435224643661836552e-02
6.481259932628491427e-03
-7.395283973357646978e-03
-2.113216299789555386e-03
-2.848557300890064425e-03
