-2.731905951498525553e-03
9.463709011412801964e-03
9.030872645177101532e-04
-5.153753067677846467e-03
-3.776294499200361088e-04
3.374577154354185815e-03
-4.079170866191250688e-03
-7.200736008637464991e-03
-4.815896948372810904e-03
-6.930700473174233878e-03
-7.633429162775540178e-04
-7.943171770681822785e-03
-5.552093858498308165e-03
2.702649883099983441e-03
3.625698860238668608e-03
-5.158352688264811192e-04
-4.859144597647246933e-03
1.383893062110175265e-03
7.189108724491299895e-03
1.039533165882566834e-03
2.301104708268497667e-03
-2.189497162643272432e-03
-6.436354896435014794e-03
-3.630821177715515269e-03
2.458300153776793451e-03
9.645624349853831880e-03
-1.037076781270296344e-03
-1.972852608307706923e-03
1.648926945420625678e-03
3.470860389935603862e-03
-9.068296563030653346e-05
-5.659271886218730785e-03
-9.848268213558108997e-04
-1.358568082553968104e-03
2.197253084957884184e-03
1.942488707877387810e-03
1.695143330532222770e-03
-1.458372167887911353e-03
5.742588556066907657e-04
-7.386465917692541794e-04
-4.277794593839034931e-03
2.709907968005964563e-03
-7.962782125117251475e-03
-9.795803677154713007e-03
1.754994785014396541e-03
-7.078184249158847585e-03
-1.249618142020403333e-03
1.903613225459732661e-03
1.201698197046174865e-02
-1.674842938501175382e-03
2.662993976939032059e-03
-1.511994992355103484e-03
-1.169024269488949663e-03
1.788474000672057862e-03
-1.886279612787977733e-03
-8.731560786220393666e-03
-3.450451773032714442e-04
-6.228468716562574059e-03
-7.669234467570507086e-03
-3.462004068255919442e-03
1.941482456117138433e-03
2.528113061131431749e-03
1.851230613219123633e-03
-2.145394795290300749e-03
-1.000354090057997691e-02
-5.028279987070449764e-03
2.795746019349509837e-04
-4.070483769959776232e-03
-5.195881472074503904e-03
-3.881013318579595861e-04
5.295530992191821440e-03
1.236591705060197111e-02
1.255329291428131100e-03
-1.588883029191801022e-03
-2.795837185572858097e-03
2.614001377130970027e-03
2.037292027642578773e-03
-4.037554250560626556e-03
-3.082334943891096302e-03
-1.321993796872478200e-03
1.877986824448174552e-03
3.824378123923333206e-03
-4.249777110856056694e-03
-6.030147786254547171e-04
1.877787117804396999e-03
-7.177488196574710599e-04
-2.646597913018244874e-03
2.154937415543844992e-04
2.699624107603826317e-03
-1.736622315670066641e-04
6.052254379654842253e-04
-5.047769614902275492e-03
-3.894966426298163142e-03
-3.376993801097571968e-03
-1.638561474714861355e-03
1.580366748394679277e-03
-4.861879145448000372e-04
-4.649042026145355777e-03
-3.293575869365295006e-04
-1.735462691272449121e-03
