1.899423882515849371e-03
1.010092038478083154e-02
-3.667447054566341791e-03
-6.085685700575327317e-03
7.573370298881720863e-03
1.608198864543330942e-03
6.529973054706705859e-03
-3.418361658273028070e-03
-1.384512441504837099e-03
1.025601392213637553e-03
5.335011384809296153e-03
-1.343138201741478355e-04
-2.201114899119782642e-03
7.649423233606955641e-03
4.988297575728051214e-03
-3.628976991678634079e-04
3.852619725476014167e-03
5.879742981629521026e-03
1.982835725060749787e-03
-1.127006097575911081e-02
-8.436974711677480698e-04
5.467451898580555358e-03
2.117034221797986504e-04
2.100977272018189623e-04
3.087793683890227570e-03
4.426688207078699477e-03
-3.656146143510285995e-03
1.975026036049931655e-03
1.420951621909249951e-02
-1.831611121415943622e-03
-1.511740817464701792e-02
1.539356453520324131e-03
-1.760369429924524276e-03
3.782241619945447830e-03
1.262008169751083209e-03
3.039104148587767895e-04
8.560499707152335880e-03
-5.978810715693616551e-03
1.923489195960526033e-03
8.380974965150889133e-04
2.335059578735809716e-03
-1.667131903421936734e-03
1.653575651858640860e-03
-8.039234396139183225e-03
1.535619098579354969e-04
5.384168774542619218e-03
-2.352263412433552858e-03
-4.079825253484381520e-03
-4.548073368000893346e-03
-6.794721960691862961e-03
-5.444572007642478617e-03
2.778516033653422035e-03
8.620515872790668332e-03
-1.266742007055565722e-03
-8.272062648426725673e-03
-2.116083468498564102e-04
1.407358926731605564e-04
-1.991635933067836817e-03
-8.725848721606865865e-04
-3.948849109808416635e-03
-3.653674366929982043e-03
-2.229207817367129252e-03
4.590464029152196979e-03
3.677349936326068658e-03
8.083925498572064328e-03
3.143956612636999992e-03
-8.070122021890835384e-03
9.588929993776806882e-04
3.374373521275120247e-03
-1.049159491466555849e-02
4.734634958280525829e-03
-1.548941418875626752e-03
-2.536917860736509489e-03
7.433890705139667432e-04
3.113392328717101698e-03
9.450189801887498575e-03
-3.187741154312639935e-03
-8.717353846234732195e-03
-3.013284563732177013e-03
-1.078895200271379196e-03
-2.852275858185038260e-04
5.336559874558943761e-03
-6.680983138163232304e-03
1.113944484372408894e-03
-3.442134938485108542e-03
-1.470598941654466252e-03
-6.410886404044968678e-03
-5.054959204798703531e-03
3.790071812240003446e-03
2.277912331719811334e-03
-7.516104581669957874e-03
-9.782893400949954632e-03
-7.851314875766512991e-03
4.221514938539394635e-03
6.845594841833335664e-04
-2.224873277487549039e-03
-7.368802682058750442e-03
-1.639135948617420624e-03
8.584189455190682772e-03
-7.645541961647239759e-04
