2.616437360802414958e-03
7.472882069964215113e-03
-6.605763927394980861e-03
9.057191087179172762e-03
-4.576701021506424105e-03
5.692474637873923271e-03
7.946300027171782077e-04
-7.404540290023575722e-05
2.959959837364523061e-03
6.027780357836798331e-04
-2.480528315235819292e-03
-2.718771126601238208e-03
-5.347852542662456798e-03
6.700913896864113539e-03
-3.020934275090314536e-03
-8.832709515997017036e-03
-4.070712530179765309e-03
-1.797212806172399091e-03
-5.789894071218881777e-03
-6.426629154673291211e-03
1.428805613504779970e-03
1.488725404474089409e-03
-8.588326033666660031e-03
-4.191922891173871513e-03
-6.767978176861366713e-03
8.639240953757454378e-03
-1.182126037568431709e-02
3.331211086751162398e-04
-3.207920944267028673e-03
-3.351375834812486687e-04
-5.281844834611693074e-03
1.116932353715349713e-03
-9.940862176788245463e-03
-1.071928757604756477e-03
-1.292705999739174327e-02
-4.303118521140736341e-03
3.962505022399698262e-03
-1.222261925642487146e-02
-1.416335066525720165e-03
9.090192435175947772e-03
5.569671982175616876e-03
4.216899338872481806e-03
1.461468631301143795e-03
-1.310243921859188809e-03
4.176229898764427517e-03
-4.189902230865127919e-03
6.709358407035015404e-03
3.399623394535922216e-03
-1.213933011710910392e-02
5.351664418256074640e-04
-6.555868103768069943e-03
-5.015589154145905226e-03
4.570524029767542018e-03
3.758392643715358084e-03
-3.368845324822400400e-03
-4.222564442057930023e-03
3.308700385748930550e-03
-3.242414379707736494e-03
5.840231692840758271e-04
-5.144846844119532747e-04
-8.167606998039644850e-03
1.311720021628270949e-03
1.047100313513293912e-03
-2.104663808500051303e-03
4.465504235611872375e-03
-3.947821741918766669e-03
-8.207822589258007007e-03
3.211881910429426057e-03
-6.386675415057663230e-04
2.913087785143431141e-03
3.667103668720028686e-03
-2.989811901860095489e-04
-4.021473565876898526e-03
8.715454306348013880e-03
5.247055670053790699e-03
-1.360916901976905180e-02
-1.311636728002130159e-02
6.104296009959542246e-03
1.365020511407732950e-02
4.526671822823291613e-03
5.548933605258543622e-03
-1.199134973415838523e-03
-1.604018655195771359e-04
2.788376777811074625e-03
-3.698916729526713354e-03
6.585109366715191648e-03
-3.183273418055132531e-03
-4.623133952388336354e-04
1.221245893630484858e-03
1.237769423990564555e-03
2.132512504225636540e-03
-5.685303295062671403e-03
6.801107916971860234e-03
-1.305369676401380019e-03
4.692656099555714277e-03
1.460584286778199292e-03
2.333688528764144010e-03
-5.465475804557917705e-03
6.885896204484320826e-03
-2.468423022553789536e-03
