4.381436437264074613e-03
-4.113343906929634031e-03
-1.410985061847336297e-03
6.420337537447196041e-03
-9.917002607592317887e-04
6.477185877216018461e-03
2.064857687680277110e-03
-2.981340380072139418e-03
7.105247287494509401e-03
2.089285868535961654e-03
3.605061263626252455e-03
-5.527150778765643757e-03
3.039383792108441007e-03
-1.450182415264400504e-03
-1.794751733813937378e-03
-6.467892945745457034e-03
-9.707971149304217562e-04
-6.001855138911382781e-03
-2.366073968843473985e-03
1.980161128182333918e-03
7.989749079329033776e-05
1.517476034137998919e-02
-1.479567312172691551e-03
-5.329531027681522204e-03
-2.832454337680867518e-03
-4.664372558127460877e-04
2.735453348385874506e-04
4.466047640316883616e-04
-8.192944455855943886e-03
-6.853211110643853132e-03
2.831048131376356913e-03
1.667983190222765977e-03
-1.398216634947768711e-03
-3.598663347890274089e-03
-2.818396391405797452e-03
-1.236261820115336363e-02
-2.086182285989335305e-03
-1.416312878326220215e-03
-1.730205624700276168e-03
-8.480723431484871178e-03
-1.829599970022410815e-03
-5.504771219099202639e-03
3.400728667227514990e-03
1.141802168187378008e-02
4.428568899931928371e-03
-3.855164461354809724e-03
-1.247665415579501946e-02
-2.127056677889815894e-03
-2.532214329071913461e-03
8.161664495233700301e-03
2.479382542919017496e-03
-6.835378134010250406e-04
-9.398887930346377928e-04
5.186679243114000748e-03
-4.322336587244679507e-04
-1.244963255270570279e-03
-3.919372389498798626e-03
-3.588629270066867605e-03
-9.321261169830785676e-03
-4.250311207611767728e-03
-4.849082613345934156e-03
-9.281451609222890475e-03
-2.738740886294666055e-03
2.990136981976254660e-04
-3.318024730775359643e-03
1.253575525082317732e-03
-9.687991647168159304e-04
-4.141907646964093637e-03
-4.836639167367762226e-03
-3.289671304245178618e-04
-9.171787275541798401e-03
-4.060949304187211339e-03
-1.343607521304912567e-03
1.575358392846837319e-03
6.963536078322674072e-04
-1.961239420385840759e-03
-2.737850310298051149e-03
-2.933633581048811223e-03
-1.409940642117413212e-03
2.763160567297529013e-03
-5.320968286089300392e-03
7.066829541486630006e-04
-9.182187467863256458e-04
-1.950971730458439524e-03
-3.757794039860429258e-03
7.596318137186308661e-04
3.754534919231278245e-03
2.246158970919509557e-03
-1.599240524949308018e-03
-6.137940076035297565e-03
-8.366637288838685294e-03
2.359611534019312451e-03
-1.689800519612205676e-03
-5.437702368390473495e-04
1.432022224151396905e-03
-3.732128781602006562e-03
-2.160255686310286194e-03
6.004233286706850414e-03
1.507460937546500901e-04
2.295084233882582758e-03
