3.939422464357744680e-03
1.754770794670790224e-06
-1.140812061388507548e-02
-3.793325893635679513e-03
-1.992413081340127512e-03
-7.151103407640690968e-03
-9.549067146996659261e-03
7.291758713837914740e-03
-1.259749721817526869e-03
5.754439091179008869e-04
-2.337703102326171845e-03
-1.444805661243164785e-03
1.003004169599130968e-02
-4.295258415017433329e-03
-2.202944293690833888e-03
-7.943060908911725448e-03
-4.192779111562350280e-03
-6.456699457013659327e-05
7.339248159589861764e-03
-6.975145542905680784e-03
3.704458595094162199e-03
8.090734604453420076e-04
-1.646624364387450079e-03
-7.737022873566257175e-05
4.603688387152304884e-03
1.606652523622464912e-03
1.489181540719197727e-03
-6.685184176995484506e-03
-8.300726592283647065e-03
1.435754386739995780e-02
2.458193431913446858e-03
-1.298158184887721056e-02
-8.174088619893327134e-04
2.429762233394083815e-03
-5.496730948515660131e-03
6.082408905013769740e-03
-1.254196417212993797e-02
-5.501106920584364346e-03
-7.060662517697768870e-03
-4.963304162457271573e-03
1.816232177673904324e-03
1.927492708448941272e-03
-1.384447173618852389e-03
-4.664705460450169205e-03
3.341778784966331628e-03
4.433031808095955206e-03
-3.481494335124346584e-03
-9.361963804963679969e-03
7.947133070355216766e-03
-1.998908907697716231e-04
5.887675591930152663e-04
-1.566909534208460464e-03
1.110650556004344480e-04
3.911137696885780279e-03
1.125278777915716955e-02
4.980002910225822532e-03
-9.147157577257258865e-04
-4.189713013936446906e-03
1.142328460720853922e-02
6.214534476650657169e-04
-5.181014394253224964e-04
-3.235214854239387705e-03
3.771818916650460096e-03
-6.981845144896192679e-03
-2.866329361701280831e-03
-1.668851911062807503e-03
-8.179210681219961643e-03
1.452146769152617978e-03
1.961704514791384746e-03
-7.042818068479728133e-03
-5.484444863661508407e-04
1.258381275627051821e-02
4.950469888127306817e-03
-2.466878136106354091e-03
5.182222726592966566e-03
-5.134887540672039563e-04
8.818154310263670581e-03
-5.201038549118019994e-03
-4.348533572932522517e-03
-7.855990832354553532e-03
-4.218156030437625326e-03
-4.135888260949571738e-03
-3.200047713516451786e-03
-7.413910107098353741e-03
-3.972974384640837187e-03
-2.735177416385625726e-03
7.619942691534431489e-03
5.469791624779229977e-04
-4.002543040652617456e-03
-8.041382672377750396e-03
1.321818547578756942e-02
-1.109645944797121864e-03
-2.901621741010718125e-03
-4.462676752947092318e-03
-4.334596401315504721e-03
9.293219443166078619e-04
-1.990080523800452639e-03
-5.971941274055536653e-04
5.814708211716701491e-03
-4.833765966749226095e-03
