3.078966058061238797e-03
-1.994234320483190270e-02
-2.665634222307589063e-03
-2.766995760407509053e-03
-2.077676304578446320e-03
1.938649541283643529e-03
3.943118881241325369e-03
1.084378845580880046e-03
8.475422416734934572e-04
-2.712901806231848845e-03
-7.621066602477077900e-03
8.691641087519852427e-03
2.574401601354248115e-03
-4.857286409079009104e-04
-2.750040382546448114e-03
9.434932143909002811e-03
-1.112809208612386414e-02
-1.104752357154381581e-02
2.149005520905689082e-03
6.172454593000864520e-07
-5.417774680964049239e-03
3.005339952043550866e-04
-9.557902895772518725e-03
5.850483863857447453e-03
-5.496750808950956468e-03
-8.566335152303539147e-04
-1.987663734722922015e-03
-1.440588526153741000e-02
-3.661190204454101149e-03
-6.283755655523637351e-03
7.192617620088714858e-05
-1.483434567352370781e-02
8.947334535878148642e-04
-1.216448539383518934e-03
-5.371232003317460979e-03
1.065183343286923989e-02
1.455429800560004150e-02
4.060753955812734795e-03
1.599816171464985004e-03
-9.003567584056737516e-03
4.276403920290494653e-03
-7.212061402389058351e-03
-3.484616740440427129e-03
-1.169851390655840540e-03
-2.637877550382916603e-03
8.384536792671370975e-03
-1.880955109101911660e-03
5.504013069641544575e-03
-1.589155128837282938e-03
4.426460379169716575e-03
-1.716259178781820438e-03
9.262335159867185475e-03
2.450003122957289392e-03
-4.239202997901148073e-03
9.390570992789948335e-04
-8.392543471450908399e-03
-6.767590129992950843e-03
6.054834204072601089e-03
-3.468563610132036068e-03
4.344661169207841844e-03
7.196138107361527148e-04
5.581528223604914629e-03
2.578613453636635633e-03
-6.246704295311711341e-03
-2.608124682234924663e-03
1.267371453858623376e-02
5.598499665160350247e-04
2.605960554017516806e-03
9.300838911878717141e-03
-1.277272589253053425e-02
-2.812291843160563687e-03
-1.240172123087313061e-02
-5.016952168505617315e-03
-1.015245793836938581e-03
-2.097550754893484637e-03
1.032589632720504191e-02
6.558176460814690856e-04
5.621290400413370136e-03
-4.124618951721226168e-03
2.041607441643500387e-03
5.778552411596082905e-04
1.619112600076533237e-02
5.427523421772217915e-03
-2.739139673282320331e-03
-2.826677811139766128e-03
-1.033089881529991594e-02
3.475418474550573400e-03
-2.441704511115472265e-03
-3.917289442903704177e-03
-1.698516185125509281e-03
-9.779307283994675970e-03
4.383750152331500338e-03
-2.237303182388017397e-03
-6.116452197687749504e-03
-2.576611263277017727e-03
-1.596638704219377480e-02
-7.483689941951032765e-03
6.990687640803239233e-04
1.315023989597485787e-03
-7.960866705412072974e-04
