5.562276325548731748e-03
6.936253661919189462e-03
-1.369673228011636379e-02
7.353072129057669493e-03
1.188856195959120399e-02
1.467261057243041122e-04
2.122504461098628781e-03
1.484155523594710147e-03
3.591148329053384103e-03
-6.900708312976067127e-03
1.310023109201141622e-03
2.585743329898471110e-03
-4.889676967236633587e-03
4.807881969035476821e-03
1.974085390440971643e-03
4.301460781830690472e-03
5.029540918583541576e-03
4.317599650232040176e-04
6.826038669111578194e-03
2.911882882883798374e-03
4.746595644222861843e-03
-5.729669165115414131e-04
5.616220234120894439e-03
3.137998997359003894e-03
-6.823473153150794168e-03
-7.343169832266238650e-03
-9.036322698485754756e-04
5.599633691428129723e-03
-1.558696988517049853e-02
4.423315041422903882e-03
5.378122550812713953e-03
2.557961968648547746e-03
4.444185208657303043e-03
2.343028655950263328e-03
6.255668196280428361e-03
1.005716388864019706e-02
-8.362833134901714871e-04
1.270637245693873041e-04
1.566346567429877101e-02
5.657517360150410290e-03
6.630911126350946816e-03
-9.620537211476598571e-04
-4.401881702269738739e-03
-6.505548218588619314e-03
5.094183453718814647e-03
1.666829392026114576e-03
-1.827454580750509372e-03
1.702494264729115248e-02
4.864842257591983632e-03
5.678166488485292263e-04
5.006860593856021779e-03
3.839429047631126579e-03
1.103400193445180921e-02
5.461331299727034683e-03
6.089449087770537616e-04
-6.701575190467545795e-04
7.543047783137968310e-03
-4.426751862404598725e-03
-1.253897249888447085e-03
6.865408028600250567e-03
2.593091314472717457e-03
2.766209893945714704e-03
-4.000670148965324024e-03
8.238344588514801003e-04
-6.596989939205988307e-04
1.782561452604802810e-03
1.643967411820823621e-03
7.420564427269127350e-03
-3.619610338938872296e-03
7.034895483311598419e-03
-2.148667038318508027e-03
7.304185655170658542e-03
-3.271803004666118397e-03
9.974763833006994318e-03
-7.805008967705751033e-03
1.290053152833969818e-02
4.176353129786702922e-04
-9.161368649305279277e-04
6.117204438056966787e-03
2.069103392026372390e-03
-3.449666802723960757e-05
3.404202561018365714e-03
8.416677726902355161e-04
-1.408072251652403573e-03
-1.353501035312509870e-03
-3.253988088132153678e-03
-1.198101825801045628e-03
-5.901490505475281978e-03
-7.451662198090236444e-04
-5.140412173313957389e-03
-5.093904811698246604e-04
-2.061284495282533769e-03
5.322229871145389701e-03
5.789450289224951085e-03
7.487131228984922338e-03
6.404673901810320480e-03
2.042641200162842452e-03
8.389682384322805220e-03
1.173504523757307183e-03
-3.594306520150580830e-03
