3.851305379247271787e-03
-1.045753036157459626e-02
-7.039997314175372445e-03
-1.844997870432685261e-04
-4.651973885511972995e-03
-3.294745158786693828e-03
1.709978352493535247e-03
-4.392380659336003745e-04
-1.220134946157358513e-03
3.318722330493129036e-04
-8.561086882222013195e-03
-1.466622586531296513e-03
-5.789126789048637534e-04
5.706485768813940318e-03
7.904636344716609031e-04
7.539142641356244567e-04
-3.293552267471078210e-03
-5.712566704070276558e-03
-8.772523677904264794e-03
4.139893947778361394e-03
3.572817075555678734e-03
-2.856747692051797571e-03
2.983036305581832082e-03
1.419203291521564658e-03
-3.457252298151858305e-03
3.183463439222489200e-04
-1.499621655984939572e-03
2.048571617838668146e-03
-6.785115225729221322e-04
-1.636795464514673171e-04
1.151628735371668100e-03
4.464203641921793420e-03
3.635514873870926422e-04
3.987264479964558461e-03
7.596621209170151268e-03
7.980448511616056173e-03
-4.599146675112630867e-03
-7.245344689247090741e-03
9.796283420946960696e-03
5.027417679558277008e-03
6.595923929647584671e-03
1.662257832387159517e-03
-8.131996926586948504e-04
-1.598784560024379964e-03
4.590574665678248678e-04
1.735351507276661209e-03
5.327818999597111471e-03
3.176050743863845227e-04
-2.461242997847334912e-03
-2.634966670703287051e-03
4.667548349030048449e-03
-5.732277248558070859e-03
4.367881124915928837e-03
-7.006352756927403114e-03
2.808872092411429655e-03
7.551094131542646082e-04
5.472915735172945162e-03
3.675291094940691394e-03
1.734098792393057309e-03
-2.029655959060794324e-03
-1.039140140780547839e-03
-1.724674602109788069e-03
-6.125979284895666233e-03
-2.713784473243885387e-04
5.225386375020346641e-03
-2.140805564100123348e-03
-6.013170038621229452e-04
-1.523501971470109240e-03
-7.161090596508823403e-03
8.569065434570921624e-03
-2.951297602117319840e-03
7.222690822160315882e-03
-3.835290879213415494e-03
-2.479387729954596331e-03
-7.481838495693393654e-03
-4.863517769461922491e-03
-2.047879700267762892e-03
-2.475947422589830360e-03
5.948285907650951998e-04
-5.655739270034043642e-04
1.820957792653010721e-03
3.756975067550905045e-03
5.392392113518940100e-03
-1.531636614890530268e-03
-5.114386461996245359e-04
-4.276135224387633826e-03
-1.229721981151898902e-04
3.250337232162392453e-03
1.194687749411782463e-03
2.229878538356877549e-03
-8.274128951144543720e-04
-4.330136069304213464e-03
-4.075066123466974943e-03
5.367190986683700871e-03
-1.144201704817437992e-03
4.125699571689844802e-04
6.903651897859242048e-03
4.648515693990828979e-03
3.668371953216009729e-04
-2.805704967339783806e-03
