1.076505033677899181e-02
6.285389882761949210e-03
2.444968320837626052e-03
-6.932397908023912869e-03
-1.632645639111218738e-02
-1.774176507288816040e-02
-8.864692075689739603e-03
-1.527530630801909872e-03
3.138520489211815701e-03
1.367777876574538531e-02
7.656771224130443088e-04
-5.756298923456415473e-03
-3.857526718681114630e-03
9.327016027588341807e-03
1.137862930643140924e-02
7.575860628422859122e-03
2.251430260414744033e-03
3.238422832198217804e-03
-5.095592052784869708e-03
-3.217747910061352634e-03
-8.325127954069588831e-03
-3.393979278564329682e-03
2.696114994096943107e-03
2.259012432032969642e-03
-1.834723214288347393e-03
3.744342850514059684e-03
-5.530321242858016184e-03
-9.350504442046103648e-04
4.273586443468424534e-04
1.855023297712143915e-04
1.603678976313305249e-03
-1.597392432335364987e-04
-5.398544480275102586e-04
2.393374291221106454e-03
2.672604052376015282e-03
-3.405231038445033498e-03
-3.964120124134162815e-03
-4.415820431184491746e-03
-5.942988728839804224e-03
8.105338914089155189e-03
2.092238438033300341e-03
8.721353694190803196e-03
1.241541216470132269e-04
3.467468908475601630e-03
6.957355284420652097e-03
-1.173516614683123294e-05
2.902823384449915167e-03
-5.581846656230737835e-03
2.535283938362886680e-03
-7.880649812462503512e-03
5.673555527165752288e-03
-3.370072744556473765e-03
-3.095841686076017396e-04
-3.561260199498872403e-03
1.242912970220944047e-03
-2.156776944038263366e-03
-6.527544368442494971e-03
-8.571729029240193753e-03
-8.136030549510397947e-04
-4.875285541918406018e-03
8.468330127958667575e-04
-4.468082797856043342e-04
-4.705691811981771444e-03
3.980018827678843962e-03
-5.666501837022663857e-03
2.515706522412064494e-03
5.591679024121609665e-03
1.200671076029502515e-03
7.235750629637993647e-03
-3.505498427809450313e-03
2.885234716566431601e-04
-2.068862730230880409e-03
2.698910908302099010e-03
2.672537027574639623e-03
5.778444291753115358e-03
-1.955731013288830589e-03
4.731281214636839927e-03
-1.231410234014740368e-03
-1.003079855560606859e-02
2.641881557859604435e-03
4.944626823044973030e-03
-1.899478338938109800e-03
1.205366703257548799e-03
2.997579027403274310e-03
-1.696586302161517956e-03
-1.226964135278529877e-02
-1.962377982123619802e-03
7.636786228647940433e-03
-4.061382124492918244e-03
-2.821896283052849341e-03
-6.894320596731118300e-03
9.212217373018027899e-04
1.135930984007937905e-02
2.094790845056926365e-03
-1.344008056511014626e-02
2.347445338528930669e-03
2.903156987364985397e-03
-7.630510386715694260e-03
-6.888614428855466265e-03
1.072217192767499494e-02
