-1.258488260901913236e-03
-4.003240972718091761e-03
-5.578224583193458486e-03
-5.770731174671528407e-03
1.886353903066684268e-03
8.642810536714229386e-04
-8.533312995188335748e-03
1.375159203683251619e-03
1.730652238189689385e-03
-3.702321637559902179e-03
7.363599161122058590e-03
4.264879173910940402e-03
-2.821671566090477867e-03
3.019128314114660760e-03
-5.696624683055540039e-03
-2.095464496721821668e-03
-6.401639264236869131e-03
-3.620227759364436082e-03
-2.621995006756638880e-03
-6.858265477268421506e-03
-4.780971165660008459e-03
8.771974657258208019e-03
5.399271834163998918e-03
7.054783827435961996e-04
1.104595636653793456e-02
-4.537283701266936475e-05
1.016388491490438639e-04
7.024827572076342008e-03
-1.048189331231075272e-03
-6.418758664719081963e-03
-5.707474184416194696e-03
-1.060587666432077913e-02
6.706500192044106967e-04
1.053194928987699619e-03
-9.917710925908540531e-04
-6.943998045294774712e-03
-4.316733743160439118e-04
-3.241738201070099024e-03
-4.696356269683565898e-03
-3.523126065721138289e-03
1.707382585764416483e-03
8.824925822833562528e-03
1.716288936793319841e-03
1.259335674242467729e-02
4.576649129378607128e-03
4.736261978855127452e-03
-1.235600989546259409e-02
1.049570308722380663e-02
-5.532519276493230720e-04
-9.950365375213099384e-03
-8.037667088733879694e-04
2.897446146378102050e-03
5.371576387563026245e-03
-6.921621354455176345e-03
5.471511913057169885e-03
-1.222434665506533236e-03
5.089233675698023873e-04
2.193447838386819448e-03
3.849998795341869062e-03
1.862162403995171189e-03
5.050976232989223824e-03
-7.948185787881367759e-03
-1.102131917516069315e-03
2.986685338212669016e-03
2.531963902692169199e-04
5.578316724689225126e-04
-1.309267427585414367e-03
-3.322259185915665824e-03
-7.530612723410379239e-03
-6.976636951396497643e-03
1.039640094946359117e-02
6.991362921506927286e-03
1.315489981978057443e-03
2.627082704581562567e-03
3.450530727163614308e-03
3.712216398010448337e-03
4.207316931755356038e-03
-2.047098896396093437e-05
-1.076798414050872399e-02
-7.824728971456251791e-03
-6.295084244025250797e-03
1.025025229003440064e-02
8.556887776842936333e-03
-3.070223957012951921e-03
-2.613208680431911013e-03
-3.477760228793203012e-03
3.128020103594142398e-03
-3.612411608338139679e-03
4.359557624297405454e-03
-9.948341784897452023e-03
-1.332375936131002803e-03
6.024595178339642310e-03
5.757685520773936361e-03
-5.960159189064562213e-04
1.095553663444670534e-02
-7.346629417093186731e-04
5.672868012875809107e-03
7.173188682709774611e-03
6.951618969228245959e-03
-1.450635780474440750e-03
