-7.315154614650709597e-03
1.098293013202966684e-03
-2.385133902816694018e-03
3.019301095252169276e-03
5.906782765567331062e-03
-4.131403835575975236e-03
9.569906079471279803e-03
5.087097209534152675e-03
-7.449593244965191374e-03
-5.311434600162145969e-03
-4.557965391377427622e-04
1.911336932531426669e-03
-1.994596761035416499e-03
-2.527885463995405146e-04
-1.899111976281342429e-03
-1.936994478022091570e-03
4.420052922901152037e-03
-1.842715146107676283e-03
-2.416779134955304720e-03
1.375057684891989318e-03
6.038380014339317370e-06
7.508107711196476686e-03
-5.172975056492057355e-03
-4.553614853638476845e-03
4.615795917783716007e-03
-4.660706011222481848e-03
-2.070213288148159414e-03
3.320945010772180517e-03
-1.289437188805886425e-02
9.895362758628567512e-03
-1.340891465773097480e-05
-2.231049320028821725e-03
6.280997636333385259e-03
3.350905404333248683e-03
-1.105019808348506327e-02
-4.464464784483368476e-03
5.695176699345938509e-03
2.262459179460662995e-03
-1.160454760805285090e-03
-7.286013416022640854e-03
6.329241851332878532e-03
4.130779237238035861e-03
5.756249643387278958e-03
-1.267216333480258861e-03
-3.202997267296781025e-03
6.739336426351938414e-03
2.209316075597267393e-03
-4.369755672057440421e-03
1.725491240741061638e-03
-1.955384910989677039e-03
-6.072735829274700237e-03
3.074547778973091283e-03
-3.487272042357880686e-03
9.387694588350203873e-03
2.435355112943460298e-03
4.671293699605172378e-03
2.312852254210961966e-03
-1.375538061196490691e-02
-1.789844210708491090e-03
4.993609770286733252e-03
7.242282261961996426e-03
-1.338753183154672843e-02
-6.769143124870202755e-03
-1.996895314556268453e-03
-7.582821456864063947e-04
7.048951231939493134e-03
1.631886079711764026e-03
-2.878370331837909468e-03
-5.160502631455954337e-03
4.795668186602597416e-03
-5.574857423916390609e-03
-7.015635002378894924e-03
4.939312106681192915e-03
-1.219292775084479530e-03
-2.857289288176856346e-03
-5.258331982361807988e-03
-3.753985625221445410e-03
5.262056239460632945e-03
-4.226897439563170877e-05
4.599492152762674202e-03
-4.139787423785290521e-03
-5.773902605245462283e-03
3.334450786527276556e-03
-2.111579442894417902e-03
3.144979669101877207e-03
6.757664176224031927e-03
3.615126957389747098e-03
-6.424918290204084670e-03
-1.049716391777266722e-02
2.365985257637093220e-03
5.460299083351660698e-03
-5.324661911338735010e-03
-2.530622590824371798e-03
1.615568462712047015e-03
-1.310605235123607493e-03
4.007854666851273784e-03
-6.670651766046420406e-04
-8.482411240146592313e-03
-6.069642632118510406e-03
5.244918829035105645e-03
