7.360166321694894265e-03
3.039027744089040084e-03
-8.308035740003161251e-03
4.697390548522806242e-03
7.388816336191594836e-03
3.482829671697107443e-05
4.371664874701419734e-03
8.050326289114395628e-03
-7.612112369761336872e-03
-1.891875606578552471e-03
-8.130975783120941713e-03
-3.541665381521230671e-03
1.754856427472528679e-03
6.612683677925668135e-03
9.600397413756289744e-03
-1.527445501732671573e-03
-6.849450453027761121e-03
1.109486824241123770e-02
1.082829161836107446e-03
-9.626094206925950303e-04
8.988795377887992544e-03
1.121097779090196589e-03
-3.354605489785611461e-03
-5.723050491174164200e-03
4.123189990274500616e-03
3.035090183687194632e-03
5.441917586967326415e-03
1.614670582587796055e-03
-4.014220532821966003e-03
-4.160983124728678817e-03
-4.964158014950759146e-03
-5.475189539297153907e-03
6.590865290061476145e-04
-2.465040759599967934e-03
2.884658551850605157e-03
-8.185660790600568504e-04
-8.871358915626625929e-03
3.526770993361183493e-03
-2.646981103382461953e-05
-4.349643560418225974e-03
-3.016085631740161865e-03
5.967291956140985398e-03
2.015432913893611122e-03
6.995308189017168665e-03
-2.026060970793164273e-03
2.110292606896768675e-03
6.631986840867076793e-03
5.909351520032024574e-03
-1.152839679038675236e-03
-7.660742293298383743e-04
6.244187261708056269e-04
1.164029087091567050e-03
-7.288948993872446103e-03
7.568683327947578476e-04
1.844909400926963983e-03
5.128047723537809688e-03
-1.577641985265776370e-03
-3.178862555105133048e-03
-8.013900144624774846e-03
-1.124617688732842957e-03
3.260358394603257715e-03
9.098688129113408074e-03
6.699181374976048708e-03
-3.141600700943159019e-03
4.984546314059645766e-04
1.779416392138855052e-03
1.118889568566538983e-03
-4.109174726565800739e-03
8.968741090703225005e-03
-9.010670451560343075e-03
-5.603841238617124354e-03
2.106720966458364153e-03
-3.548343578674284515e-03
1.131966731148892347e-02
1.572275685770563314e-03
-6.219578049721286028e-03
1.248548728173703992e-03
-5.083090569751202992e-03
-6.554330907937444550e-03
1.077540208548732892e-02
-2.405873094612598351e-03
-3.692314434737942186e-03
6.100500084635362974e-03
3.957301223302844839e-03
1.517153372140311873e-04
5.014725237389883183e-03
-2.368513697755592062e-03
1.613389453288482933e-03
-5.072407704193482303e-03
4.880361749969641671e-03
-1.002796944961192871e-03
-1.189398129388896663e-03
2.827873144000125905e-03
1.456652967280480659e-03
2.016865420440105972e-03
-2.751873955478156830e-03
5.480365463348402244e-03
-4.348488334245281806e-03
6.376335670224442254e-03
-9.763002876306714484e-03
