1.899423882515849371e-03
8.145263684519954417e-03
-8.391213410289255492e-04
-2.363958076384453655e-03
2.968542687155739657e-03
4.632748204021930327e-03
-2.384367859002423096e-03
5.503795818972978537e-05
4.107301604200142009e-03
2.943592904327552162e-04
-1.700730834415575821e-03
7.236046624161329710e-03
3.281924535656344233e-03
1.454188336701189854e-03
4.917242647332953354e-03
3.335599475209449771e-03
-8.209439652168137869e-03
-2.350990312772083257e-03
5.031523660339543014e-03
2.116917356613789991e-04
6.110519330562169671e-04
3.358616258423929857e-03
2.302784349237363415e-03
-1.746243515349799047e-03
7.288829526952533833e-03
6.454162464133994526e-03
-8.836084706785540810e-03
-5.057146210242891016e-03
-6.567393665558585170e-04
2.122126684490632798e-03
1.943478942885379368e-03
5.381131784086834458e-04
7.127722086653465183e-03
-3.909262340401009617e-03
9.162268194331524285e-04
9.615117689937280332e-04
2.261146629089605398e-03
-1.492878751679693750e-03
1.520540556379290642e-03
-7.635833459625152031e-03
2.169818335593376446e-04
5.343788556536832601e-03
-2.314222414372624215e-03
-4.041549685408041270e-03
-4.530855887754259292e-03
-6.794333464136936840e-03
-5.475555266508669305e-03
2.369004968999721683e-03
8.176804980639329479e-03
-7.590225898008728933e-04
-7.688072277120983067e-03
-1.184169653951405721e-03
8.522633634089338273e-05
-1.668273201283487772e-03
-1.083062497800213464e-03
-3.225325907079579224e-03
-3.737363739545140895e-03
-2.650696513192718484e-03
2.303536688506024888e-03
4.035760594859438832e-03
6.091351692444346710e-03
5.680169559356351705e-03
-1.871451249828126606e-03
-4.369992679087442156e-03
1.779656246877037162e-03
-3.300357164131018095e-04
-7.336734072474371260e-03
3.609793808711292407e-03
-1.647675375310631019e-03
-2.490255073615332826e-03
5.316439723287436081e-04
2.879095403497733408e-03
8.308383682657294322e-03
2.323494433137396342e-04
-6.708841286153011119e-03
-5.609866831099874496e-03
-2.089638364961010630e-03
-7.545206949314264833e-04
1.450747995670687018e-03
2.853750074601424380e-03
-5.851657380450792090e-03
8.645929968306154123e-04
-3.196522237181254056e-03
-1.792813125305992017e-03
-5.044664750583405244e-03
-5.531645111178207230e-03
-1.675686494984063302e-04
3.133204069301620542e-03
-8.236117638372730809e-04
-7.961813682070828513e-03
-9.638965932409870874e-03
-7.770679923092993491e-03
2.744631029861999139e-03
1.568917226416832733e-03
-1.118337796218726865e-03
-4.887437825789708867e-03
-5.006371018076771762e-03
1.206501528748460395e-03
7.247579346576271675e-03
-7.645541961647239759e-04
