6.083319884635507435e-04
2.181445437259288411e-03
1.125702017383389819e-02
-7.783773300906182691e-03
7.619596255022953457e-03
3.099482844517775781e-03
-4.589014059866558526e-03
-1.222492279368547763e-02
-1.434144920006719115e-02
1.791438337234607658e-03
4.089034454606510494e-03
1.585088085548802539e-03
5.063741260209142503e-03
2.829111856982313711e-03
-5.415988537404659020e-03
-8.815518209657313697e-03
5.644857923597923488e-04
1.089615246328745624e-02
-6.858818533137522877e-04
-6.180914161402206730e-03
5.121497677326725118e-03
-1.398023040053320010e-03
1.131654699668027675e-03
4.726283425487198819e-03
3.682422830276088632e-03
3.006210339018378086e-03
3.652972605484250401e-03
-8.594344005467768888e-03
1.794857454825105059e-03
-4.538308839178828435e-03
8.828344055296533099e-03
-9.718310612417124794e-03
-3.862377107217151995e-03
-2.841209975428027334e-03
-4.714831686929321641e-03
-8.437433474176581072e-03
-3.795623413660798029e-03
1.029433750928965274e-02
-2.789650623643780136e-03
2.147156812824513317e-03
-6.513768944416242768e-03
4.873430788308930062e-03
-2.286759642133540105e-03
-4.965737720711627112e-03
-2.871842787223077842e-03
1.804878861458636408e-03
-3.952740193137405100e-03
-1.903550280833776753e-03
-5.045355108690419144e-04
2.538311285371630532e-03
3.253442717198185008e-04
-5.430353738242077455e-03
2.520907164761387875e-04
-8.452311130464407185e-03
3.809714521415208388e-03
8.837420085312297502e-03
-3.232755205401782739e-03
-6.313893570651041287e-03
-1.115198307456433113e-03
1.244432858975008660e-02
7.516028871026980696e-03
1.348573166034139348e-02
2.640431853207836355e-03
1.153892619060292724e-03
1.539203221558216317e-02
-1.275761569727640321e-03
7.051232335530954742e-04
9.699924984313379461e-03
-1.946874996817005155e-03
-2.245175059501280934e-03
1.566310191667197316e-03
1.388311241918849248e-04
1.359337325356757553e-03
8.349265311843989679e-03
4.024331572267447754e-03
3.480594720352669924e-03
-3.101911452892069931e-03
2.605626175411046574e-03
1.272351488617040616e-03
6.214567620386191038e-04
1.608391723699531539e-03
5.475027470383198036e-03
4.227034652065420062e-03
8.589333516838659754e-03
-1.823966775048591060e-04
-6.616216966408350331e-03
3.319825683469557198e-03
7.181266109116957175e-03
-4.518037071342018152e-03
-1.123508908705161957e-03
-6.163804927142857437e-03
1.419220899049333795e-03
-1.522973605409094766e-03
-8.583845911231069437e-03
6.128802376991759893e-03
1.459496398063531153e-03
2.244312029370143513e-03
-2.205545485481352763e-03
-9.690788468646460707e-03
-2.908825084021904317e-03
