-2.910455597884720191e-03
6.288647236324163003e-03
1.024457586801696962e-03
6.101897152940183311e-03
-2.759547659662464625e-03
-4.079507830732076457e-04
-3.945400560589784611e-03
9.360131733687770961e-04
-3.207314274973338541e-04
-1.793083924000127283e-03
-7.471534903607857103e-03
5.220767900870337819e-03
4.830545990165635573e-03
-7.709114373530168152e-03
-6.278548672753681004e-03
6.766370559041945398e-03
6.926011885277638669e-04
3.814571194747817806e-03
9.796563970339011718e-04
-2.836007210885727048e-04
-8.154107311059366481e-03
-1.419280677453227391e-03
-2.347240961056540343e-03
-4.224168363217595257e-03
3.102290850356403951e-04
-4.959492549911903581e-03
-1.726744675382363425e-03
1.503006731162215281e-03
5.125377777577710958e-03
3.197364141454106523e-03
2.770537212017920581e-04
2.841185467467366443e-03
-6.929211345005459322e-03
1.144501841519485197e-03
2.882668172936697637e-03
2.118906503610684666e-03
-2.618699685749126260e-03
2.483981239657873097e-03
1.287472061323180483e-04
1.476351532496367192e-03
-1.726425168050216286e-03
-6.567675770030478866e-03
-9.285394922186052113e-03
3.219117905170598704e-03
6.206382053451919845e-03
-1.685030552789901215e-03
-6.709141617709746264e-03
3.983997657665327985e-03
-1.091031500868000492e-02
-9.621072113838557982e-03
6.199054453134400511e-03
3.082738337939483486e-04
-3.197249579634631189e-03
7.556327104841997766e-03
5.186756238543477338e-03
4.252746662238182651e-03
-4.069234947810640435e-03
-1.128259959694677406e-03
-1.521808464061691346e-03
-1.368462460286989923e-03
1.388247147286358896e-03
4.578050016163737190e-03
5.727284935381993236e-03
1.023207694789141087e-03
-5.863228030360545517e-03
-7.092670048467364374e-03
-3.213224932213210039e-03
-5.016460461784166824e-03
1.651710043101828340e-03
-5.858810277032167058e-03
-3.376763114537384425e-03
2.623727224587035778e-03
-4.459313143174714611e-03
-7.224606586045734247e-03
-3.121619635509165214e-03
1.200495182104854841e-03
2.772340413643381574e-03
-3.539211310831236190e-04
-2.094259497460559949e-03
2.731234324550912973e-03
-3.541968301030151700e-03
8.722622439369942526e-04
-8.305526199718804570e-03
6.311386348781811151e-04
-1.175885522639585901e-03
-3.398953830677342580e-03
-6.058697892453279721e-03
-1.054299449676276978e-03
3.124891057529777250e-03
-4.015723094537126947e-03
8.010062587703647985e-03
-3.697451954835839771e-03
-2.044525011846776152e-02
-1.098002509697137974e-02
-3.272249419780215440e-03
2.794501083207223679e-03
-8.375771563575717948e-04
-1.021237790544338164e-02
-7.206834669328587850e-03
-1.085755802026411310e-03
