8.983011401704210641e-04
-3.495776122909965977e-03
-4.529621177529530307e-03
6.849840169545040602e-03
-3.267651462497522807e-03
8.929486935719266327e-04
3.153920792193010136e-03
2.936524145187746626e-03
8.974105518380071089e-04
-5.730080114218716325e-03
-1.675480286537189833e-03
-6.512858064754989407e-03
1.398152736126312412e-03
7.649920365320195259e-04
1.621760707316566297e-04
8.307711699643283154e-04
2.047539783982865735e-03
-5.280600495616294410e-03
3.064275686342599059e-03
7.283337660379807232e-04
6.725671378199904460e-03
1.716950601291289402e-03
-6.186286574587529508e-03
-4.662240687358876201e-03
1.619740766841903934e-03
-1.620367298080793717e-03
-2.098981459609516875e-03
-2.031299910399075870e-03
-1.522578021175502450e-03
-8.695558549526638537e-03
-2.971044384640464386e-03
2.248705900198877394e-03
5.737570532055258354e-03
-2.590737033347334517e-03
-1.772013211301826097e-03
-5.079339645953528937e-03
-6.312907221336372388e-04
-6.800644920134324423e-03
-6.484071494527565704e-03
-8.946895170832913635e-03
-3.796430239978221266e-03
5.249131881625013207e-04
-3.074577824892621436e-03
2.746037399238399068e-03
-7.203409222056755823e-03
-8.213128010882697616e-03
-8.806267793133648603e-03
1.595508293032898983e-03
-1.553580335359572295e-03
2.939089460039512325e-03
1.044584629620426419e-03
-1.281930425942179319e-02
-2.192343501518978499e-03
1.748190787592696083e-04
-2.862841321666920180e-03
-6.920785863929967974e-03
-1.538246817586519377e-03
-1.115671453600919349e-03
2.625920410597948340e-03
1.532296322794390875e-03
-1.348151400051289528e-03
-8.373989083432231695e-05
-3.318059099809644863e-03
-5.917096198330806800e-03
-9.888299394179567159e-04
-1.477049452488055081e-03
4.078371818665438298e-04
-2.856860295584739973e-04
4.377726320835328977e-03
1.190829457156783455e-02
1.312549295705123242e-02
2.077885983684524263e-04
2.756363470146627748e-03
-2.178510402457090045e-03
-5.140497977695002163e-03
-1.246987949152345010e-03
-3.220719632376356500e-04
-1.816914945717784668e-03
-2.579812031549999496e-03
-7.162953826213014352e-03
2.530829541882662070e-03
3.788547941353859194e-03
5.137915862050146387e-04
-5.107798035330568531e-03
-1.935529840042971017e-03
-3.247835040968483078e-03
2.517166129240688832e-03
8.903581450465103408e-03
3.844380863488705558e-03
-6.964403351863324154e-03
-2.537903310847577920e-03
-8.325943347982978082e-03
-2.548133720965517490e-03
-3.768020502048718967e-03
-6.668099675720573494e-03
-2.694698341495271876e-03
5.407879140836846510e-03
9.073427337249362346e-03
4.443402074106428401e-03
-1.098730402111114390e-02
