3.721460405158749651e-03
1.047228979258241210e-03
3.765029642228689966e-04
-2.756474984991763577e-04
-1.606145570481887219e-04
1.005188614304464156e-02
9.216580066936375104e-04
2.021279759312211155e-04
1.181619865230354449e-03
-3.340938037874496835e-03
-1.801194315319665229e-03
-4.459619339268638960e-03
-2.993454231272618671e-04
9.867672218588641186e-05
-1.699798164927823763e-03
-4.332239214062116872e-04
2.013742499283432963e-03
-3.631868149986505756e-03
-5.872120737540398316e-03
-2.016055561984142486e-04
9.260443294543674320e-03
3.372919411818608992e-03
-3.505863158227762177e-03
2.333044238890358280e-03
-2.275006528633660707e-03
-1.881523911372973146e-03
-9.713225251838375485e-04
9.496791722136688207e-04
7.613088530214140448e-03
7.118549762665793423e-04
-5.575891112455599874e-03
-5.679969582628729974e-03
4.646104449935739567e-04
3.504094079381014915e-03
-9.915847289788670693e-03
-4.328744003452955624e-03
-2.643469560733691104e-03
-3.231072407493651433e-03
1.679199539113773731e-03
6.604540212863829751e-03
-3.020362201777260225e-03
-3.157806623047543226e-03
-3.159598041646560773e-06
1.360245092383793875e-02
7.109125551410078181e-03
-6.772922327055286296e-03
-9.992630841717531354e-04
7.639393591642229531e-03
-2.488412845510157290e-03
-7.811473267675506094e-03
-4.844244001456443627e-03
-8.948429989332096213e-03
-9.685124375731213320e-03
-5.656902647851902444e-03
2.443166895302217867e-03
9.102349260473041603e-03
3.078388170200341278e-03
-6.883753131136205461e-03
-5.952852616454062940e-03
-4.241537875026124560e-03
-3.440096197002695533e-03
-2.494590307866584311e-03
-1.893427538116609909e-03
-1.963985877609930597e-03
4.948979027346034343e-04
5.488644949181109567e-03
1.128488128321336603e-05
-3.206938890089050531e-03
-1.230639268384647877e-02
-1.476771190270897982e-02
-8.611208904286349330e-03
3.232797507479068244e-03
-2.770484156089603189e-03
5.198420768417366666e-03
8.094437925812991708e-03
-1.264210646492180956e-04
-4.788198900262718993e-03
-2.565472158041148809e-03
-2.230711085074332800e-03
-4.254636318253846028e-04
3.610165401932374785e-03
4.372478970798288067e-03
-7.757003348715540980e-03
-9.562292920642923022e-04
-1.184463756825904213e-03
1.019806314524696056e-03
2.694771658165895367e-03
1.163109101093851017e-03
-1.781005371668142878e-03
-4.595649260330736396e-03
-7.726151245877721507e-03
2.419164934085893393e-03
2.488219381622247539e-03
4.631326051984907544e-03
1.509097662350522562e-03
9.300904136921861465e-04
1.298990728803017802e-03
-1.000023705201025237e-03
-2.553561439945561951e-03
-5.366654737523512964e-03
