-6.545754280960047744e-03
-5.032242784884899400e-03
-5.082169077201825758e-03
8.435553200690226738e-03
4.288589689899202639e-04
1.657744680359951595e-03
-5.914060504741636137e-03
-2.727023354808011391e-03
-1.420775692188014361e-04
-7.455550301928015600e-04
-4.641706930481159787e-03
-3.982486011360641953e-03
-2.527949606476731503e-04
-3.323332407656809373e-03
6.841591529427315521e-03
-3.754354961676975577e-04
1.938746444712036165e-03
-9.276334290724608245e-03
4.503802908306098196e-03
1.209024769913802366e-03
4.647465909322745503e-03
6.246847215943041043e-03
-1.880290671993689600e-03
3.076256629065410308e-03
-1.884272077558701852e-03
-4.047857286744060978e-03
3.438864252464646221e-03
3.886733138333653415e-03
6.428492018775822103e-03
2.188305631817488717e-03
-1.540061827457361865e-03
-8.986504838695008601e-03
-2.837804117198028386e-03
8.234717316910944440e-03
-6.709616035672216761e-03
-5.103223688518232493e-03
2.033153388527053629e-03
-7.666451915160354957e-04
3.233182467874406996e-04
-8.006136545158470952e-03
5.117506592488885175e-03
-1.759220304519804046e-03
-1.339366810448994194e-03
1.563351511293831209e-03
9.701418265915418004e-03
-2.045652797259989164e-03
4.889826581562450869e-03
-2.517023384639882622e-03
-6.584470299382250147e-03
-1.590438753285017270e-04
3.258836526330299854e-03
-2.263408800254884667e-03
4.576341431878794275e-03
-2.219769305510932433e-03
7.475096101292488804e-03
-6.528603229095653049e-04
-6.863521464969046804e-03
1.212331300256552780e-03
-1.525495626891637535e-03
-2.340767479135363871e-04
-7.867470369240181505e-03
-1.042303141819889145e-02
3.188717598437640355e-03
1.598307418013700243e-03
-1.224370231770011141e-02
6.086777200828841217e-04
1.107877120243294655e-05
-8.732720810574745585e-04
7.642330322278456656e-03
2.574200714184682326e-03
-2.346713664550970080e-03
-3.634801183368563393e-03
-3.009109347248961619e-03
2.037835229316220520e-03
-3.079499080749670270e-03
-1.538122028828414756e-03
9.607171886791832094e-04
4.512463606559879992e-03
3.901569367022239554e-03
-1.015894752644008747e-02
3.987725695462907005e-03
3.857112671929896486e-03
4.614053061818834678e-04
-8.325509154593846439e-03
1.237713769595361057e-03
1.128801911073118447e-03
-1.726939229034440970e-03
9.836212734726235141e-05
6.709789215073369562e-03
-1.823491599343141090e-03
-5.872682735118539554e-04
-5.388248414113783191e-03
-4.384969877778588376e-03
4.223815233738714703e-03
-7.205858033304757271e-03
2.079923615683765270e-03
-2.928431364182526586e-03
-4.096815372630624452e-03
1.599187819838920888e-03
-7.478286563061820047e-04
