-8.163992067192316071e-03
2.842688887868982661e-03
7.068278492046164985e-04
-9.018047525288896971e-03
1.000808646721340622e-02
-2.990036180574584534e-04
-4.396128322379566633e-03
-7.168210539820085714e-03
-4.051034712921897096e-03
-3.604630735010161402e-07
-6.238673829812468874e-03
-7.280093409312127228e-03
6.077010338686683610e-03
1.163641138272497599e-03
1.853598274859424855e-03
5.699284039750729391e-04
-4.521151288615632424e-04
8.164579217615375306e-03
-9.153186783750766331e-03
-7.641163175068355073e-04
-3.613811798435562217e-03
-2.492792738711502309e-03
-4.738566270516164636e-03
4.089435530158058718e-03
-8.474300374328724850e-03
-1.125859120731087515e-02
-9.416752956548424258e-03
-6.418990130748758460e-04
-3.759256166437352498e-03
8.388891575224155517e-03
6.792475359236438415e-03
2.558297622041072472e-03
-1.666133158989557828e-03
-1.165897906900470460e-03
-3.974353335482461169e-03
3.498122473950537881e-03
-1.926687624854928060e-03
2.174646764194654303e-03
-3.681427439501172572e-03
-4.486923717176738435e-03
2.724022674091775009e-03
-8.087994270009613018e-04
6.017504484530200592e-03
-4.336077148194839026e-04
-2.586579320204895893e-03
-7.187738761047057778e-03
-3.013020357864992782e-03
3.392683284685560352e-03
3.538223348517499645e-03
-5.667193275327275792e-03
-1.312643009044989206e-03
-8.319331313940914185e-03
-4.521670055751658701e-03
-8.303815773200717842e-03
-4.872797337878154167e-03
1.905808220980298451e-03
-2.954461650845896514e-03
-7.267985604294535662e-03
-6.495086583211406861e-03
-1.299179188017918207e-03
-4.901625287879962656e-03
5.326355721524511644e-03
7.839529781638598926e-03
2.213433424769539748e-03
-2.228808380908664510e-03
5.699279674487023328e-04
-1.040207875901533185e-03
5.065601681802034406e-03
1.074189275116044229e-03
-1.794686025318403821e-03
-7.870299739151875862e-03
-5.173796422305976250e-03
4.729865334333061000e-04
4.288081737421123307e-03
4.241517289189200568e-03
-1.505961799528554579e-03
-2.142902659272305499e-03
-8.539675998332829643e-03
-1.650020260128504113e-03
2.177538953614166495e-03
8.869158361107798427e-04
-1.991396249220733772e-03
6.796854577607702730e-03
8.811645430526815481e-03
4.567868742385794434e-03
-2.291227419901398221e-03
-5.065074596917629179e-03
1.591620701983265107e-03
2.037372751270805082e-03
-1.253382032144201297e-02
-2.467733824288775857e-03
5.345255251901437354e-03
1.157853125588914622e-03
-5.949462243254766136e-03
-5.581387951850369511e-03
-2.296919524057083883e-03
5.689470473320135113e-03
8.567941985500038271e-03
5.989838583365769686e-03
8.797475206097971068e-03
