-6.688040579058140978e-04
4.466153680480755561e-03
1.076374551557512937e-03
4.474456803910120684e-03
-1.998823015181505625e-03
5.841292346745019515e-03
4.181741082459944359e-03
2.319767361236513281e-03
3.593013862582816742e-03
-2.227810595156198836e-03
4.352468328852276969e-03
6.277662318925569807e-03
3.491665088389828142e-03
-1.909741701317080320e-03
-3.699980193909269133e-03
2.042510441159994805e-03
-3.537268604518750692e-04
-4.296038997264051140e-03
7.210783132134412909e-04
2.241544611238821538e-03
-6.336951664559276054e-03
5.588134786322251912e-03
3.847426525281805176e-03
-2.034729234270393761e-04
-2.162353349607459840e-03
-2.018543160193897457e-03
-4.842791229656362439e-03
-1.809114186275273539e-03
-6.277319725691010710e-03
-4.089199741776905483e-04
6.257389095195131645e-03
6.819073360431193720e-04
1.036981207461207255e-03
1.752163824799146674e-03
-7.549449265752405935e-04
-2.445025418494783942e-03
-2.034452121296048688e-03
3.565391829688180358e-03
-1.563312028726149272e-02
-1.027212440240776736e-02
-3.919339271474253650e-05
-7.114552400078744121e-03
-8.320675186448411864e-04
-2.889483858034669339e-03
-4.085029849811183666e-03
-3.358489480728810150e-03
1.170810686123602284e-02
-7.358464900145467169e-03
8.343233451688636393e-04
-4.366179898483868449e-03
1.649813332107341601e-03
4.777848269694295880e-03
4.497781752366591945e-03
-4.776171835979337033e-03
-2.259941762441375346e-04
-1.478709475297157461e-03
5.335844708754811094e-03
5.046950304349318017e-04
4.853418801487152656e-03
1.114704752929518428e-03
-1.262933285633982550e-03
8.112138873298535557e-04
2.264807956375847198e-03
2.481320298146627579e-04
-1.825154325757138984e-03
2.491501861900502490e-03
-5.767129606690790666e-03
1.243349767132140293e-03
9.486161314875563022e-04
4.875449271331544487e-03
-6.098270823651219530e-03
-3.518385248965305578e-03
-1.588675513626625069e-03
-4.952671553594134579e-04
-1.277754303912637113e-03
1.639908598291217601e-03
7.717259383657415484e-03
6.364532581348170126e-03
1.041181398303558936e-03
2.448665388799842191e-03
-6.192050729668774345e-03
1.120938562114248693e-02
1.760876947576983653e-03
-4.486524873958952497e-05
4.135916654413596127e-03
-8.780213315172646915e-04
3.377701519869491520e-03
5.276778133295301210e-03
1.267838973629586974e-03
4.837184352004197940e-03
-1.647641927284504426e-03
3.211363956733159775e-03
3.531658024638284488e-03
-6.470878923170886310e-03
-2.482882911176709229e-04
-2.526879420905459028e-03
-8.942222345375450132e-03
-2.844976958100042808e-03
4.672031366881879144e-03
-1.554886932916110798e-02
