6.973181083408053205e-03
6.729195616387184664e-03
-1.163662377401397663e-04
1.878805702948405099e-04
1.096993165393489456e-02
3.601631367625479641e-03
-1.766803418011941851e-03
9.421078397578996899e-04
4.436467688131551235e-03
-5.283847469981228784e-04
-3.681901831405043346e-03
-3.490967393556254628e-03
-3.861736482897448752e-04
-2.248461763137754588e-03
-6.995463421792025294e-03
7.196054388864947526e-04
-4.818587374873839480e-03
2.564447503718869648e-03
1.286406718522414838e-02
-1.173367960910498553e-03
8.077861540009556585e-03
8.284040535125880567e-04
-4.125653010576324498e-03
1.190313580126001192e-03
-2.736403035626944202e-04
1.795075624028030781e-03
-1.259185409849705728e-03
-2.636389526425197971e-03
-2.232201386841548008e-03
-4.529200938743094262e-03
1.332891859985529948e-03
3.249181647548837759e-03
-1.988440052242301803e-03
3.188620780507633867e-03
9.643869645806768531e-04
-7.142961994686891636e-03
3.084321555536617687e-03
-3.727591415110254047e-03
-8.318723155436469341e-03
1.087990769922386747e-04
5.363726690856940316e-03
-3.635255573979034871e-03
-8.407728300142469635e-03
-1.141825342423186118e-02
-1.400083558931153327e-02
7.678963038875163960e-04
-3.760218927458036653e-03
-2.851782610667652484e-03
4.124824039587693392e-03
2.404152412426530105e-03
-3.685333823350234184e-03
-1.087426967227855812e-05
-2.787620640902432889e-03
-3.465707754240154870e-03
5.233191094387468212e-03
-4.603755933408115730e-03
-9.666365947982091811e-03
-7.808178642498830868e-04
5.744580578853630826e-04
-5.562021974787834111e-03
-4.490445383337759999e-03
-1.774640254138537543e-03
4.842785410662076018e-03
1.015706652277248434e-02
8.622039493563216084e-04
-3.885029282591490052e-03
1.033930188024001495e-03
2.383642298294241790e-03
5.140006821352738342e-03
-1.286500578709048881e-03
4.434890912751399128e-03
-6.011053244159292319e-04
-7.459595626049919659e-03
-1.277450122524892429e-03
-4.506091893840880047e-03
-4.301827175381744972e-03
2.899845774580689373e-03
4.593434841336896390e-03
2.281644756121914419e-03
5.690929764931018653e-03
1.642001053070885064e-03
-7.409368693118700833e-03
5.097486478665924636e-03
-3.588802217809883288e-03
-1.042635107782796666e-03
1.641187926182841039e-03
2.918136137310956002e-04
1.976670973306227097e-03
2.593714031489335881e-03
-3.760288889718244043e-03
3.379412613480736738e-03
2.876861878882919221e-03
-1.958827982203259488e-03
-3.863493161005648879e-03
-1.851281745294364178e-03
-3.595899826325243964e-05
-2.290407909613434434e-03
-3.412661729983890169e-03
2.291787828027080920e-03
-3.275273653384092043e-03
