2.644185618873473587e-03
-3.358122524410589449e-04
-1.463404048800409640e-04
9.897767370828924882e-04
4.169794129960990858e-03
5.709077186184408070e-03
3.746274390728276948e-03
-1.447104031152002257e-03
6.124222049859295858e-03
-3.659876154338825849e-03
6.745409581229155904e-04
-7.029223035524223562e-03
-2.740127822700166860e-03
-4.855910188761636270e-03
-6.517340031283569424e-03
-1.976299202047560044e-03
1.927827980096830096e-03
4.088152216732310329e-03
-2.736658159887328523e-03
-1.609633526137965731e-03
1.910025319225128193e-03
5.390452553654778711e-03
1.720741956204974166e-03
3.118495081549932380e-04
1.285474564637678618e-03
1.732916300858033942e-03
1.659003089633070971e-03
3.287079013035043573e-03
1.991291092277358565e-03
7.375410775261048713e-04
2.190690868299483007e-03
-3.106981342247738809e-03
1.153610724217768446e-02
1.081781650980051523e-03
-3.583763911208182051e-03
-2.599829340072967732e-03
7.325511846082988221e-03
1.814931895791394023e-02
-4.020557750141540154e-03
1.147990423255240700e-02
8.645499568693981729e-03
-1.073187781831708154e-02
2.479691397899386196e-03
6.440756615269105367e-04
-5.467973182498808704e-03
1.569727459478365006e-03
2.372607966102835420e-03
-3.605356712384488738e-03
-1.444029305143312847e-03
1.209224644581063934e-03
1.197286495216665081e-02
1.114029120607928913e-02
7.017101943439518763e-03
-1.976204271240233901e-03
-9.301146785117841986e-04
-4.031258880252353016e-03
5.948843178037455104e-03
-1.347802715122581318e-04
3.554858498810653522e-03
3.741067181667112607e-03
4.205539432297622504e-03
-6.927944136371211314e-04
-8.606071341627496984e-03
-4.424873989168354171e-03
1.813047424072733449e-03
2.613870273316498682e-03
2.018411359068106314e-03
2.335918738659903404e-03
-8.390560047291106827e-04
-6.085246863692939101e-04
4.136578495001264066e-03
8.357615441517363131e-03
7.058251537594206759e-03
1.598598578627652422e-03
2.797940440728563516e-04
2.576997130619429477e-03
9.288009535225905111e-03
9.451621297878687322e-03
3.546888535819081589e-03
7.744254015282225900e-03
5.184435737926040844e-03
1.440471713399227305e-03
-9.431141856854896588e-04
-2.676486526278165634e-03
2.491957314074144669e-03
3.111003950017843245e-03
1.771116093176927642e-03
3.715328688473906737e-04
-2.058872184712123854e-03
-3.908705764261943827e-03
-8.258524504647368758e-04
3.043986828463518535e-03
2.232119321035064274e-04
1.014418228576285941e-03
9.067947878352855540e-04
-5.622356056037225436e-03
-4.929447735780190243e-03
3.341332386896600504e-03
4.146790790859888887e-04
6.129226260130904436e-04
