-4.734004555200788111e-03
-1.525861548867912809e-03
-6.321112331730716072e-03
-3.400263416697302254e-03
2.341121541753143909e-03
-3.521640554546179303e-03
-2.606988374829755095e-03
7.224448680122064204e-04
3.646433501387602583e-03
2.294986431455647846e-03
-1.148322671728152500e-03
-3.788356733880116067e-03
-4.926401327667306873e-04
5.164835832931480297e-04
1.041609803251741795e-04
2.365479472049236698e-03
-1.958328883786331076e-03
-4.189931845214656114e-03
-9.136917479820594323e-04
-7.762610637728761809e-03
5.097625074194089834e-03
-1.422233140780493343e-03
-1.170601401674353781e-03
-8.083314350214254596e-03
-5.943395175108112660e-03
9.481664305146519922e-04
8.517460745668392619e-04
-1.132483041885290476e-03
-5.323937257828426084e-03
-6.503078181425814286e-03
-5.129401328575533547e-03
-3.975877394996274461e-03
1.506926323957546998e-03
-1.522672198792762721e-03
-5.503350132944451190e-03
-8.157116366380834371e-03
-4.708236392279574467e-03
-1.391078786971533532e-03
3.754720168343661513e-03
-3.852724087522574337e-03
2.324066533117008504e-03
-1.635391761671967092e-02
9.996058769752291795e-04
-6.634574741550380850e-03
9.463444173009039062e-04
-1.089654426529751419e-02
2.565943144009485977e-04
-5.416361987811924017e-03
-5.442367102077239061e-03
-9.309935718494255497e-03
-8.120819323640726672e-03
2.916019427167793054e-03
8.746035412733221825e-03
-9.820519418508588672e-04
-1.285251703967205117e-02
-1.007060906683787671e-03
1.563475307417960813e-03
6.726637272051028127e-03
1.226041921415066405e-03
1.463429206516542180e-03
4.239632964868622622e-04
1.401897131033669197e-04
1.022487540111693960e-03
1.447942217999820258e-03
5.173367096754422079e-03
2.847617612261821307e-03
-1.194399430841874832e-03
-5.878974079757681714e-03
6.369594775362030781e-03
1.882133776931360636e-03
8.071466097014923236e-04
-2.020993206335086612e-03
1.665106261648618968e-03
9.830025206556403106e-04
5.512609386561728719e-03
3.721250835504119614e-03
-1.302919913831468435e-03
-6.674373443090075853e-03
-8.488099162582973811e-03
8.612807210163220262e-04
-1.679009110555296225e-03
-6.838713426723375122e-04
-4.694710365298337962e-04
4.159806672988652920e-04
1.969715469203325853e-04
4.600695560781908888e-03
7.802970005529874520e-03
1.019313554450207437e-02
5.481223274420687908e-03
-8.036454013161442589e-03
-3.251568815417771319e-04
-1.583116369339165885e-03
-2.387648284156052014e-03
6.033463093256696830e-03
6.106834244187897554e-03
2.986375875050684137e-03
-4.797567959509141389e-04
7.229605894258916976e-04
9.671698859954891425e-03
-5.164756745015486317e-03
