-8.163992067192316071e-03
2.317092863146630322e-04
1.139833789464916869e-03
-3.757699507209610879e-03
2.041033775641465375e-03
-4.929474376661802104e-03
-5.574324188354573550e-03
-1.622590664603906774e-03
-4.457909867391030012e-03
-7.198992786894176099e-03
5.824736107274852692e-03
1.272244168591285529e-03
1.445232092766923770e-03
1.273068431487667240e-04
4.093536869968272818e-03
-3.138155508312201469e-03
-2.704396838954736815e-03
-3.214968577472943068e-03
-2.572070905548673458e-03
-4.676399971269784572e-03
2.334261410887106258e-03
-9.041040412783751812e-03
-1.077085062660798620e-02
-6.418812955320984948e-03
-2.001513372226648713e-03
2.142386468261481269e-03
7.544236306152751759e-03
4.230190938118938426e-03
-2.599423022274782724e-04
-1.315967993040123574e-03
-3.216677444594084889e-03
1.679804054415257042e-03
-9.947694415470831331e-04
1.595946877953835497e-03
-2.938533915975982680e-03
-4.393550805615431543e-03
2.372532091094337048e-03
-6.609242968946826835e-04
5.734970102792003033e-03
-1.616779083690733643e-04
-2.648500383927721025e-03
-7.159904769706848526e-03
-3.050125561136929342e-03
3.269014961812422015e-03
3.532801207530966714e-03
-5.663561733625144257e-03
-1.412940564392117793e-03
-7.978270051753444392e-03
-4.800633158008382750e-03
-8.115959372318792830e-03
-5.153307176883337171e-03
1.101806310023878410e-03
-2.195931517650628884e-03
-6.619690502843389446e-03
-6.639964949352705759e-03
-2.521822852770139178e-03
-3.881808578468093351e-03
2.312731559155789540e-03
7.002214742517276491e-03
4.409419391338764704e-03
-2.270454622600448502e-04
-8.635489389029471496e-04
-1.527417790625484884e-04
1.473407848064489656e-03
3.695798717776477282e-03
2.941157903082469716e-04
-3.055406300416341203e-03
-7.388511682995480001e-03
-4.613497118728160373e-03
5.558959269931218472e-04
4.039634189035523626e-03
4.246128070558907730e-03
-4.755920622961928856e-04
-1.972250271971787150e-03
-6.239251620827501732e-03
-4.786802959062530505e-03
1.721785340619286231e-04
1.648113847751320193e-03
-9.105579337642666360e-06
-1.635679349440977148e-04
7.005373284080573804e-03
8.582447125331404969e-03
4.799853372821516473e-03
-1.168039156121070121e-03
-4.298624681640550449e-03
-7.605294068893098114e-04
1.837480024167947867e-03
-4.281463159886977898e-03
-9.377004264837673908e-03
-9.607392925027324893e-04
5.034243736476984310e-03
1.128382794400417666e-03
-5.081806474106387306e-03
-5.674431810759550388e-03
-3.551769303009266743e-03
1.827436899409451421e-03
6.871298835925521153e-03
7.860292484209274733e-03
6.367979004765378370e-03
8.797475206097971068e-03
