-3.376960907003345724e-04
6.643512374496785000e-04
-5.036648674758836819e-04
-2.340620102084467469e-03
-8.884945454115111829e-04
-2.570131330696834304e-03
-4.314352887466621489e-03
1.874773088875514304e-03
3.645257691522241217e-03
-3.132067988763753696e-03
2.191436231795407252e-03
2.436013520840996094e-03
5.676871824000784272e-04
-6.177543053104139759e-04
4.414453487147085298e-03
1.261742090096551472e-03
3.386099352580274058e-03
3.755172167170806041e-03
-8.822153462771487042e-03
4.132888616913188429e-03
1.547759216294575246e-03
1.595492604882120524e-03
-2.764574912774708793e-03
-1.333914560764926094e-03
-1.396927775124456872e-03
1.140736534041453254e-03
5.391527217423308649e-03
4.020440548202053321e-03
1.668531613167156813e-03
7.956551453410898311e-03
2.110533110500689702e-03
3.879526299586100180e-04
-1.550326770126675413e-03
-1.685576708371439025e-03
-1.001913625748751535e-03
9.622635211659291699e-03
-2.446370173202261356e-03
-4.556546494548618931e-03
-1.670747613776057960e-03
-2.914324367019438533e-03
1.584738934876206429e-03
3.788358475170783279e-04
-7.692972577287848779e-03
5.890264594537675258e-03
-2.543043632693531286e-03
-1.398912002770202889e-04
-4.329525556665658748e-03
7.572164943538961523e-04
5.691026105020258186e-04
-1.848207055640260776e-04
1.449043801298066647e-03
-2.496757634681601168e-03
3.963560443460356630e-03
5.469069345464205867e-03
-5.687872808437965944e-03
-2.915460071155617783e-03
-5.173723671198393603e-03
-7.519813766858840509e-03
-5.046100662927321956e-03
5.287303831084111394e-04
-8.282455549855072263e-04
-4.717048614002905538e-03
-2.833429497115069751e-03
-2.035657403791191200e-03
-1.786667168324762578e-03
3.332730692068630596e-03
-7.664143330305961399e-04
8.983783569493919430e-05
-3.508933555868898324e-03
-7.110084264381089092e-03
-4.084110695651288481e-04
2.161192960139945995e-03
4.248967954342819375e-03
-3.543496543826574197e-03
-4.387494331810515291e-03
-6.608864103777034593e-03
-5.287775214966483617e-03
-1.812929776880300992e-03
-4.795138711066959658e-03
-5.889846623986949581e-03
1.079166857891111775e-03
6.544903034904625549e-03
-2.466096836487130517e-03
-1.138785993114788120e-03
7.454882364621440161e-05
-1.597780192346687222e-03
8.521947501211046827e-04
3.475218204340713157e-03
1.003264700915718066e-03
-3.954574960580714560e-03
-5.139442086464884873e-03
-4.584656057408764696e-03
7.439851016592946564e-03
4.528803207995424351e-03
2.846959944377114304e-03
1.494872171440952968e-03
8.449079519600166677e-04
-7.683618218912169340e-05
-4.619246425955680913e-03
-5.177455339152703395e-03
