3.076070225837779226e-03
1.055411215003831948e-02
1.508342234176063279e-03
1.194344530816793259e-03
1.326232786668768426e-03
5.506229711582655284e-05
5.031907016784797904e-04
2.608952584897239468e-03
-1.284001913226195946e-03
-2.309952381118196563e-03
-2.545368239085354922e-03
3.235625362102756419e-03
8.487817897164351422e-03
2.405400097666210435e-03
-1.028233140950463032e-03
2.322867192314226337e-03
5.303532701789737125e-03
2.379801665336467309e-04
1.693545723561951100e-03
2.689233634122212280e-04
3.553745012795928027e-03
1.447948914820440525e-02
6.976999018221463622e-03
5.267661364490971998e-03
3.452308300448847511e-03
-3.836844156798746575e-03
3.845771223878413636e-03
5.051157435007502805e-03
8.892474074704170839e-03
-1.357137730274238230e-03
-6.012315316712424362e-03
2.277317333268524813e-03
3.724831109255921646e-03
2.383259472915288946e-03
9.348628674151648887e-03
-1.160378305265497012e-03
-2.060568748795232885e-03
7.991440787531556289e-03
6.618660746016136187e-04
-3.175249322993956014e-03
4.868879366012324184e-04
5.470481992926878867e-03
-9.227282334240971551e-04
-7.751596468900001646e-03
-3.823587654162796667e-03
-7.592501401617601786e-03
-5.323835813093480418e-03
-2.475791917661562813e-03
4.951716222946100920e-03
-1.575977632049530008e-03
-2.407167040147095705e-04
-8.818545599756588693e-03
-2.541398676117245792e-03
7.492943056120915379e-03
1.080218203205385308e-02
1.218958373747636159e-03
-9.105640930030522995e-04
-4.253882663260433183e-03
3.454631622364146004e-03
-2.464614351241789514e-03
-4.374237787503343355e-03
-1.253732710073340861e-03
7.183940851777093073e-04
2.259276318251179916e-03
3.471747752624487759e-03
1.046257782257131730e-02
3.029638471996443094e-03
5.468394653146413376e-04
-7.156200773168475138e-04
8.005096384949839106e-03
-1.934830813326793297e-03
-1.025577903429830684e-03
1.235886469945213229e-03
6.374633620403136192e-03
6.765099109756755880e-04
-3.184481919952686368e-03
-2.465274344072732049e-03
4.738773526199446806e-04
4.690165402239210302e-03
6.620891781146998056e-03
8.714112638383397780e-03
-1.143237754466341904e-03
-6.022892584443995112e-03
-8.548922291870209023e-03
-4.526060020680677809e-03
-1.308207583492038140e-03
-3.744935159816442649e-03
-5.659425327192879607e-03
-2.589415002079431538e-03
-2.239656678324486450e-04
-8.410069736986547362e-03
5.943873648614816929e-03
-9.539226890827312566e-03
-4.656753813783942597e-03
2.867540286878300648e-04
1.580545286372747604e-03
1.137157663167798205e-03
1.809625196602659969e-04
-1.630750920779688862e-03
-1.355123792600165800e-03
