5.961950765445367395e-03
4.238893167373580795e-03
2.338863442551186722e-03
-1.821227515116774498e-02
-5.399852941035732101e-03
-2.104864233016257025e-03
4.599964600420225480e-03
6.441790039989458982e-03
-3.929326306537972435e-03
-8.291599867417565051e-03
-7.351310666108279435e-03
-7.144666501235463762e-03
8.083867674092859446e-03
5.358735154050719984e-03
-5.352704239526828722e-03
1.512341425570773445e-03
-3.602276651209157521e-03
4.004931805078326690e-03
-5.338204795997558705e-03
1.677283370820070729e-04
-2.206570176484068391e-03
-3.692174135997317030e-03
-2.239870286252276799e-03
-2.953708573334434817e-04
4.538274030812639026e-03
4.343256292940522734e-03
2.108114566481522623e-03
-6.331738611817794293e-04
5.991947080392745484e-03
-2.002983180988460177e-03
5.924804991996879266e-05
9.362643618598287532e-03
1.872875110030536305e-04
-1.324669648505194530e-03
-4.179773766760375153e-04
5.690993744743466642e-03
2.242759736820199024e-03
-8.852052214849637224e-03
4.589304810794225808e-03
1.629453939690272968e-03
3.057336496271600979e-04
-6.176053727828034745e-03
-6.387360714532608341e-03
-2.664730186701436132e-03
1.952703232447228210e-03
6.499241317272419494e-03
2.824688369956307454e-03
-3.873477465242136653e-03
1.724358861788011232e-03
-7.587640980574628102e-03
-9.582815605992833774e-03
-7.875374509837995696e-03
-7.418169249897244022e-03
1.111121621759636469e-03
-2.421853069303980810e-03
3.313469278250380512e-03
4.229647462155483595e-03
9.648500194312181755e-03
3.516669249640003159e-03
-4.345624423791383251e-03
-4.093531595072086304e-03
-4.435220630722325197e-03
-6.436219460569936324e-03
-2.868383586156486587e-03
3.398208162146421074e-03
5.820135655990044121e-03
2.991492777756343813e-03
4.441637665680842062e-04
-8.510204665190590489e-03
-2.966505356752580091e-03
8.351215800939337797e-03
3.496306166483331701e-03
3.923465590428665273e-03
4.091536312698984545e-03
3.536335967416093240e-03
2.169054463031061530e-03
3.168345505023317799e-03
5.227128943932068950e-03
-1.753932201222774268e-04
-9.730536828698621576e-03
-2.510891555823846488e-03
-7.864774135005303535e-03
-5.314876191420125906e-04
4.217929346905791022e-05
-7.714009231355456464e-04
-3.056522316108534199e-03
-2.753517870417554469e-03
-1.785123132049815098e-04
6.604717597031850573e-04
-1.132601215752204737e-03
8.528377880795412480e-04
3.330341043488171948e-04
6.328614600845772209e-03
-4.306128543162257571e-03
-5.058159745424228859e-03
-9.001968097384072109e-04
2.486667187841296034e-03
3.002777885392160506e-03
-9.361001858413375842e-04
-5.392835903965775834e-03
