1.074175635114094085e-02
-9.461359268336799744e-04
-1.099423655924114396e-02
-3.184797262165695031e-03
1.061871832716776431e-03
-5.959736122025383054e-03
-4.084434114853818798e-03
3.789522216694041212e-03
5.219638625323153036e-03
6.665101195127975942e-04
-1.079409225269389871e-03
-5.368830125169754552e-04
7.198818927279360125e-03
-7.446195596257809690e-03
-1.826295596358273876e-03
3.297581800843718547e-03
7.285896739235409036e-03
2.392973861163882887e-03
-1.246554299045377068e-02
3.542163656413688244e-04
-7.728613456637223322e-03
4.005421663878294680e-03
2.902947001992561837e-03
-6.317517617173584732e-03
-1.893870861931490346e-03
3.106304305461549120e-03
2.194619312442802617e-03
2.548915201930346264e-03
-6.277870030501064846e-03
-1.443532210258291482e-02
1.307404375674126040e-02
7.457524512492597069e-03
-1.731791248336334021e-03
-3.804537791194495533e-03
2.336261213971568829e-03
4.011719851169326390e-03
-4.656037252764644307e-03
9.115949686850921552e-03
-4.631065737702333429e-03
-2.196652977108692895e-03
-5.077562678311720035e-03
2.080306249732211121e-03
-5.685690514743213519e-03
5.486935011779325855e-03
-3.831201319223431767e-03
-8.575400877948169409e-03
-1.147019710576924201e-02
-5.663659134787280003e-03
1.406935707550682757e-03
-2.399678361653889702e-03
1.484162753529472134e-03
-4.721786284131446187e-03
-8.833605149408452206e-03
8.274596612333873225e-03
5.242215006001416100e-03
-5.979144110683010105e-03
-1.332103873476264688e-03
-1.507584515610838061e-03
-8.801023642011518433e-03
5.454623617913156863e-04
-1.902724114942300204e-03
2.806687418067888018e-03
2.669632895022200358e-03
-7.439560557631175186e-03
-9.473843507289636534e-03
3.134354701618269345e-04
3.479277163531024897e-03
-4.051915782078752137e-03
-9.899665811382574176e-03
1.267367509957706417e-03
5.610543217325902887e-03
-1.045250526086505261e-02
-1.620102900214193120e-03
-3.240872967022689899e-03
1.120665970379208787e-02
-5.182601400948061432e-03
3.292448789993462910e-03
1.985628211544021582e-03
-1.128882077206339041e-02
5.579688751683797854e-03
4.705011886017018696e-03
-7.680834091585708734e-04
6.199952196285329897e-03
4.153944479597049266e-03
-1.086172645333061126e-03
5.293332658434013460e-03
-3.363531054698665201e-03
3.789580786353830000e-03
-7.707827088029639562e-03
2.689292609253990385e-03
2.057629090226775759e-03
-2.852137988009428859e-03
5.832086961215399157e-03
-1.064059429048525018e-02
7.926309027215361347e-03
-3.338023633906783694e-03
-1.084587398974212746e-03
-2.461779304731015472e-03
-5.565770418307969258e-03
6.815206508158366816e-04
