-2.031278147299753201e-04
-1.272506751662683122e-03
-5.631604065528428293e-03
-2.343138965679947283e-03
-1.953713197193396311e-03
3.183406815922773525e-03
7.108331361096564827e-03
1.329278581047255159e-03
-3.750628114367549060e-03
1.007263989654072489e-02
-3.670946948426512257e-03
4.348546139624209772e-04
-4.013017369460691874e-03
-1.318535221858985196e-03
5.045164671581670035e-03
4.742191137414586422e-04
-7.217379319060523990e-03
5.011240861031662774e-03
1.122118242419289924e-02
2.306089764178120838e-03
-4.738551559565040705e-03
-4.105859684366719442e-03
-2.671191113267967765e-03
2.982219263436558521e-05
-2.714545597240713981e-03
-2.377419904502242609e-03
-2.786842025486513386e-03
2.076816550456883625e-03
1.064445913912526187e-03
6.263678919715354176e-03
-7.535218405873012060e-04
1.812164848810637885e-03
4.129479429343385632e-04
-2.506294795045271862e-03
3.298416833671047321e-03
-2.108105484252331685e-03
-5.232729311186345988e-03
7.353854750757560232e-03
1.577493388145834174e-03
8.307138288408122406e-04
-4.951027732078783217e-03
-2.234363980957443374e-03
2.906592109921168898e-03
-6.742684807722887363e-03
-2.612267685394575878e-04
-4.915383223934255419e-03
-6.671784631638866259e-04
1.918588024464540354e-03
2.662218304897989718e-03
2.276198232900594753e-03
-4.657216615166936968e-03
1.632466720545289185e-03
4.757831180351002054e-03
3.103971023212248603e-03
-1.868472732055037611e-03
-6.497431001243336723e-04
-7.991308956253329043e-04
-8.095989374436673991e-03
-6.406733888695281820e-03
-2.304685558354613306e-03
-3.599693742978082867e-03
-7.965276555603750808e-04
-2.703143236031491092e-03
-9.009271571976396054e-03
-2.175113780156112675e-03
2.486460567237447350e-03
-3.862778962676394201e-03
-4.873900534944852758e-03
-4.456951009390808238e-03
1.831654986709785327e-03
-3.629226968693055611e-03
4.764663971088434202e-03
-1.354419969764930620e-03
-3.957057573311884013e-03
-1.132024146743293436e-03
3.984988116632948163e-03
-6.179601043591054221e-04
-4.749823550045051412e-03
1.416975273660359136e-05
-1.252983798525453274e-03
1.636661720282872601e-03
3.303434736631860602e-03
7.960214153579725505e-03
-2.632901337620729976e-03
-5.917785066795411275e-03
-3.290328021909205702e-03
-9.733882760342149609e-04
-2.213494239617586068e-03
-4.407798144430596921e-03
-3.560021904939758564e-03
-1.231458767120829911e-03
-3.580401917795850153e-03
-5.404584216667673857e-03
-3.040357097687240717e-03
-4.705825722693846025e-03
-4.418102428697556761e-03
-2.172918252440148024e-03
-1.172802394745819932e-03
-4.941266652667142267e-04
4.689767209886674948e-05
