2.379548787089236228e-04
3.628293792833026110e-03
-7.759386895717867993e-03
-8.941718485178107301e-04
-2.022565694359212962e-03
-5.646006747877185816e-03
1.474088056258815449e-03
-3.240338355798288994e-03
-7.862646576251242081e-03
-4.704001817027347876e-03
1.214733468648754311e-03
7.443253095555046883e-03
6.351997682704557668e-03
-1.030007054907300379e-03
-7.580268664377776133e-04
-4.193074318599943062e-03
6.502777976598039800e-04
3.078901993975313722e-03
6.162495568949988289e-03
5.884799979239407897e-03
-3.055849178657643606e-03
2.572809258465702520e-03
8.206907131980134551e-05
-9.784981321834251844e-04
-4.114103141841241040e-04
3.384310244465504880e-03
3.598967257635865558e-03
5.837995243864191330e-03
-5.989973941575743588e-03
-2.906363077499918290e-03
-4.528040533209320984e-03
-5.733628867406581620e-03
1.287630617322843563e-02
3.162909724244711285e-04
6.604633833183548575e-03
5.315932002682210999e-03
-8.827637576708458056e-03
4.910918572077704880e-03
4.289896928506897744e-03
-2.958901511424194553e-03
2.180191991623559034e-03
-6.567813107567488373e-04
-5.077487951352877005e-03
-3.584599856804704388e-03
-6.155596882421732197e-03
1.327608686504744284e-02
1.415497580891289520e-02
-7.209622288526951195e-03
2.005249553807098017e-03
1.264172213908620890e-03
7.758464644167184510e-03
5.665432727995467488e-03
3.635507313742847302e-04
4.821729443668543169e-03
2.689051583698365278e-03
3.734845627665350776e-04
3.909817600438514340e-03
1.427806682980925501e-03
4.429718996239451201e-03
4.401090177043376350e-03
2.604910962083151205e-03
8.704233842125042031e-04
2.333277549047108046e-03
-1.184565320621278062e-03
-8.341643581259106099e-03
-2.788220204004154823e-04
3.092795149423177570e-03
-4.889144907355147396e-04
-3.493614355372431923e-03
-6.069463353862825095e-03
-5.041047660295228106e-03
9.525177748009872047e-04
8.313616773812149141e-03
3.777107626997122658e-03
2.279956237553171228e-03
1.136077510002886370e-03
-1.247838324835326418e-03
-2.442022299831259069e-03
-1.855978894346410613e-03
4.712768632115782452e-04
3.829854335369309304e-03
1.344574993007330299e-03
5.577082119725185194e-03
-2.382317122035626511e-03
9.224007449256110824e-03
2.836051480372359102e-03
-7.109997175262949831e-03
-1.024993350149527860e-02
-8.422767342408876701e-03
-3.136997332560231833e-03
6.609743119669886369e-04
4.168475065437049487e-03
5.952121937531362761e-04
-6.004789138373212154e-03
-7.160928099059771235e-03
3.084371316461109735e-03
4.525974535532717447e-03
-5.706514037830512365e-03
-3.432475004323976009e-03
-2.562306446693973783e-04
