4.528087868383767756e-03
1.325557872704385964e-03
1.799817084034427417e-03
-3.179494411964967071e-03
6.519336199962477707e-03
3.522708165370924682e-03
-9.945969478744043357e-04
1.932903011389930370e-03
5.208890340261285168e-03
7.450454697083275235e-04
-8.384386269176813400e-04
1.615135503490128244e-03
-3.396929449087648933e-04
-5.575074242678224046e-03
-4.391035083873506828e-03
-6.112202917082698583e-03
-8.296900849762978147e-03
5.507487491018814296e-05
1.013936435043438777e-03
7.528724765859751145e-03
-9.565707912522758427e-03
4.924558281459434639e-04
-1.045764859450759587e-02
-2.104302095158883112e-03
-2.410026207737114845e-03
3.363473530205829398e-03
-4.828622866129395064e-03
-5.817790307424908214e-03
5.301507701189200894e-03
2.878723596113963445e-03
-5.444824876899012622e-05
1.058578671884524702e-03
-7.094887618789291750e-03
-2.691286369141732138e-03
1.968036611268986213e-03
3.548820254307583077e-03
-4.513167218137659198e-03
-2.096604054893869140e-03
-4.195106563880113271e-04
6.222110034590611072e-03
3.038709756806090567e-03
-2.942102928962020414e-03
-5.148727080082404761e-03
1.092990557147621722e-03
-2.828484185129709338e-03
1.046945558284373412e-02
3.822707516114465243e-03
-2.707909073867642569e-03
-7.608276859866314190e-03
-7.675436976631089259e-03
-7.310493445818466718e-03
-4.270081316743334909e-03
-1.229907623504777892e-02
-6.509350182238859972e-04
-2.624996380699018417e-03
4.851322758666620771e-03
3.029501324181005373e-03
-1.950624290823044227e-03
-6.892147861060959890e-03
-4.948196167521734523e-03
-2.983803705855825328e-03
1.341578482173089171e-03
7.310014901218520045e-03
3.217059028185587088e-03
-3.742654432718706126e-03
-1.024221174593442640e-03
3.039693670821685956e-03
1.784825646195087323e-03
-7.369669691714375581e-03
1.045438241600638030e-03
4.020527896128056611e-04
-2.065841958115877119e-03
-1.628654010455088397e-03
-2.048577200940648879e-03
-1.289639338744708041e-03
-2.675060277953944521e-03
3.949325432611727749e-04
5.073982367372664726e-03
4.084935806798473124e-03
3.885142075700120934e-03
4.171523523797127098e-03
-2.520625118108910101e-03
1.044743089873012565e-05
-3.671792046811894750e-03
-8.084167067021752473e-04
6.325375849765002556e-04
1.400194559212919465e-03
-6.597337484743448499e-03
-1.401065407341717250e-02
-3.830197384443900788e-03
3.427876630170745287e-03
-1.319609087332862529e-03
-1.610412211856315778e-03
-2.962465869400632279e-03
3.048898939951860676e-03
6.302868652699022967e-03
6.295517688980845072e-03
6.113197275568582612e-03
3.057300890512038016e-03
2.398744920718121065e-03
