1.277384919002422237e-03
1.333890354239875009e-02
-1.733001513036236396e-03
-2.596175281616153185e-03
-6.397670423063939182e-04
-6.904839184842304078e-03
6.778822544406537531e-05
-4.808618701216071933e-03
3.366525204452242015e-03
-4.794664756848310283e-03
-7.752976471359640520e-03
3.470393149872519345e-03
4.392439729804964443e-03
-3.458911357089089478e-03
-8.553908630063888907e-03
-3.464863298022979876e-03
-8.335915500857771221e-04
-9.009042720118265457e-03
-2.462231339124709706e-03
3.307720585891238407e-03
-9.219862607176665392e-03
-1.003795843707155910e-02
1.916863941411328653e-04
-8.835273423549949712e-03
-4.916568126840603625e-03
1.875752568860744596e-03
4.615671924202091603e-03
5.514900792340515778e-04
1.883141502487584162e-03
3.451746259896748548e-03
-4.984924664099055214e-03
3.400955306540054401e-03
9.305857677752715773e-04
-2.523639082986695037e-03
-3.331932147149108125e-03
4.592021335962037654e-03
-7.988060920670614351e-04
2.550279795640042479e-04
1.910251746429669772e-03
-6.542894732625481602e-03
-3.479959295923484852e-03
6.747536046092017514e-03
5.583610756896284499e-04
4.199313614494770697e-03
-5.338050929109439124e-03
-5.268574318667784695e-03
-1.156876485583602232e-03
-5.294918194900355424e-03
5.520954666715760517e-03
2.240614410041974480e-03
-4.707579586404220251e-03
6.130832757687998402e-03
1.026228033389697814e-03
-1.894355443914030879e-03
4.952661800243007839e-03
7.285914248223335221e-03
3.187940231479280406e-03
5.997034848688964637e-03
-1.608502520994425922e-04
-1.016732666594066803e-02
2.639581269479829295e-03
1.675338169052520421e-03
-2.972715426204364242e-03
5.307145750034214515e-04
-7.439246397667242938e-03
-4.807721177901846943e-05
3.012937149796668379e-04
3.182089920973463215e-03
-5.630143263713249802e-03
5.488047947964092010e-03
5.630522753863886898e-03
4.894062383892450185e-03
-2.374979559431222853e-03
-2.674800593875925614e-04
-5.805942445730183366e-04
4.523969627017621065e-03
-5.462306946460548929e-03
-3.213639685424651837e-03
2.712245194700035889e-03
-3.151528386612700849e-03
-5.883981011719496834e-04
-6.591234742744478403e-03
-3.605352139277040457e-03
5.404062227857941991e-03
2.522345485188814962e-03
-5.463374439406143424e-04
-1.309511258859363814e-03
-6.602462877321912949e-03
-6.256097302015817263e-03
-1.241390223221783273e-03
-8.453158098641777585e-03
-1.344525674469132515e-02
4.519865840086567665e-03
-7.106834950054152777e-03
4.475604936529653521e-03
-3.615204426529183834e-04
-1.056462798951995907e-03
-5.259626477088219509e-03
-5.870520794830524913e-03
-3.969571186405174146e-03
