-5.066143802939904184e-03
-5.264684413162523668e-03
2.180155532466310220e-04
5.896838598090869965e-03
1.830098372958222086e-03
7.535951374484040066e-03
1.551403071352708274e-03
8.369726839634328286e-04
-3.434023245556305781e-03
-4.806257768704136346e-03
1.289499040790786921e-05
2.116654259360584156e-03
3.492276931460480682e-04
8.047241697255458348e-04
1.810134508734906333e-03
5.064365757099453802e-03
-8.212460920763442473e-04
-3.122785030737484924e-03
2.542644847998598578e-03
1.026237383641048773e-03
-4.153582763109064935e-03
8.928960861781520819e-04
-6.210649241013666000e-03
-4.028331019158781778e-03
-8.968082386705433784e-03
4.187397337422349430e-03
-3.610488584394833111e-03
-2.312884291504446743e-03
5.629489495109551989e-03
7.939716030784582657e-03
2.578862661864911310e-03
8.737104638521953071e-03
-5.924530330726707206e-03
2.117618222349348933e-03
7.340028817986454790e-03
-1.313607109652092930e-02
2.591520444684913826e-03
-2.796007947626244494e-03
7.032571669543186133e-03
8.925802820299866269e-03
-1.286323626119578734e-04
4.370360043916110548e-03
2.306752002084744291e-04
4.993748461235791858e-03
-4.318240513910831524e-03
3.433788769205525782e-03
-4.327666862385948221e-04
5.539366401188683398e-03
-6.466719747179605626e-03
-6.958656185707123853e-04
-4.107896884482764577e-03
8.491355486565876909e-03
-2.744692317568797613e-03
-2.901388648068659037e-03
-5.837757010481503528e-03
1.077326731568906126e-03
-1.189301428007327743e-03
1.565783563250100485e-03
-7.814469368249143955e-04
3.306664572045869832e-03
-3.282239238870610087e-03
-6.823234362473007408e-04
5.656099055120211716e-03
2.249009930813672398e-03
-4.145118437406614120e-03
-1.677161970152030168e-02
-1.428221636751159096e-04
2.499415321580489291e-03
-8.796671156459767715e-03
-1.124542364269709438e-02
6.984583769102936657e-04
-6.750116146147733254e-03
9.071398361418014922e-03
8.650204874130262844e-03
1.540379226633747933e-03
-7.021110016978693302e-03
-8.160532057027714004e-04
6.262168251842115119e-03
-2.778516270936171040e-03
-6.037476076915737622e-03
-4.670060182889512745e-03
-4.337144271284842922e-03
-3.566102760897971180e-04
2.423321732974215159e-03
-9.390656467194169466e-04
5.255431149994493900e-03
4.546969080881924086e-04
-1.774851114914488548e-03
-1.096063229604793410e-02
-3.731145290419846106e-05
-5.259843910802586286e-03
-1.821379519854393614e-03
-4.513907008297235457e-03
-1.388715073314394921e-03
6.322707335970734199e-03
4.957389769966735749e-03
-3.040358372949469867e-03
-1.295346385610218753e-02
5.116786219621305420e-03
4.508363608772936182e-03
