-2.171560507775449622e-03
-3.481723015150706146e-03
1.027463878455314727e-03
1.877740284274231897e-03
-4.998525619879568005e-03
2.625985488476922924e-03
9.856359915202062005e-03
-5.008792729978561731e-03
-4.028362537165541823e-03
5.986772475557344819e-03
1.802324878391381446e-03
2.127826440153857135e-03
5.131366827957783983e-03
3.426131927535935873e-03
-1.536004277882363489e-03
-9.287121918228780082e-03
2.891088679540132489e-03
-3.812491717514188139e-03
2.519829081176427898e-03
-1.121671138030744252e-03
-3.377100415598022209e-04
2.865423055841143096e-04
-4.930429736441310773e-03
1.710680015514887131e-03
4.536863020723536088e-03
-5.998395188924199317e-04
-5.465636532871687159e-03
-2.793292323695073520e-04
4.051505733681293187e-03
-4.573642170746516911e-05
-6.664215616493107675e-04
-3.513242809224381702e-03
-1.093690258410817684e-02
3.474625360800231988e-03
-4.079275570673890350e-03
-4.188563912399523304e-05
2.910604476447087308e-05
-2.799372574512792866e-03
-6.916374378074241491e-04
-1.787834433302659676e-03
-3.063274725946585342e-03
1.947395934066453727e-03
5.239740559147554322e-03
-3.273696976581974560e-03
-5.169439272774023486e-03
-1.526648414507447704e-03
-1.000634104605602204e-03
6.583143585830786293e-03
1.098517295791801018e-03
-1.466174416794829849e-02
-1.663859896936514815e-03
-2.448243983368847410e-03
-3.172294088562566117e-03
-1.065744207475294303e-03
3.284894171096675031e-03
-5.770241955551758117e-03
-3.089645492573733776e-03
-3.853432331572537173e-03
-3.123251974825547173e-03
4.679347338776285170e-03
-2.421639794455421324e-03
-3.482497480164714609e-03
3.409435321970022414e-03
1.819006948201251639e-03
2.928193559561753645e-03
-9.699407598814158149e-03
1.153658700142790039e-02
-3.058345512613191985e-04
3.338015662129101280e-03
-2.212110338269068777e-03
1.888207248422091311e-03
1.212322890789430119e-03
2.935306485621347328e-03
8.354146490468061792e-03
-9.716970803714808369e-03
-5.302116717967209070e-03
-8.694831833618743566e-03
-3.450135530535969330e-03
8.319974751575531791e-03
-2.642757707420284596e-03
-2.655116983263483554e-03
-4.017732726118272701e-03
-3.689058996237282173e-03
2.570735006699687020e-03
-3.296879145277875622e-03
-5.332826746946017771e-03
-5.731547097370337518e-03
-3.897951674258992583e-03
1.593481507417782161e-03
5.382436953908165123e-03
-4.871839035620051384e-03
-6.638524315138227827e-03
-4.655582137876534965e-03
-6.187745212239414982e-04
2.838946752965476605e-03
2.104702481766418387e-03
6.521326880146061100e-03
4.127417346962536371e-03
3.289564348101459146e-03
-1.757321314816540081e-03
