4.289866253368357363e-03
-2.016718527262928440e-03
-2.771697890866509084e-04
-1.071054311100105849e-02
-1.095431165708649068e-03
-7.264479753976926801e-03
-1.243096411731370310e-03
-1.926081548045632807e-03
-5.691302636682271654e-04
1.615285583499548316e-03
-1.894140533207355759e-03
8.137769055880261782e-03
-4.973677077893867704e-03
1.417027016938909867e-04
3.231343512511086757e-03
2.446549874111636491e-03
-3.297628476192415725e-03
7.163530238982307452e-03
7.714579313871983146e-03
-8.921380336418094359e-03
-1.177182450669778113e-03
-3.619118339987181798e-03
7.712037627922385674e-03
1.333681043202972205e-03
-5.507934541494674541e-03
-1.057612007605124305e-03
8.791836796930851960e-04
4.229063140182343083e-03
4.205470101557917673e-03
1.371281523429912497e-03
-4.712740857409913886e-04
-2.047108352373538942e-03
9.969143308027672568e-03
-1.030863480283250588e-03
1.517621350977660377e-03
-1.085690859658039464e-03
-4.101074689857320266e-04
3.999838488579099405e-03
7.052336395699687621e-03
3.003114986315336132e-03
-2.665616999147579769e-03
-6.224706690994064040e-03
-4.208356431425586131e-03
4.459979657263080099e-04
2.261207733606607206e-03
-2.637743345364707004e-03
-5.579447170318552196e-04
-5.846332149942012890e-03
-2.418080475754313952e-03
-1.181050048530418728e-03
-6.302060131154973988e-03
3.567812973615192007e-03
2.517649242181341229e-03
6.151857515302339152e-03
3.879491607335472381e-03
2.152039173516917536e-03
-4.263429918961336718e-03
-7.954004380107848604e-03
3.736743134921116649e-04
1.727347937551027002e-03
-2.967309786915395264e-04
-2.120423416466232780e-03
-2.847506776187169741e-03
-3.502698367746970298e-03
-3.012311461361716347e-03
5.413294650842392919e-03
7.656913621040595253e-03
3.735008263725858590e-03
-5.201146775888010332e-03
-4.448791695498277576e-04
-1.517161713728842898e-04
3.503291861447710431e-03
1.077258750826126654e-02
6.148233605386632661e-03
-1.541234601063923293e-03
-1.400112749834425685e-03
-2.866201931012835047e-03
-6.248408098821878198e-03
-2.893249714653656213e-03
-1.823232702857557896e-03
-9.329863017111028611e-03
-1.247305073160065447e-03
4.543203784851401750e-03
-1.041201609283337604e-03
4.975059179640251017e-03
1.175248660609728990e-02
5.997816505271647003e-03
-4.564302943903086884e-03
-9.470759535834427645e-03
-7.156776694648980808e-03
-1.465158168970859265e-03
-2.848150433692464567e-03
5.892042841085354254e-03
9.714561106321517592e-03
4.181306238893456317e-03
-5.148041790266066897e-04
7.512881894770062630e-04
2.589832225192933990e-03
1.262800771656413801e-04
5.288345303228192407e-04
