1.443512037400028785e+05
2.987947552400028799e+05
4.024445732400028501e+05
4.809539497400028631e+05
5.505756757400028873e+05
6.392169262400029693e+05
7.213792657400028547e+05
8.061372827400028473e+05
9.046258257400027942e+05
1.022173040740002878e+06
1.122326440740002785e+06
1.219786143240002915e+06
1.325509603740002727e+06
1.434062317240003031e+06
1.534443139240002492e+06
1.640524202740002889e+06
1.747943733740002848e+06
1.857540245740002953e+06
1.959868342740002787e+06
2.067734100740002934e+06
2.177064315240003169e+06
2.287673483740002848e+06
2.398207110740003176e+06
2.501916199240002781e+06
2.613387756240002811e+06
2.725086477240002714e+06
2.836775158740002662e+06
2.942762980740002356e+06
3.055680755240002647e+06
3.169080847240002826e+06
3.283039650240003131e+06
3.389986359740002546e+06
3.504647919240002520e+06
3.619433908240002580e+06
3.734725435240002815e+06
3.850219012240002863e+06
3.959736497740002349e+06
4.076217869240002707e+06
4.193058931240003556e+06
4.310159878740003332e+06
4.421250176740001887e+06
4.539148042240003124e+06
4.657628976240003482e+06
4.776373077740003355e+06
4.888625815740002319e+06
5.007884708740002476e+06
5.127595881240002811e+06
5.248136386740002781e+06
5.368804720740003511e+06
5.482758407740002498e+06
5.603971824240002781e+06
5.725831746240002103e+06
5.848214646740002558e+06
5.963214610240002163e+06
6.086264247740001418e+06
6.209082289240002632e+06
6.332588557240002789e+06
6.449438267240002751e+06
6.573910191740002483e+06
6.698625271740002558e+06
6.823495879240003414e+06
6.941368799240002409e+06
7.067228358740002848e+06
7.192955026240002364e+06
7.319523952240003273e+06
7.445605888740003109e+06
7.565636665740001947e+06
7.693164108740003780e+06
7.820439501740002073e+06
7.948854035740002058e+06
8.069766208740003407e+06
8.198327770740003325e+06
8.327813773740001954e+06
8.457132836740002036e+06
8.579501143240002915e+06
8.709292991740003228e+06
8.839592730740003288e+06
8.970389109740003943e+06
9.101569654240004718e+06
9.225107248740002513e+06
9.356821845740001649e+06
9.488836419740002602e+06
9.621909386240001768e+06
9.746310787240002304e+06
9.879485412240002304e+06
1.001268214374000207e+07
1.014636349274000339e+07
1.027220176174000278e+07
1.040663146474000253e+07
1.054121675424000248e+07
1.067597016424000263e+07
1.081151439874000289e+07
1.093883063324000314e+07
1.107482953524000198e+07
1.121145015474000387e+07
1.134749787824000232e+07
1.147635692774000391e+07
1.161321301024000347e+07
1.175070693224000186e+07
1.188851507674000226e+07
