1.493419989200007985e+05
3.080451934200007818e+05
4.097693094200007617e+05
4.858910679200008744e+05
5.552062799200008158e+05
6.442205824200009229e+05
7.281887189200008288e+05
8.130792794200007338e+05
9.121421539200008847e+05
1.028681237420000834e+06
1.127163213920000708e+06
1.225123549920000602e+06
1.331265534420000855e+06
1.439386821920000948e+06
1.539981493920000736e+06
1.645902543920000549e+06
1.753728686920000939e+06
1.863078309920000844e+06
1.965335928920000792e+06
2.073375766420000698e+06
2.182798621920000762e+06
2.293588005420001224e+06
2.403721093920000829e+06
2.507727653920001350e+06
2.619268145420000888e+06
2.730735396920001134e+06
2.843073688420000486e+06
2.948672756420000922e+06
3.061506820420001168e+06
3.174785085420000833e+06
3.288558833420000970e+06
3.396431797420001123e+06
3.510682889920001384e+06
3.625522707420000806e+06
3.741011242420000490e+06
3.856646759920000564e+06
3.965914192420001142e+06
4.082410892420001328e+06
4.199301170920001343e+06
4.316621120920000598e+06
4.427345237920001149e+06
4.545479412920000963e+06
4.664075507920000702e+06
4.782741438920000568e+06
4.894956773420000449e+06
5.014580178419999778e+06
5.134742864420000464e+06
5.254755133419999853e+06
5.375642041420000605e+06
5.489690444919999689e+06
5.610871052920000628e+06
5.732949826420000754e+06
5.855154586420000531e+06
5.970191358920000494e+06
6.093235197920000181e+06
6.216229439420000650e+06
6.340025123920001090e+06
6.456293303920000792e+06
6.580944439920000732e+06
6.705457517420001328e+06
6.830527302420001477e+06
6.948717180420001969e+06
7.074055532420000993e+06
7.200018357920001261e+06
7.326705621420001611e+06
7.453066161919999868e+06
7.573331978420000523e+06
7.700602244420001283e+06
7.828305365420000628e+06
7.956484708920000121e+06
8.077200490920000710e+06
8.206222867420000024e+06
8.335340943920001388e+06
8.464542746920000762e+06
8.586855167920000851e+06
8.716658340420000255e+06
8.847458397420000285e+06
8.978089219920001924e+06
9.109298398420000449e+06
9.232675745420001447e+06
9.364465863919999450e+06
9.496799807420000434e+06
9.629264581420000643e+06
9.753980225420000032e+06
9.887229840919999406e+06
1.002037565442000143e+07
1.015455917692000046e+07
1.028042103491999954e+07
1.041465020342000015e+07
1.054924747892000154e+07
1.068396769592000172e+07
1.081982006842000037e+07
1.094735962992000021e+07
1.108307379292000085e+07
1.121942610592000186e+07
1.135542564141999930e+07
1.148482426841999963e+07
1.162160900642000139e+07
1.175920618592000194e+07
1.189696773342000134e+07
