1.444586001000005053e+05
2.989998401000004378e+05
4.023814336000004550e+05
4.809630161000004155e+05
5.505675501000005752e+05
6.393015826000005472e+05
7.214253201000003610e+05
8.061078186000003479e+05
9.046183471000005957e+05
1.022311959100000560e+06
1.122287327100000344e+06
1.219777800600000191e+06
1.325451365100000519e+06
1.433689360600000480e+06
1.534603029600000475e+06
1.640603340100000612e+06
1.748038824100000318e+06
1.857585066600000486e+06
1.959908895600000629e+06
2.067989364100000821e+06
2.177259873600000516e+06
2.287964946600000374e+06
2.398350460100000724e+06
2.502182048100000247e+06
2.613790577100000344e+06
2.725272406600000337e+06
2.837572413100000471e+06
2.943230945600001141e+06
3.056112342600001022e+06
3.169520346600000747e+06
3.282763419100000523e+06
3.390557092600000091e+06
3.505156111600000411e+06
3.620035235100000631e+06
3.735533239100000821e+06
3.851069629100000486e+06
3.960340629600000568e+06
4.076728978600000963e+06
4.193695809600000270e+06
4.311360068099999800e+06
4.421761216099999845e+06
4.540017565100001171e+06
4.658376030100001022e+06
4.776992480100000277e+06
4.889352046600000933e+06
5.008678064099999145e+06
5.128925815600000322e+06
5.249236900100000203e+06
5.370024572600001469e+06
5.483965560100000352e+06
5.605364309600001201e+06
5.727029427600000985e+06
5.848954569600000978e+06
5.964451611100000329e+06
6.087412001099999994e+06
6.210639309100000188e+06
6.333605845600000583e+06
6.450690215600000694e+06
6.575205809600000270e+06
6.699897299599999562e+06
6.824745449599999934e+06
6.942575821100001223e+06
7.068409367100000381e+06
7.194417455099999905e+06
7.320985594100000337e+06
7.447426877599999309e+06
7.567362102099999785e+06
7.694660377100001089e+06
7.822229605600001290e+06
7.950828511600000784e+06
8.071411463600000367e+06
8.200310543600000441e+06
8.329442332599999383e+06
8.458857992100000381e+06
8.581372120100000873e+06
8.711016365100000054e+06
8.841692041600000113e+06
8.972052067600000650e+06
9.103715000599998981e+06
9.227142829100001603e+06
9.358911917600000277e+06
9.490900765100002289e+06
9.623687179099999368e+06
9.748383123599998653e+06
9.881772669099999592e+06
1.001454039560000226e+07
1.014848642910000309e+07
1.027434322460000031e+07
1.040885571660000086e+07
1.054387905110000074e+07
1.067837438660000265e+07
1.081423765810000151e+07
1.094125988310000114e+07
1.107716310810000077e+07
1.121384111510000005e+07
1.134987282809999958e+07
1.147881048560000025e+07
1.161556856410000101e+07
1.175345043560000136e+07
1.189118059160000086e+07
