1.490567776399994618e+05
3.015176491399995284e+05
4.015603901399995666e+05
4.780727891399995424e+05
5.481063786399994278e+05
6.408017431399996858e+05
7.250063726399994921e+05
8.073008996399994940e+05
9.031449756399996113e+05
1.021649156139999395e+06
1.122301595139999641e+06
1.219267589139999589e+06
1.324255587139999494e+06
1.433306909139999654e+06
1.534237050639999565e+06
1.639776512639999855e+06
1.747059276139999507e+06
1.856628167639999418e+06
1.959255498639999423e+06
2.067091000639999518e+06
2.176218839639999904e+06
2.287070506639999337e+06
2.397434646139999852e+06
2.501264376139999367e+06
2.612599425139999948e+06
2.724185579139999114e+06
2.836515261139999609e+06
2.941964375139999203e+06
3.054679601139999926e+06
3.168212749639999121e+06
3.281908459139999468e+06
3.389317459139999468e+06
3.503871620139999315e+06
3.618666033139999956e+06
3.734207360639999621e+06
3.849874377139999531e+06
3.958993115639999509e+06
4.075410990139999427e+06
4.192360869639999233e+06
4.309630694639999419e+06
4.420402884639999829e+06
4.538515989140000194e+06
4.656925547139999457e+06
4.775731651639999822e+06
4.888049390139999799e+06
5.007311963639999740e+06
5.127607387639999390e+06
5.247816823640000075e+06
5.368479143139999360e+06
5.482557044139999896e+06
5.603905783639999107e+06
5.725776654639999382e+06
5.847638835640000179e+06
5.963116768139999360e+06
6.086279118139998987e+06
6.209274575640000403e+06
6.333018667640000582e+06
6.449520075139999390e+06
6.573773329639999196e+06
6.698532513639999554e+06
6.823310277139998972e+06
6.941342392640000209e+06
7.066891106139998883e+06
7.192911262140000239e+06
7.319611949639998376e+06
7.445975915640000254e+06
7.566148941640000790e+06
7.693502711639999412e+06
7.821209191139998846e+06
7.949402621139999479e+06
8.070171619639999233e+06
8.199088998139999807e+06
8.328131219139999710e+06
8.457480344139998779e+06
8.579782248640000820e+06
8.709682138140000403e+06
8.840531218139998615e+06
8.971264108640000224e+06
9.102489564139999449e+06
9.226027112639999017e+06
9.357439516639998183e+06
9.489697018139999360e+06
9.621908682639999315e+06
9.747373774640001357e+06
9.880526678639998659e+06
1.001351154763999954e+07
1.014739202713999897e+07
1.027332003164000064e+07
1.040776915163999796e+07
1.054236603663999960e+07
1.067735339164000005e+07
1.081254272363999858e+07
1.094013966963999718e+07
1.107618246614000015e+07
1.121244472113999911e+07
1.134884432064000145e+07
1.147776823564000055e+07
1.161463603663999960e+07
1.175236951864000037e+07
1.189024792114000022e+07
