1.445751837399998331e+05
2.990928427399998764e+05
4.025616352399998577e+05
4.812326092399999034e+05
5.509249097399997991e+05
6.396493262399998493e+05
7.218066387399998493e+05
8.063664127399998251e+05
9.049642627399998019e+05
1.022603200239999918e+06
1.122700150239999872e+06
1.220129561739999568e+06
1.325880551740000024e+06
1.434416164239999838e+06
1.534947691239999607e+06
1.641087099239999894e+06
1.748475798739999998e+06
1.857980798239999684e+06
1.960345500740000047e+06
2.068488910739999963e+06
2.177644045739999972e+06
2.288373463740000036e+06
2.398856133739999495e+06
2.502614457739999518e+06
2.614185351739999838e+06
2.725755836739999708e+06
2.837989231739999726e+06
2.943539151739999652e+06
3.056512613239999861e+06
3.169837414239999838e+06
3.283397594239999540e+06
3.390908556739999913e+06
3.505632542239999864e+06
3.620421628239999991e+06
3.735900725739999674e+06
3.851626358239999507e+06
3.960758632739999797e+06
4.077455032239999622e+06
4.194301629740000237e+06
4.311415379239999689e+06
4.422327470240000635e+06
4.540485037240000442e+06
4.658994556239999831e+06
4.777652515739999712e+06
4.889987191739999689e+06
5.009335822239998728e+06
5.129578507740000263e+06
5.249985037239999510e+06
5.370638630739999935e+06
5.484588357739999890e+06
5.605941489239999093e+06
5.727458084739999846e+06
5.850007898740001023e+06
5.964962948240000755e+06
6.088067875239999965e+06
6.211158216239999048e+06
6.334518697739999741e+06
6.451595538239998743e+06
6.575826456739999354e+06
6.700502747740000486e+06
6.825407323739999905e+06
6.943367943739999086e+06
7.069169642740000039e+06
7.195022114740001038e+06
7.321589832739999518e+06
7.448067829239999875e+06
7.568157624739999883e+06
7.695482454239999875e+06
7.823295925739999861e+06
7.951373366240000352e+06
8.072195202239999548e+06
8.201155459239999764e+06
8.330250929740000516e+06
8.459659689740000293e+06
8.581831904240000993e+06
8.711765899739999324e+06
8.842631336240001023e+06
8.973338137240000069e+06
9.104129481240000576e+06
9.228081689739998430e+06
9.359654759240001440e+06
9.492031794739998877e+06
9.624747617740001529e+06
9.749318653739999980e+06
9.882723689739998430e+06
1.001564430874000117e+07
1.014933651074000075e+07
1.027525894023999944e+07
1.040948639073999971e+07
1.054421272223999910e+07
1.067932271223999932e+07
1.081505932774000056e+07
1.094240831723999977e+07
1.107813020374000072e+07
1.121481397323999926e+07
1.135094433774000034e+07
1.147987003973999992e+07
1.161662629574000090e+07
1.175414447723999992e+07
1.189202629073999822e+07
