1.445963264000012423e+05
2.991270504000012879e+05
4.029401539000012563e+05
4.814684824000012595e+05
5.514482029000013135e+05
6.398771644000012893e+05
7.222343454000011552e+05
8.068277484000013210e+05
9.054095129000011366e+05
1.023180839400001336e+06
1.123319145400001202e+06
1.221234742900001351e+06
1.326693995400001295e+06
1.435291282400001306e+06
1.535894000400001183e+06
1.641920836400001310e+06
1.749813947900001425e+06
1.858920717400001129e+06
1.961417983400001191e+06
2.069534957400001120e+06
2.179169668400001246e+06
2.289446963900001720e+06
2.399845300900001079e+06
2.503799304400001653e+06
2.615324728400000837e+06
2.726975599400001578e+06
2.839602358400001191e+06
2.945095361400000751e+06
3.057982092400001362e+06
3.171368345400000922e+06
3.285611355900001712e+06
3.392771915400001220e+06
3.507292912900001276e+06
3.622122572400000878e+06
3.737809819400001317e+06
3.853562910900000483e+06
3.962883004400001839e+06
4.079196588900000788e+06
4.196268332900000736e+06
4.313561705900001340e+06
4.424579252900000662e+06
4.542625450400002301e+06
4.661230640900000930e+06
4.779840220900001004e+06
4.892213526400001720e+06
5.011652103400000371e+06
5.132117455900002271e+06
5.252026995900001377e+06
5.372905333900000900e+06
5.486928004400001839e+06
5.608168394400001504e+06
5.730116413400001824e+06
5.852904089900000952e+06
5.967861371900001541e+06
6.090878881900001317e+06
6.214096326900000684e+06
6.337248943400001153e+06
6.454380081900001504e+06
6.578958374400001019e+06
6.703510516400001943e+06
6.828427151900000870e+06
6.946541456400001422e+06
7.072278620900001377e+06
7.198214430900000967e+06
7.324878964400000870e+06
7.451457865400000475e+06
7.571687366900000721e+06
7.698800218900000677e+06
7.826798405400000513e+06
7.955029245900001377e+06
8.075779106900000945e+06
8.204759433900000528e+06
8.334115564900001511e+06
8.463042215900002047e+06
8.585459418900001794e+06
8.715529111900001764e+06
8.846368742400001734e+06
8.977120976400002837e+06
9.107759299400001764e+06
9.231859489900002256e+06
9.363654334400001913e+06
9.495766789900001138e+06
9.628760645400000736e+06
9.753025508900001645e+06
9.886489864900004119e+06
1.001955873690000176e+07
1.015369066139999777e+07
1.027958723240000010e+07
1.041387978240000084e+07
1.054880581640000269e+07
1.068374110790000111e+07
1.081953273640000075e+07
1.094698031740000099e+07
1.108264474940000288e+07
1.121866227640000358e+07
1.135553137840000167e+07
1.148454772289999947e+07
1.162143355040000007e+07
1.175912700390000269e+07
1.189652180540000275e+07
