1.441642809200013289e+05
2.990787449200013652e+05
4.026153584200013429e+05
4.809810689200012712e+05
5.507767099200014491e+05
6.392873854200013448e+05
7.215673359200013801e+05
8.060969304200015031e+05
9.049075199200012721e+05
1.022406245920001413e+06
1.122276001920001348e+06
1.219981000420001335e+06
1.325575885920001194e+06
1.434023618920001201e+06
1.534875974420001265e+06
1.640625526420001406e+06
1.748237783420001157e+06
1.857756084420001134e+06
1.960146547920001438e+06
2.068145477920001373e+06
2.177421980920000933e+06
2.288085523420001380e+06
2.398359653920001350e+06
2.502365063420001417e+06
2.613826293920001481e+06
2.725289700420001056e+06
2.837620596920001321e+06
2.943575731920001097e+06
3.056018255420001224e+06
3.169468145420001354e+06
3.283040464420001488e+06
3.390063199420001358e+06
3.505180014920000918e+06
3.620016572920001112e+06
3.735484391920001712e+06
3.850928037920000963e+06
3.960328891920001246e+06
4.076819050420001149e+06
4.193997841420001350e+06
4.311130230420000851e+06
4.421798745920002460e+06
4.540070944920001552e+06
4.658664226920001209e+06
4.777149713420001790e+06
4.889430548920001835e+06
5.008897690920000896e+06
5.128885513420000672e+06
5.249158902420001104e+06
5.369889515420001000e+06
5.483769458420000970e+06
5.604940290420001373e+06
5.726980386420002207e+06
5.849422660920001566e+06
5.964426206920001656e+06
6.087337072920002043e+06
6.210297541420001537e+06
6.334116900420000777e+06
6.451259214420000091e+06
6.575184964420001023e+06
6.699768533420001157e+06
6.824631035420000553e+06
6.942639485420001671e+06
7.068408134920001030e+06
7.194485208920001052e+06
7.320940441420001909e+06
7.447392612920001149e+06
7.567681097420001402e+06
7.695118106420001015e+06
7.822739785920001566e+06
7.950825313420001417e+06
8.071289563920000568e+06
8.200350835420001298e+06
8.329411080420000479e+06
8.458731713419999927e+06
8.580822100420001894e+06
8.710727381920002401e+06
8.841558607420001179e+06
8.972409298920001835e+06
9.103500604919999838e+06
9.227066842920001596e+06
9.358669095920000225e+06
9.491029800420001149e+06
9.623371438920000568e+06
9.748345966420000419e+06
9.881568451920000836e+06
1.001468581842000037e+07
1.014847838991999999e+07
1.027438967042000219e+07
1.040910522142000124e+07
1.054321536542000249e+07
1.067811778192000091e+07
1.081396400542000309e+07
1.094144613991999999e+07
1.107736568442000076e+07
1.121368104092000052e+07
1.134970324942000210e+07
1.147881700342000276e+07
1.161565175842000172e+07
1.175324914692000113e+07
1.189083763892000169e+07
