1.460392426600011822e+05
3.021695016600011731e+05
4.059494896600011853e+05
4.846309146600012318e+05
5.525079581600010861e+05
6.394730956600012723e+05
7.232938141600012314e+05
8.073546706600011094e+05
9.068651871600011364e+05
1.024128953660001280e+06
1.122784504160001408e+06
1.220644902160001453e+06
1.326854184160001110e+06
1.434902844660000876e+06
1.535507654660001397e+06
1.641619215660001151e+06
1.749370454660001211e+06
1.858780048160001170e+06
1.960950461660000961e+06
2.069049259160001297e+06
2.178446167160000652e+06
2.289305221660001203e+06
2.399518680660001002e+06
2.503319347660001367e+06
2.614876616160001140e+06
2.726605734160001390e+06
2.838540191660000943e+06
2.944323259660000913e+06
3.057435823660001159e+06
3.170742541160001419e+06
3.284649623160000890e+06
3.391866589660001453e+06
3.506536368660001550e+06
3.621415744660000782e+06
3.736580400160001591e+06
3.852211125160001218e+06
3.961738255660001654e+06
4.078160535160000902e+06
4.195046871660001576e+06
4.312684984160000458e+06
4.423105617160000838e+06
4.541226480660000816e+06
4.659717068660001270e+06
4.778479240160001442e+06
4.890637586660001427e+06
5.009999103160001338e+06
5.130247100160000846e+06
5.250573006160001270e+06
5.371224558160001412e+06
5.485082691160000861e+06
5.606511895660000853e+06
5.728490448660001159e+06
5.850902755160002038e+06
5.965823000660000369e+06
6.088894263160000555e+06
6.211780342160001397e+06
6.335350777660001069e+06
6.452410569160001352e+06
6.576725350660000928e+06
6.701105460660001263e+06
6.826262433660001494e+06
6.944124100660000928e+06
7.069859311660001054e+06
7.195758990160001442e+06
7.322275890660000965e+06
7.449047724160000682e+06
7.568604784160001203e+06
7.695749399660001509e+06
7.823750517660000362e+06
7.951731677160000429e+06
8.072270375660001300e+06
8.201433108660001308e+06
8.330582777160001919e+06
8.459706192660002038e+06
8.582146692660000175e+06
8.712149020660001785e+06
8.842830085660001263e+06
8.973228309160001576e+06
9.104661822660000995e+06
9.227974694160003215e+06
9.359657599160000682e+06
9.491961291160000488e+06
9.623976754160001874e+06
9.748976913159999996e+06
9.882072599659999833e+06
1.001509560066000000e+07
1.014963068916000053e+07
1.027536543866000138e+07
1.040942465716000088e+07
1.054422634966000170e+07
1.067894849916000105e+07
1.081422524666000158e+07
1.094208274765999988e+07
1.107770041115999967e+07
1.121417312166000158e+07
1.135055516066000238e+07
1.147928614265999943e+07
1.161636458716000244e+07
1.175381232215999998e+07
1.189150126366000250e+07
