1.443143372600005241e+05
2.987886597600005334e+05
4.024356942600004841e+05
4.809188112600004533e+05
5.507578022600004915e+05
6.392665647600004449e+05
7.214645382600005250e+05
8.062447147600005846e+05
9.047575817600005539e+05
1.022263188760000514e+06
1.122322231760000577e+06
1.219928697260000510e+06
1.325491952760000248e+06
1.434163643260000739e+06
1.534754840260000434e+06
1.640702457760000136e+06
1.748328872260000557e+06
1.857468388260000385e+06
1.960010683260000776e+06
2.068001346760000568e+06
2.177322454260000959e+06
2.288082141259999946e+06
2.398395825760000385e+06
2.502296828260000795e+06
2.613719481260000262e+06
2.725292988760000095e+06
2.837330466260000598e+06
2.943290023260000162e+06
3.056188497760000639e+06
3.169559759760000743e+06
3.283629173760000616e+06
3.390788921760000288e+06
3.505362092760000378e+06
3.620116003260000143e+06
3.735627778260000516e+06
3.851309259260000661e+06
3.960424448260000907e+06
4.076886065760000609e+06
4.193692659760000184e+06
4.310972155260000378e+06
4.421834895260000601e+06
4.540086593260000460e+06
4.658487643760000356e+06
4.777264437760000117e+06
4.889584455260001123e+06
5.008891391759999096e+06
5.128904920260000974e+06
5.249036773260000162e+06
5.369844127760000527e+06
5.483721048259999603e+06
5.605106706259999424e+06
5.726855000260001048e+06
5.849395782759999856e+06
5.964326840260000899e+06
6.087350001760001294e+06
6.210316091760000214e+06
6.333796976760000922e+06
6.450887077260000631e+06
6.575245067760000005e+06
6.699715601759999990e+06
6.824680205259999260e+06
6.942633741760000587e+06
7.068401871760001406e+06
7.194252424759999849e+06
7.320858046260001138e+06
7.447699016259999946e+06
7.567193049260000698e+06
7.694874584259999916e+06
7.822344942259999923e+06
7.950585308260000311e+06
8.071179763259999454e+06
8.200071120260000229e+06
8.329473116760000587e+06
8.458657747759999707e+06
8.580948223260000348e+06
8.710851710760001093e+06
8.841534351759999990e+06
8.972222751760000363e+06
9.103027914760001004e+06
9.226866309259999543e+06
9.358680231760000810e+06
9.490826600260000676e+06
9.623441461260002106e+06
9.748060946759998798e+06
9.881262602260001004e+06
1.001439523876000196e+07
1.014819050425999984e+07
1.027418546776000038e+07
1.040847752276000008e+07
1.054308007976000011e+07
1.067813819426000118e+07
1.081316645676000044e+07
1.094108853475999832e+07
1.107676422726000100e+07
1.121327865225999802e+07
1.134950905776000209e+07
1.147845781926000118e+07
1.161534102826000005e+07
1.175271584875999950e+07
1.189092176776000112e+07
