1.443229145600055344e+05
2.995692345600055414e+05
4.026262275600055000e+05
4.811824735600054846e+05
5.508920045600056183e+05
6.394695630600054283e+05
7.218118190600057133e+05
8.063142555600055493e+05
9.049818715600054711e+05
1.022577192560005467e+06
1.122443802560005570e+06
1.220031887060005683e+06
1.325685880560005782e+06
1.434095521560005378e+06
1.534928012560005533e+06
1.640895034560005646e+06
1.748467952560005710e+06
1.857696716060005594e+06
1.960186689560005441e+06
2.068198733560005669e+06
2.177464997060005553e+06
2.288239928060005419e+06
2.398499544560005423e+06
2.502250860060005449e+06
2.613844996060005389e+06
2.725483144060005434e+06
2.837668595060005784e+06
2.943255664560005534e+06
3.056110599060005508e+06
3.169611533560005482e+06
3.283255788060005289e+06
3.390678992560005747e+06
3.505103057060006075e+06
3.619959308060005307e+06
3.735609130060005467e+06
3.851140618560005445e+06
3.960489605560005642e+06
4.076783327560005710e+06
4.193755345060005784e+06
4.311208108560005203e+06
4.421964073560005985e+06
4.540063575560005382e+06
4.658428325560005382e+06
4.777083208060005680e+06
4.889543173060005531e+06
5.009043946060005575e+06
5.129107448560005985e+06
5.249238539060005918e+06
5.370076742060005665e+06
5.484065117060005665e+06
5.605595778060005978e+06
5.727253947560004890e+06
5.849736655560005456e+06
5.964564444560006261e+06
6.087687858060006052e+06
6.210733259560005739e+06
6.334325224060004577e+06
6.451081535060006194e+06
6.575367431560005061e+06
6.700137438060005195e+06
6.825169255560006015e+06
6.942888940560005605e+06
7.068539580560006201e+06
7.194525262060006149e+06
7.321059237060004845e+06
7.447809275060005486e+06
7.567596807060007006e+06
7.695041806060004979e+06
7.822662605560004711e+06
7.950875115560006350e+06
8.071601543060004711e+06
8.200413727560006082e+06
8.329599509560005739e+06
8.459029787560004741e+06
8.581475496060006320e+06
8.711396319060007110e+06
8.841940771560005844e+06
8.972436499060004950e+06
9.103537357560005039e+06
9.227328329060006887e+06
9.359134078060004860e+06
9.491300366060005501e+06
9.623542228060003370e+06
9.748488153560005128e+06
9.881873324560005218e+06
1.001505153106000647e+07
1.014903434456000477e+07
1.027465285356000438e+07
1.040933027406000346e+07
1.054395914206000417e+07
1.067885970806000568e+07
1.081447077056000382e+07
1.094165590556000546e+07
1.107750301956000552e+07
1.121402972006000578e+07
1.135027178956000507e+07
1.147916982756000571e+07
1.161581426756000519e+07
1.175344784806000441e+07
1.189148384406000562e+07
