1.445414524400017108e+05
3.057822014400016633e+05
4.122773034400016768e+05
4.897708494400017662e+05
5.580689434400016908e+05
6.465923024400016293e+05
7.286844669400018174e+05
8.140201409400017001e+05
9.146899434400016908e+05
1.031295140940001700e+06
1.130260288440001663e+06
1.228360159440001938e+06
1.334417761440001428e+06
1.442881548440001672e+06
1.542849461440001847e+06
1.649492747940001544e+06
1.757161836440001614e+06
1.866441423940001754e+06
1.968801184440001380e+06
2.076617057940001599e+06
2.186519238440001383e+06
2.296847446940002032e+06
2.407210554440001957e+06
2.511082123440001626e+06
2.622512556940001436e+06
2.734217900940001942e+06
2.846582892440001946e+06
2.952272083440001588e+06
3.065142531440001912e+06
3.178685881440001540e+06
3.291918545940001495e+06
3.399571613940001931e+06
3.514232493940001819e+06
3.628956505440001376e+06
3.744268803940001875e+06
3.860075519440001808e+06
3.969532333940002136e+06
4.086213317440002225e+06
4.203039297440001741e+06
4.320313976940002292e+06
4.431109814440001734e+06
4.549453060440002009e+06
4.667386376440001652e+06
4.786406721940001473e+06
4.898589892440001480e+06
5.018207910940001719e+06
5.138223441440002061e+06
5.258705354440001771e+06
5.379392576440002769e+06
5.493228490940002725e+06
5.615008403440001421e+06
5.736875864440001547e+06
5.858739217940000817e+06
5.974167172440002672e+06
6.096946240940000862e+06
6.220147365940000862e+06
6.344014419940000400e+06
6.460593134940002114e+06
6.584810570940000936e+06
6.709419582440001890e+06
6.834466675440002233e+06
6.952368453440001234e+06
7.078277310440002009e+06
7.204352389440000989e+06
7.330616659940001555e+06
7.457555378940001130e+06
7.577204927440002561e+06
7.704700922440001741e+06
7.832070711940003559e+06
7.960401403440000489e+06
8.081101697440001182e+06
8.209882452940002084e+06
8.338794398440001532e+06
8.468692045440001413e+06
8.590870777440000325e+06
8.720720430440001190e+06
8.851389835940003395e+06
8.981907737440001220e+06
9.113664601940002292e+06
9.236785118440002203e+06
9.368821798439998180e+06
9.501264780440000817e+06
9.633190098440002650e+06
9.758442922940000892e+06
9.891080643440000713e+06
1.002446625694000348e+07
1.015815091344000027e+07
1.028452799344000220e+07
1.041880822594000213e+07
1.055352913794000074e+07
1.068857061644000001e+07
1.082403532544000261e+07
1.095193025744000077e+07
1.108754785444000177e+07
1.122320444994000159e+07
1.135982287944000214e+07
1.148865748094000295e+07
1.162597706644000299e+07
1.176406491444000229e+07
1.190111736694000103e+07
