1.445237920800033025e+05
2.990927895800033584e+05
4.029150400800033240e+05
4.814022295800033025e+05
5.512260430800032336e+05
6.397739050800033147e+05
7.221114125800032634e+05
8.067144005800032755e+05
9.055026120800032513e+05
1.023071402080003405e+06
1.123049997580003459e+06
1.220675001580003416e+06
1.326253426080003148e+06
1.434749663080003578e+06
1.535597896580003435e+06
1.641640454580003396e+06
1.749381901580003556e+06
1.858640501080003101e+06
1.961169404580003116e+06
2.069213488580003381e+06
2.178412914080003276e+06
2.289255789080003276e+06
2.399618973080003168e+06
2.503552586080003530e+06
2.615158966080003418e+06
2.726754052580003627e+06
2.838964077080002986e+06
2.944709179080003407e+06
3.057587305080003105e+06
3.171167104080003221e+06
3.284717222580003552e+06
3.392329977080003358e+06
3.506891886580002960e+06
3.621795415080002975e+06
3.737267567580003291e+06
3.852849179580003023e+06
3.962207455080003478e+06
4.078743983080003411e+06
4.195768949580003507e+06
4.313230428080002777e+06
4.423987009080003947e+06
4.542189511580003425e+06
4.660585010080002248e+06
4.779414168580003083e+06
4.891816630580003373e+06
5.011043720580004156e+06
5.131268878580003977e+06
5.251419124580003321e+06
5.372345488080004230e+06
5.486341870580003597e+06
5.607784173080002889e+06
5.729549474580002949e+06
5.851963132080003619e+06
5.967143711580002680e+06
6.090258275580003858e+06
6.213166280080003664e+06
6.336857236080002971e+06
6.453723255080003291e+06
6.578115277080003172e+06
6.702956027080003172e+06
6.827737612580003217e+06
6.945673648080003448e+06
7.071584756580002606e+06
7.197648326080003753e+06
7.324385405580002815e+06
7.450863582080003805e+06
7.570685942580003291e+06
7.698251826080002822e+06
7.826003376080003567e+06
7.954220066580003127e+06
8.074886579580003396e+06
8.203504549080003053e+06
8.333011636580003425e+06
8.462410467580001801e+06
8.584815481580004096e+06
8.714894821080002934e+06
8.845363149580003694e+06
8.976123441080003977e+06
9.107420221080005169e+06
9.231066187080003321e+06
9.362969130080003291e+06
9.495008764080002904e+06
9.627410633580002934e+06
9.752370747580002993e+06
9.885637054080002010e+06
1.001883855608000234e+07
1.015287235408000275e+07
1.027882242708000541e+07
1.041334622708000243e+07
1.054793394508000463e+07
1.068277990208000317e+07
1.081810708158000186e+07
1.094585487808000296e+07
1.108172329458000325e+07
1.121817117258000374e+07
1.135456635608000308e+07
1.148346813408000395e+07
1.162057323558000475e+07
1.175820979858000204e+07
1.189600055858000368e+07
