1.446368907199978712e+05
2.992872067199979210e+05
4.030997252199978684e+05
4.818244517199979164e+05
5.518870237199978437e+05
6.403415872199978912e+05
7.228416857199978549e+05
8.075423977199979126e+05
9.061569377199979499e+05
1.023960498219997855e+06
1.124162214719998185e+06
1.222251142719998024e+06
1.327629482719997875e+06
1.436406042719997931e+06
1.537087015719997697e+06
1.643163568219997920e+06
1.751190906219997909e+06
1.860401291719997767e+06
1.963006528719997965e+06
2.071217751719997730e+06
2.180929242719997652e+06
2.291422889219998382e+06
2.401890493219998199e+06
2.505859029219998047e+06
2.617373834219997283e+06
2.729193734719997738e+06
2.841917277719997801e+06
2.947571757219997700e+06
3.060478586219998077e+06
3.174340676219997928e+06
3.287617927719998173e+06
3.395649863219997846e+06
3.510262134719997644e+06
3.625260919219997711e+06
3.740745252219997812e+06
3.856479739219998010e+06
3.966132419219998177e+06
4.082828279219998047e+06
4.199707659219997004e+06
4.317540595719997771e+06
4.428178993219998665e+06
4.546646842719997279e+06
4.664725224719997495e+06
4.783896289719996974e+06
4.896261610219998285e+06
5.015761163219997659e+06
5.135660733219997957e+06
5.256516045719997957e+06
5.377230712219997309e+06
5.491236781219996512e+06
5.612933433719998226e+06
5.734893412219997495e+06
5.856997810719998553e+06
5.972589394219998270e+06
6.095598945219997317e+06
6.218737192719997838e+06
6.343042701719997451e+06
6.459682129719998688e+06
6.584048273719998077e+06
6.708882105719997548e+06
6.833972427219996229e+06
6.952289047719998285e+06
7.078104412219997495e+06
7.204248006219997071e+06
7.330815710719997063e+06
7.457969615219998173e+06
7.577824714219997637e+06
7.705303834219997749e+06
7.832738332219998352e+06
7.961251445719997399e+06
8.082273123719997704e+06
8.211456291719997302e+06
8.340384672219997272e+06
8.470219977719997987e+06
8.592608987219996750e+06
8.722615092719998211e+06
8.853314081719998270e+06
8.984294762219997123e+06
9.115781789219997823e+06
9.239372151219997555e+06
9.371370053719997406e+06
9.504050795719997957e+06
9.635875180219998583e+06
9.761032514219999313e+06
9.894052963220000267e+06
1.002789618621999770e+07
1.016212360571999848e+07
1.028810221971999854e+07
1.042246182021999732e+07
1.055744585921999812e+07
1.069239437021999806e+07
1.082821765771999583e+07
1.095559975121999905e+07
1.109174430921999924e+07
1.122773925271999836e+07
1.136472099971999601e+07
1.149418924871999770e+07
1.163096238371999748e+07
1.176918853421999887e+07
1.190644542821999826e+07
