1.447045030800013046e+05
3.003286340800013277e+05
4.025051740800013649e+05
4.810748605800012592e+05
5.506663150800012518e+05
6.390879855800012592e+05
7.215095495800012723e+05
8.061030470800013281e+05
9.047334100800012238e+05
1.022318801580001134e+06
1.122211566080001183e+06
1.219757152580001159e+06
1.325646746580001432e+06
1.433851256580001442e+06
1.534790751580001321e+06
1.640574936580001377e+06
1.748005025080001447e+06
1.857577466080001090e+06
1.959960967080001254e+06
2.067919246580001432e+06
2.177168597080001142e+06
2.287916960080001038e+06
2.398157270080001093e+06
2.502018058080001734e+06
2.613611475080002099e+06
2.725166271080001257e+06
2.837448119580001570e+06
2.943359984580001328e+06
3.055827595080001280e+06
3.169351764580001123e+06
3.282975211080001667e+06
3.390129202580001205e+06
3.505047491080000997e+06
3.619822681080001406e+06
3.735233664580001030e+06
3.850782409580001142e+06
3.960264638580000959e+06
4.076529188580000773e+06
4.193572164080000482e+06
4.310888453080001287e+06
4.421373917580001056e+06
4.539775278080001473e+06
4.658225123580002226e+06
4.776865865580000915e+06
4.889204324580001645e+06
5.008558643080001697e+06
5.128595815580001101e+06
5.248801109580000862e+06
5.369385489580000751e+06
5.483515216580001637e+06
5.605081476080001332e+06
5.726987326580001041e+06
5.849242496080000885e+06
5.964079661080000922e+06
6.087270536080000922e+06
6.210293835580001585e+06
6.334101343580001034e+06
6.450936500580001622e+06
6.574938679580001161e+06
6.699645983080001548e+06
6.824624240580001846e+06
6.942527721580002457e+06
7.068243983080000617e+06
7.194097602080001496e+06
7.320658791080001742e+06
7.447223164580002427e+06
7.567403947580002248e+06
7.694474491580002010e+06
7.822388092080000788e+06
7.950424105080001988e+06
8.071113987580001354e+06
8.200037026080001146e+06
8.328974032080001198e+06
8.458344545080002397e+06
8.580574224580001086e+06
8.710661664580002427e+06
8.841613706579999998e+06
8.972007726080000401e+06
9.103290117079999298e+06
9.226897772080000490e+06
9.358669072080001235e+06
9.491009424080003053e+06
9.623108977080000564e+06
9.747586718080000952e+06
9.881122106580000371e+06
1.001425263858000189e+07
1.014849054508000053e+07
1.027433051158000156e+07
1.040856550958000124e+07
1.054334686508000083e+07
1.067826291607999988e+07
1.081398207808000222e+07
1.094131003208000213e+07
1.107705141808000021e+07
1.121347649708000198e+07
1.134950949758000299e+07
1.147860802058000118e+07
1.161523618808000162e+07
1.175278386408000067e+07
1.189065733958000317e+07
