1.459049086200050078e+05
3.008670421200049459e+05
4.041200501200050348e+05
4.835993416200049687e+05
5.515091321200048551e+05
6.389184781200049911e+05
7.209070506200050004e+05
8.061674491200051270e+05
9.052977426200050395e+05
1.022242003620004980e+06
1.121758946620005183e+06
1.219365328620004933e+06
1.325315110620004823e+06
1.433246035620004870e+06
1.533871325120004825e+06
1.640055317120004911e+06
1.747283839120004792e+06
1.856842196120004868e+06
1.959207942120004911e+06
2.067084144120004959e+06
2.176360089620004874e+06
2.286946416120004840e+06
2.397415230620005168e+06
2.501137934620005079e+06
2.612413151120005175e+06
2.724256251120004803e+06
2.835852208620005287e+06
2.941950463620005175e+06
3.054591949120005593e+06
3.168005033120004926e+06
3.281379327620005235e+06
3.389013432120005134e+06
3.503637615620004945e+06
3.618207516120005399e+06
3.733606425120004918e+06
3.849328690120005049e+06
3.958401363120005000e+06
4.075004247120005079e+06
4.191625709120004438e+06
4.308915066120006144e+06
4.419680030120003968e+06
4.537603470120005310e+06
4.656254061120005324e+06
4.774614863120004535e+06
4.886681653620004654e+06
5.006142696620005183e+06
5.126201732120005414e+06
5.246690010620005429e+06
5.366985418120005168e+06
5.480947800120005384e+06
5.602239481620005332e+06
5.724160772120004520e+06
5.846630068620005623e+06
5.961490045120005496e+06
6.084351273620005697e+06
6.207121898620004766e+06
6.331459189620004967e+06
6.447581865120004863e+06
6.571661776120005175e+06
6.696213566120005213e+06
6.820742449620004743e+06
6.939105002620005049e+06
7.064720516620004550e+06
7.190390650620004162e+06
7.316837578620005399e+06
7.443463303620005026e+06
7.563220967620005831e+06
7.690377353620005772e+06
7.818308879620004445e+06
7.946074982620004565e+06
8.066903501620005816e+06
8.195773476620003581e+06
8.325174543120006099e+06
8.454069184620007873e+06
8.576243357620004565e+06
8.706015631120003760e+06
8.836826407620005310e+06
8.967153212620005012e+06
9.098451411120004952e+06
9.221826317620005459e+06
9.353626894620005041e+06
9.485389433620005846e+06
9.618248548120005056e+06
9.742599997120006010e+06
9.875926251120004803e+06
1.000904880312000401e+07
1.014294190112000331e+07
1.026868185362000391e+07
1.040303941512000561e+07
1.053754162712000310e+07
1.067253756412000582e+07
1.080750919812000543e+07
1.093553119512000494e+07
1.107083490212000534e+07
1.120686235562000424e+07
1.134351003912000544e+07
1.147226626162000373e+07
1.160927663462000526e+07
1.174593430162000470e+07
1.188415692712000757e+07
