1.444066702399990463e+05
2.986464027399990009e+05
4.024624072399990400e+05
4.808913417399990140e+05
5.505822582399989478e+05
6.392280167399989441e+05
7.214235112399989739e+05
8.061238742399988696e+05
9.045760642399991630e+05
1.022097354739999166e+06
1.122222304239999037e+06
1.219625886239998974e+06
1.325394404739998979e+06
1.434032848739999114e+06
1.534545173739999067e+06
1.640685377239998896e+06
1.748102872239999007e+06
1.857619533239998855e+06
1.959983769239999121e+06
2.068044786739998963e+06
2.177190641239998862e+06
2.287921684739998542e+06
2.398368359739998821e+06
2.502118264239999000e+06
2.613623245739999227e+06
2.725170224739999045e+06
2.837588576239999384e+06
2.943030212239998858e+06
3.055978385739998892e+06
3.169277060739998706e+06
3.282704978739999235e+06
3.390482559739999473e+06
3.505189607739999425e+06
3.619955294739998877e+06
3.735417465239999350e+06
3.851094340239998884e+06
3.960229802239998709e+06
4.076810029739999212e+06
4.193587326239999384e+06
4.310831279739998281e+06
4.421687511739999056e+06
4.539964813239999115e+06
4.658465432739999145e+06
4.777028043239999563e+06
4.889496268239999190e+06
5.008832602239999920e+06
5.129174043239999563e+06
5.249550895239998586e+06
5.370101356739999726e+06
5.484127549239998683e+06
5.605614986739998683e+06
5.727303094239998609e+06
5.849353726739998907e+06
5.964478071239998564e+06
6.087437673239998519e+06
6.210672021739998832e+06
6.334781156239999458e+06
6.451306002739999443e+06
6.575395396739998832e+06
6.700087425739997998e+06
6.824917406739998609e+06
6.943076820739999413e+06
7.068820361239999533e+06
7.194686395239999518e+06
7.321145013739999384e+06
7.448085013240000233e+06
7.567744828239999712e+06
7.695259546739999205e+06
7.822769702739998698e+06
7.950920314239999279e+06
8.071807391239998862e+06
8.200590558739998378e+06
8.329952188240000047e+06
8.459142012239998206e+06
8.581417734739996493e+06
8.711495816239999607e+06
8.842160580240000039e+06
8.972787189239997417e+06
9.103946997739998624e+06
9.227474131239999086e+06
9.359345361739998683e+06
9.491654307239998132e+06
9.623614666739998385e+06
9.748872608740000054e+06
9.882017332240000367e+06
1.001536223773999698e+07
1.014943712923999690e+07
1.027496892474000156e+07
1.040935260223999992e+07
1.054381452324000001e+07
1.067894685624000058e+07
1.081433750873999856e+07
1.094198655573999882e+07
1.107769711623999849e+07
1.121394647623999976e+07
1.135037025023999810e+07
1.147971718724000081e+07
1.161645248573999852e+07
1.175391294523999840e+07
1.189193551373999938e+07
