1.443767530999974115e+05
2.987286110999974189e+05
4.026012400999974343e+05
4.810762195999975083e+05
5.509207020999973174e+05
6.395589725999974180e+05
7.218113990999974776e+05
8.064974245999974664e+05
9.053000155999974813e+05
1.022831294599997345e+06
1.123071119099997450e+06
1.220808255599997472e+06
1.326289363099997398e+06
1.435025839599997271e+06
1.535670551599997561e+06
1.641722885599997360e+06
1.749631373099997640e+06
1.858792225099997129e+06
1.961268623099997407e+06
2.069483499599997420e+06
2.178696556599997915e+06
2.289530239099997096e+06
2.399851571099997498e+06
2.503828939599997364e+06
2.615369328599997330e+06
2.727009097599997651e+06
2.839539502599997446e+06
2.944976462099997327e+06
3.058001701599997934e+06
3.171551612599997316e+06
3.285446388599997386e+06
3.392968564599997364e+06
3.507474088099997491e+06
3.622387755099997390e+06
3.738115382099997252e+06
3.853783745599997230e+06
3.963154566099997610e+06
4.079457323099997826e+06
4.196545102099997923e+06
4.313799883599998429e+06
4.424786861099997535e+06
4.543012377599997446e+06
4.661521629599997774e+06
4.780296936599998735e+06
4.892674470599997789e+06
5.012013423099997453e+06
5.132161378599997610e+06
5.252313757099997252e+06
5.373275105099997483e+06
5.487219348599996418e+06
5.608617606099996716e+06
5.730604153599997982e+06
5.852963990599997342e+06
5.968168854599996470e+06
6.091185655099997297e+06
6.214350834599997848e+06
6.337928828099997714e+06
6.454837445099996403e+06
6.579482917099997401e+06
6.704225327099996619e+06
6.828990296599997208e+06
6.947122666599998251e+06
7.072810781099997461e+06
7.198751180099997669e+06
7.325631862599996850e+06
7.451930915099997073e+06
7.572024743599997833e+06
7.699564107599997893e+06
7.827419473599996418e+06
7.955780591099997982e+06
8.076439184099998325e+06
8.205346675599997863e+06
8.334588729099997319e+06
8.463948271599996835e+06
8.586441781599998474e+06
8.716432881599996239e+06
8.846944543099999428e+06
8.977790994599997997e+06
9.108652557099997997e+06
9.232822271599996835e+06
9.364662696099998429e+06
9.496818860099997371e+06
9.629766644099997357e+06
9.754415647099997848e+06
9.887507897599995136e+06
1.002082690009999648e+07
1.015447187859999761e+07
1.028048251209999621e+07
1.041497548559999838e+07
1.054969319909999706e+07
1.068494861759999767e+07
1.082048047009999678e+07
1.094804651609999686e+07
1.108379882559999451e+07
1.122030580009999871e+07
1.135673888709999807e+07
1.148544875309999660e+07
1.162248853109999746e+07
1.175997611859999597e+07
1.189771731709999591e+07
