1.444835577200016123e+05
2.989981422200015513e+05
4.030616827200016705e+05
4.816417132200016640e+05
5.513642657200016547e+05
6.401946617200016044e+05
7.224441567200017162e+05
8.073208027200016659e+05
9.058837327200018335e+05
1.023579626720001455e+06
1.123869061220001429e+06
1.221458701720001642e+06
1.327082174220001791e+06
1.435667326220001560e+06
1.536501163720001467e+06
1.642702018220001599e+06
1.750535588720001746e+06
1.859760220720001496e+06
1.962476881220001727e+06
2.070540839220001828e+06
2.179843386220001616e+06
2.290776507720001973e+06
2.401143089220001362e+06
2.505103610720001161e+06
2.616662522220001556e+06
2.728473028220001608e+06
2.840992885220001452e+06
2.946435615720001981e+06
3.059456865720001049e+06
3.173027088220001198e+06
3.286753404720001854e+06
3.394441269220001530e+06
3.508974408220001496e+06
3.623857389720002189e+06
3.739712745220001787e+06
3.855238189220001921e+06
3.964851612220001407e+06
4.081367864720001817e+06
4.198374442720001563e+06
4.315853974720001221e+06
4.426720122220002115e+06
4.545073419720002450e+06
4.663597803220001981e+06
4.782325592220000923e+06
4.894724588720001280e+06
5.014291053220001981e+06
5.134319084220001474e+06
5.254726025720001198e+06
5.375673448720001616e+06
5.489748147220002487e+06
5.611106202720001340e+06
5.733149528220001608e+06
5.855548438220001757e+06
5.970742910720001906e+06
6.093907009720002301e+06
6.216977930720001459e+06
6.340815065220002085e+06
6.457816338720002212e+06
6.581996734220001847e+06
6.706908789720002562e+06
6.832037421220000833e+06
6.949975970220002346e+06
7.076041157720002346e+06
7.201903346720001660e+06
7.328682750220001675e+06
7.455420964220002294e+06
7.575185261720001698e+06
7.702896783220001496e+06
7.830866548720002174e+06
7.958902612720001489e+06
8.079918470220001414e+06
8.208816025720001198e+06
8.338175645720001310e+06
8.467356914720002562e+06
8.589769769220001996e+06
8.720113680720001459e+06
8.850931193220002577e+06
8.981764186220001429e+06
9.112743805220000446e+06
9.236416418220002204e+06
9.368597242220001295e+06
9.500850171220000833e+06
9.633237381220001727e+06
9.758095455220002681e+06
9.891445938720002770e+06
1.002480509822000191e+07
1.015892113322000206e+07
1.028495824622000009e+07
1.041916052172000334e+07
1.055407483322000131e+07
1.068937970922000147e+07
1.082470914072000235e+07
1.095251721272000112e+07
1.108824080472000130e+07
1.122472119122000225e+07
1.136138060821999982e+07
1.149051831872000173e+07
1.162749325322000124e+07
1.176483169722000137e+07
1.190281331522000208e+07
