1.445970783999987179e+05
2.995427383999986923e+05
4.025182603999987477e+05
4.813342008999987738e+05
5.516806398999986704e+05
6.395189623999986798e+05
7.215859483999988297e+05
8.060516078999987803e+05
9.056780358999986202e+05
1.022543432399998768e+06
1.122360606899998616e+06
1.219845632399998605e+06
1.325701208399998955e+06
1.433924545899998862e+06
1.534740693399998825e+06
1.640737750899998937e+06
1.748295488899998832e+06
1.857747933899998665e+06
1.960022704899998615e+06
2.068108064399998868e+06
2.177438366399998777e+06
2.288106399899998680e+06
2.398432256899998523e+06
2.502305308399998583e+06
2.613824032399998978e+06
2.725267455399998464e+06
2.837473184899998829e+06
2.943204799399998970e+06
3.056179872899998445e+06
3.169490380899998359e+06
3.282819126899998635e+06
3.390748696899998933e+06
3.505356488399998285e+06
3.620156096399998292e+06
3.735707456399999093e+06
3.851251333899999037e+06
3.960589892399999313e+06
4.077007014899998903e+06
4.194118411899998318e+06
4.311600555399999022e+06
4.421996131899999455e+06
4.540091824399998412e+06
4.658621389899998903e+06
4.777278337899997830e+06
4.889575305899998173e+06
5.008917786899998784e+06
5.129301142399998382e+06
5.249595956399999559e+06
5.370321378899998963e+06
5.484207176399998367e+06
5.605723112399999052e+06
5.727696143899998628e+06
5.849633097399999388e+06
5.964877563399998471e+06
6.087857610899998806e+06
6.210854110399998724e+06
6.334839359899998643e+06
6.451434931899998337e+06
6.575755505899999291e+06
6.700331077399997972e+06
6.825071728899998590e+06
6.943297204399997368e+06
7.069166879899999127e+06
7.194869176399998367e+06
7.321644568399997428e+06
7.448395840899998322e+06
7.567853264399998821e+06
7.695256330899998546e+06
7.823023566899998114e+06
7.950914012399997562e+06
8.071657035399999470e+06
8.200552027899999171e+06
8.329905774899998680e+06
8.459319617399999872e+06
8.581496766399998218e+06
8.711375617899999022e+06
8.841749960400000215e+06
8.973062652899999171e+06
9.103633990899996832e+06
9.227495235899999738e+06
9.359200484399998561e+06
9.491245779899999499e+06
9.623409330899998546e+06
9.748556226399999112e+06
9.881813196399999782e+06
1.001502935689999908e+07
1.014861436989999935e+07
1.027504095539999753e+07
1.040943898689999804e+07
1.054396335189999640e+07
1.067895967540000007e+07
1.081405930839999765e+07
1.094197912439999729e+07
1.107759136139999889e+07
1.121335718589999899e+07
1.135009683389999904e+07
1.147898957990000024e+07
1.161611535289999843e+07
1.175381186339999735e+07
1.189107623990000039e+07
