1.445205338400030159e+05
2.987498478400029708e+05
4.022525613400030416e+05
4.808365613400029251e+05
5.504213203400031198e+05
6.392116153400028124e+05
7.213643933400029782e+05
8.059343843400029000e+05
9.044856578400030266e+05
1.022016184340003179e+06
1.122043932340003084e+06
1.219379335840003099e+06
1.325034110340002924e+06
1.433263439840002917e+06
1.534160802840002812e+06
1.640213317340002861e+06
1.747644552340002730e+06
1.856962922840002924e+06
1.959356964340002742e+06
2.067329671340003144e+06
2.176508319340002723e+06
2.287232790840002708e+06
2.397613064840002917e+06
2.501424379840002395e+06
2.613007473340002820e+06
2.724441072840003297e+06
2.836522307840003166e+06
2.942246077340002637e+06
3.055023603840002790e+06
3.168456610340002924e+06
3.281789887340002693e+06
3.389432481340003200e+06
3.504094682840002701e+06
3.618878846340003423e+06
3.734457754340003245e+06
3.850105848340002820e+06
3.959201544340003282e+06
4.075576423340003472e+06
4.192435082340002526e+06
4.310063693340002559e+06
4.420343866340003908e+06
4.538551714340003207e+06
4.656971434340002947e+06
4.775543491840003058e+06
4.887873261840002611e+06
5.007256481340002269e+06
5.127328128840003163e+06
5.247536470840002410e+06
5.368119962840002961e+06
5.482073963340003043e+06
5.603503413340002298e+06
5.724904081840002909e+06
5.847452480340003036e+06
5.962524284340003505e+06
6.085386266340004280e+06
6.208253514340002090e+06
6.332228171340003610e+06
6.448564508840003982e+06
6.572874274340002798e+06
6.697672396840002388e+06
6.822454636840002611e+06
6.940278343840002082e+06
7.066238666840001941e+06
7.192159172340002842e+06
7.318835414840001613e+06
7.445512119340002537e+06
7.564870897340003401e+06
7.692322359340002760e+06
7.820019317340003327e+06
7.947973574340002611e+06
8.068541629840003327e+06
8.197269238340002485e+06
8.326417453840002418e+06
8.456079049340002239e+06
8.578355291340002790e+06
8.708256390840003267e+06
8.838759900840003043e+06
8.969513972340002656e+06
9.100237419340003282e+06
9.224272283840004355e+06
9.355802684840004891e+06
9.488197278340004385e+06
9.619919581340003759e+06
9.744976127340003848e+06
9.878278311340004206e+06
1.001131806634000316e+07
1.014465163534000516e+07
1.027124570584000275e+07
1.040557271884000301e+07
1.054014987184000388e+07
1.067529917084000260e+07
1.081052456284000352e+07
1.093803210384000279e+07
1.107390248034000397e+07
1.121032085884000361e+07
1.134651072934000380e+07
1.147506080184000358e+07
1.161193661084000207e+07
1.174992422334000282e+07
1.188708262634000368e+07
