1.445745179999972461e+05
2.991933964999972377e+05
4.031518214999972843e+05
4.818467799999972922e+05
5.513716809999973048e+05
6.402906774999974295e+05
7.223727949999972479e+05
8.072078739999972750e+05
9.059686729999972740e+05
1.023757999499997240e+06
1.123919427999997046e+06
1.221597460499997251e+06
1.327213466499997303e+06
1.435658345499997260e+06
1.536721636999997310e+06
1.642686807499997318e+06
1.750824851499997312e+06
1.860018912999997381e+06
1.962652953999997349e+06
2.070786579499997199e+06
2.180482490999996662e+06
2.290985084999997169e+06
2.401466647999997251e+06
2.505546285499997437e+06
2.617011214999997057e+06
2.728748053999997210e+06
2.841291616999997757e+06
2.947045829999997281e+06
3.060104490499996580e+06
3.173966945999997668e+06
3.287104969999997877e+06
3.394920139999997336e+06
3.509421147499997169e+06
3.624657843999997713e+06
3.740353101999997161e+06
3.856089976999997161e+06
3.965584110499997623e+06
4.082111886499997228e+06
4.199214040499997325e+06
4.316571694999996573e+06
4.427539108499997295e+06
4.545681012499997392e+06
4.664392215999997221e+06
4.783161425999997184e+06
4.895563220999998040e+06
5.015373328999997117e+06
5.134904904999997467e+06
5.255723907999997027e+06
5.376539087499996647e+06
5.490553672999997623e+06
5.612024114999996498e+06
5.734177909499997273e+06
5.856146539999998175e+06
5.971671397499997169e+06
6.094886423999996856e+06
6.217755704499997199e+06
6.342131728499997407e+06
6.458675018999997526e+06
6.583282641499997117e+06
6.708002806999998167e+06
6.832773941499996930e+06
6.950929976999996230e+06
7.076919869499998167e+06
7.202940001999996603e+06
7.329754472499998286e+06
7.456210171499996446e+06
7.576441780999996699e+06
7.703899443499997258e+06
7.832227431499997154e+06
7.960300155499997549e+06
8.081122035499997437e+06
8.210370092999996617e+06
8.338982228499997407e+06
8.468997508499998599e+06
8.591337460499996319e+06
8.721201664999997243e+06
8.851829072999997064e+06
8.982812178499996662e+06
9.114402876999996603e+06
9.238135106999997050e+06
9.369839741999998689e+06
9.502477603499997407e+06
9.634522166999999434e+06
9.759796408499997109e+06
9.892811705499997362e+06
1.002631983349999599e+07
1.016047276349999756e+07
1.028637890999999642e+07
1.042140530099999718e+07
1.055560485799999908e+07
1.069053127149999700e+07
1.082604651199999638e+07
1.095386418399999663e+07
1.109001488749999925e+07
1.122689856999999657e+07
1.136303996299999952e+07
1.149196568649999797e+07
1.162963594499999657e+07
1.176660287299999595e+07
1.190514780499999598e+07
