1.444955869800000219e+05
2.991467484800000093e+05
4.029627024800000945e+05
4.815232879800000228e+05
5.513853169800000032e+05
6.400761279800001066e+05
7.222649639800000004e+05
8.070985834800000302e+05
9.059384039799999446e+05
1.023541948480000021e+06
1.123822691979999887e+06
1.221612281480000354e+06
1.327255816980000120e+06
1.436075498480000068e+06
1.536745586979999905e+06
1.642800233980000019e+06
1.750621652480000164e+06
1.860046746979999822e+06
1.962539346480000066e+06
2.070738610980000114e+06
2.180023101479999721e+06
2.291012411480000243e+06
2.401559315980000421e+06
2.505463295979999937e+06
2.617107389979999512e+06
2.728880508980000392e+06
2.841527279480000492e+06
2.946983674979999661e+06
3.059988157479999587e+06
3.173640391980000306e+06
3.287216938979999628e+06
3.394962582479999401e+06
3.509734726480000187e+06
3.624598304980000015e+06
3.740158946980000474e+06
3.855817522980000358e+06
3.965438353480000049e+06
4.081943670479999855e+06
4.199074926979999989e+06
4.316856325479999185e+06
4.427609088980000466e+06
4.545814712980000302e+06
4.664411931479999796e+06
4.783232210979999974e+06
4.895533013979999349e+06
5.015087127979999408e+06
5.135433161980001256e+06
5.255757209979999810e+06
5.376429798480000347e+06
5.490674525480000302e+06
5.612218618479999714e+06
5.734366190980000421e+06
5.856195812979999930e+06
5.971671474979999475e+06
6.094966618979999796e+06
6.218115401480000466e+06
6.342586970480000600e+06
6.458712512480000034e+06
6.583213457980000414e+06
6.708125501480000094e+06
6.833349769480001181e+06
6.951425890980000608e+06
7.077201475979998708e+06
7.203364711480000056e+06
7.330148353480000049e+06
7.456955033479999751e+06
7.576695269980000332e+06
7.704153353979999200e+06
7.832111564479999244e+06
7.960274110479999334e+06
8.081286992480000481e+06
8.210458587980000302e+06
8.339547267479998991e+06
8.468782660480000079e+06
8.591442191980000585e+06
8.721642833979999647e+06
8.852793071479998529e+06
8.983191113480001688e+06
9.114531631980000064e+06
9.238103239479999989e+06
9.370115616980001330e+06
9.502531134479999542e+06
9.634680223479999229e+06
9.759948168480001390e+06
9.893517861480001360e+06
1.002667319097999856e+07
1.016080295098000020e+07
1.028687911698000133e+07
1.042148035397999920e+07
1.055624898148000054e+07
1.069120410198000073e+07
1.082693191048000008e+07
1.095427430747999996e+07
1.109026666698000208e+07
1.122702757847999781e+07
1.136346420298000053e+07
1.149223461397999898e+07
1.162925894798000157e+07
1.176685348197999969e+07
1.190497476697999984e+07
