1.443023232200025232e+05
2.987463797200025292e+05
4.021601982200025814e+05
4.807037662200025516e+05
5.504554762200025143e+05
6.391341617200025357e+05
7.211852662200025516e+05
8.057972522200025851e+05
9.043613892200026894e+05
1.021970863220002502e+06
1.122050572220002534e+06
1.219335950220002327e+06
1.325064649720002431e+06
1.433223790220002644e+06
1.534107259220002452e+06
1.640221478220002726e+06
1.747600440220002551e+06
1.857068188220002688e+06
1.959320203220002586e+06
2.067457809220002498e+06
2.176733580220002681e+06
2.287291289720002562e+06
2.397690525720002595e+06
2.501572667720002588e+06
2.613122039220002480e+06
2.724493423720003106e+06
2.836629129720002413e+06
2.942427647220002487e+06
3.055238692720002495e+06
3.168531766220002435e+06
3.282612816220002715e+06
3.389674606220002752e+06
3.504151186720002443e+06
3.618904361720002722e+06
3.734314331720002927e+06
3.849933981220002286e+06
3.959391598720001988e+06
4.075689647720002569e+06
4.192716673220002558e+06
4.309986367720002308e+06
4.420836627720002085e+06
4.538948833220003173e+06
4.656957020720003173e+06
4.776058422220002860e+06
4.888455814220001921e+06
5.007725197720002383e+06
5.127704507220002823e+06
5.247767189220002852e+06
5.368473410220002756e+06
5.482458075720002875e+06
5.603840928720002994e+06
5.725607114220001735e+06
5.847369608220002614e+06
5.962861795720002614e+06
6.085929916720002890e+06
6.209121487220002338e+06
6.332215892720002681e+06
6.448983318720002659e+06
6.573487489720002748e+06
6.698092608220002614e+06
6.823051075220002793e+06
6.940849942720002495e+06
7.066660535720001906e+06
7.192711601220002398e+06
7.319024596220001578e+06
7.445474527220003307e+06
7.565478025220002048e+06
7.692836345720001496e+06
7.820385645720003173e+06
7.948490083720002323e+06
8.069563149720001966e+06
8.198319554220003076e+06
8.326921119720002636e+06
8.456778315220002085e+06
8.578996507220003754e+06
8.708769130220003426e+06
8.839233295720001683e+06
8.969997698220001534e+06
9.100688911220002919e+06
9.224646379220003262e+06
9.356381811220001429e+06
9.488560232220001519e+06
9.620458363220002502e+06
9.745640937720000744e+06
9.878731930720001459e+06
1.001186679922000319e+07
1.014575910622000322e+07
1.027173482272000238e+07
1.040617114022000134e+07
1.054083793022000231e+07
1.067564894522000104e+07
1.081159150322000124e+07
1.093850329372000135e+07
1.107431576622000337e+07
1.121082556672000326e+07
1.134680807722000219e+07
1.147602672022000328e+07
1.161269799022000283e+07
1.175032191322000325e+07
1.188790308672000468e+07
