1.454843418200048618e+05
3.004386633200048236e+05
4.046172688200048287e+05
4.843490278200048488e+05
5.534700633200048469e+05
6.398285078200048301e+05
7.210761283200047910e+05
8.072253883200049167e+05
9.070224448200049810e+05
1.024269357820004923e+06
1.123257609820004553e+06
1.221370332320004934e+06
1.327480058820004808e+06
1.435480506820004899e+06
1.536007210320004728e+06
1.642257151820004918e+06
1.750060397820004728e+06
1.859125342320004944e+06
1.961611249820004916e+06
2.069622356820004992e+06
2.178792901820004918e+06
2.289570669320004992e+06
2.399928811320004985e+06
2.503799688820004929e+06
2.615378481320004910e+06
2.726962561320004985e+06
2.839140233820004389e+06
2.944700504320004955e+06
3.057713926820004359e+06
3.171041702320004813e+06
3.284787432320004795e+06
3.392215500820004381e+06
3.506802661320004612e+06
3.621667091820005327e+06
3.737185695820004679e+06
3.852783997820004821e+06
3.962067167820004746e+06
4.078301751320005395e+06
4.195458379320004955e+06
4.312739248820004985e+06
4.423306904320005327e+06
4.541540700320004486e+06
4.660061434820004739e+06
4.778649919820005074e+06
4.891094739320004359e+06
5.010579096320005134e+06
5.130494223820005544e+06
5.250625485320003703e+06
5.371504199320005253e+06
5.485621789320005104e+06
5.606897322820004076e+06
5.728495390820005909e+06
5.850906766320005059e+06
5.966030654820006341e+06
6.089028393320005387e+06
6.212029347820004448e+06
6.335837685320005752e+06
6.452508401820004918e+06
6.577001785320005380e+06
6.701546976320005022e+06
6.826239627820005640e+06
6.944259997820004821e+06
7.069909517820004374e+06
7.195753650820004754e+06
7.322544724820004776e+06
7.449025285820004530e+06
7.568560011320004240e+06
7.695918631320004351e+06
7.823928400320004672e+06
7.952051938820004463e+06
8.072692094320004806e+06
8.201432214320005849e+06
8.330534204820005223e+06
8.459888988820005208e+06
8.582323707820005715e+06
8.712020763820003718e+06
8.842514800320003182e+06
8.973409239320002496e+06
9.104272117320002988e+06
9.228175290320005268e+06
9.359823168820003048e+06
9.491853924820005894e+06
9.624304441820004955e+06
9.749372444320004433e+06
9.882686107320003211e+06
1.001569919082000479e+07
1.014937238532000594e+07
1.027510588682000525e+07
1.040974442982000485e+07
1.054418045232000574e+07
1.067920432932000421e+07
1.081458887682000548e+07
1.094230279932000488e+07
1.107805882732000388e+07
1.121436045182000473e+07
1.135043170432000607e+07
1.147975516732000560e+07
1.161637852232000604e+07
1.175430781332000345e+07
1.189204534232000448e+07
