1.442657688999978127e+05
2.988264388999977964e+05
4.025291363999978057e+05
4.813952053999977652e+05
5.509060313999978825e+05
6.397475458999978146e+05
7.220499678999977186e+05
8.068388498999979347e+05
9.053855863999978174e+05
1.022997598899997887e+06
1.123331964899997925e+06
1.221087014399997890e+06
1.326767872399997665e+06
1.435511629899997730e+06
1.536079354899997823e+06
1.642207653899997938e+06
1.749601757399997674e+06
1.859220388899997342e+06
1.961739924399997806e+06
2.069767044399997685e+06
2.179470933399997652e+06
2.290033025899997912e+06
2.400358543899997603e+06
2.504481817399997730e+06
2.615886375399997924e+06
2.727610198399997782e+06
2.840314357399998233e+06
2.945702106399998069e+06
3.058647730399997905e+06
3.172450871399997734e+06
3.285611775899997912e+06
3.393534243899997789e+06
3.507832363399998285e+06
3.623111366899997927e+06
3.738782591399997938e+06
3.854518418899997603e+06
3.963565175399998203e+06
4.080554440399997868e+06
4.197566186399998143e+06
4.315110028399998322e+06
4.425614090899997391e+06
4.543935574399997480e+06
4.661971980899997987e+06
4.781034466899998486e+06
4.893484449399998412e+06
5.012858507399996743e+06
5.133438384399998933e+06
5.253380743899997324e+06
5.374332995899997652e+06
5.488329883899997920e+06
5.609912580399997532e+06
5.731869291899997741e+06
5.853883674899998121e+06
5.969358405899997801e+06
6.092481648399997503e+06
6.215496042399997823e+06
6.339674746399996802e+06
6.456208366399997845e+06
6.580756823899997398e+06
6.705512962399998680e+06
6.830302658399998210e+06
6.948504923899997957e+06
7.074290344899998046e+06
7.200683695399997756e+06
7.327231685899997130e+06
7.454104830399997532e+06
7.573659288399999030e+06
7.701291586399998516e+06
7.828704958899998106e+06
7.957247681399997324e+06
8.078016607899996452e+06
8.206921232899997383e+06
8.336672931399997324e+06
8.465816624899998307e+06
8.588328114399997517e+06
8.718291458899997175e+06
8.848794523899996653e+06
8.979818473899997771e+06
9.111242510899998248e+06
9.234790416899997741e+06
9.366623933399997652e+06
9.499104719399997965e+06
9.631193317899998277e+06
9.756342755899999291e+06
9.889311140899997205e+06
1.002285757539999671e+07
1.015702780689999834e+07
1.028308618689999729e+07
1.041784034339999780e+07
1.055216040289999731e+07
1.068696387789999694e+07
1.082217344439999759e+07
1.095024065039999783e+07
1.108631396189999953e+07
1.122224376889999770e+07
1.135912212239999697e+07
1.148840513389999792e+07
1.162514102789999917e+07
1.176316913889999688e+07
1.190040139589999802e+07
