1.443571370600038790e+05
2.987687075600038515e+05
4.023628565600038273e+05
4.809923805600038031e+05
5.506801320600038162e+05
6.393229365600037854e+05
7.215705240600036923e+05
8.060309870600039139e+05
9.045669605600038776e+05
1.022297835060003679e+06
1.122334218560004141e+06
1.219983231060003862e+06
1.325654185060003772e+06
1.434203095560003771e+06
1.534785333560003899e+06
1.640845772060003597e+06
1.748111367560003884e+06
1.857596385060003959e+06
1.960012450060003670e+06
2.067892232060004026e+06
2.177583524060003459e+06
2.288168837560003623e+06
2.398373461060004309e+06
2.502291006060003769e+06
2.613625003560003825e+06
2.725283122060003690e+06
2.837884011060003657e+06
2.943287785560003947e+06
3.056224941060003825e+06
3.169889026060003787e+06
3.283014670560003724e+06
3.390783643060003873e+06
3.505008752060003579e+06
3.620059869560004212e+06
3.735606533560004085e+06
3.851377007060003467e+06
3.960634246560003608e+06
4.077034769060003571e+06
4.193904153060004115e+06
4.310996889060003683e+06
4.422010804060003720e+06
4.540089705560004339e+06
4.658670429560003802e+06
4.777277881060003303e+06
4.889618832060003653e+06
5.009257241560002789e+06
5.128906949060003273e+06
5.249683656560003757e+06
5.370329000560004264e+06
5.484321793060003780e+06
5.605546425060003996e+06
5.727081611560003832e+06
5.849730347560004331e+06
5.964627350560003892e+06
6.087671713060002774e+06
6.211029463060004637e+06
6.334214607560005039e+06
6.451132004060003906e+06
6.575175851060003042e+06
6.700212908060004935e+06
6.825104162560002878e+06
6.943242938060004264e+06
7.069165972060003318e+06
7.194790363560004160e+06
7.321370174060003832e+06
7.447709250060004182e+06
7.567776305560003966e+06
7.695164687560003251e+06
7.823065011060004123e+06
7.950982689560002647e+06
8.071635845060002990e+06
8.200735065560003743e+06
8.329628624060004950e+06
8.459403447560004890e+06
8.581611537060003728e+06
8.711646141560003161e+06
8.842256037060003728e+06
8.973086801060002297e+06
9.103701992560002953e+06
9.227487821060003713e+06
9.359381668060004711e+06
9.491126367560004815e+06
9.624323557060003281e+06
9.748935436560003087e+06
9.882304250060003251e+06
1.001554581306000426e+07
1.014920520406000316e+07
1.027529696306000277e+07
1.040926722306000441e+07
1.054441256156000495e+07
1.067933564956000447e+07
1.081488314606000483e+07
1.094192931606000289e+07
1.107765028056000359e+07
1.121420696906000376e+07
1.135065357456000522e+07
1.147959810206000507e+07
1.161677564456000365e+07
1.175351792706000432e+07
1.189197491056000441e+07
