1.441511249199989543e+05
2.986329969199988991e+05
4.023098249199989368e+05
4.807832599199989345e+05
5.505063194199989084e+05
6.392299454199989559e+05
7.214238439199989662e+05
8.059173684199990239e+05
9.045399579199990258e+05
1.022198141419998836e+06
1.122160371919998899e+06
1.219619722419999074e+06
1.325238924919999205e+06
1.433577749919998925e+06
1.534405023919999134e+06
1.640318328919999069e+06
1.747902578419998754e+06
1.857201153919999022e+06
1.959673756919998908e+06
2.067659537919998867e+06
2.176865296919998713e+06
2.287708798919998575e+06
2.397979447919998784e+06
2.501710605419998989e+06
2.613108352919998579e+06
2.724723059419998899e+06
2.837082260919998400e+06
2.942429436419998761e+06
3.055386221419998910e+06
3.168761906419998966e+06
3.282388643919999711e+06
3.389816060419998597e+06
3.504222128419999033e+06
3.618983586419998668e+06
3.734598043419999070e+06
3.850228882919998839e+06
3.959522791919998825e+06
4.075840908919998445e+06
4.192818589919999242e+06
4.310002482919998467e+06
4.420753232419999316e+06
4.538917278919998556e+06
4.657225695419999771e+06
4.775814640919999219e+06
4.888047170419998467e+06
5.007591918420000002e+06
5.127572081919998862e+06
5.247658091919998638e+06
5.368483690419998020e+06
5.482436833419999108e+06
5.603810422419998795e+06
5.725530764919999987e+06
5.847659181919999421e+06
5.962657367419998161e+06
6.085650450419999659e+06
6.208677579419998452e+06
6.332589445919998921e+06
6.449168275419998914e+06
6.573412733919998631e+06
6.698005342419998720e+06
6.823020803419997916e+06
6.941156802919999696e+06
7.066716106419998221e+06
7.192323431420000270e+06
7.319011474419998936e+06
7.445434439419998787e+06
7.565228983919998631e+06
7.692705372919999063e+06
7.820330627419999801e+06
7.948552609419999644e+06
8.069142256419999525e+06
8.198131136919999495e+06
8.327210666419999674e+06
8.456292028419997543e+06
8.578525758919999003e+06
8.708400354419998825e+06
8.838955886919999495e+06
8.969911195919997990e+06
9.100918597919998690e+06
9.224480457419998944e+06
9.356222049419999123e+06
9.488537680920001119e+06
9.620797183419998735e+06
9.745353430419998243e+06
9.878714572419997305e+06
1.001198967242000066e+07
1.014566542342000082e+07
1.027136678391999938e+07
1.040573975141999871e+07
1.054027159341999888e+07
1.067548446141999960e+07
1.081131015991999954e+07
1.093843952291999944e+07
1.107398543641999923e+07
1.121027479891999811e+07
1.134667755841999874e+07
1.147575185191999935e+07
1.161233579542000033e+07
1.174958552441999875e+07
1.188754098141999915e+07
