1.449524626400042034e+05
2.994737961400041822e+05
4.034271921400042484e+05
4.819484621400041506e+05
5.516013676400042605e+05
6.404785496400041739e+05
7.225899016400042456e+05
8.075419331400042865e+05
9.061551001400044188e+05
1.023733832140004262e+06
1.124090937140004244e+06
1.221512248140003998e+06
1.327350605140004307e+06
1.436124442640004214e+06
1.536788378140004352e+06
1.642907451640004292e+06
1.750512678640004247e+06
1.860087451640004059e+06
1.962490638640004210e+06
2.070720926640004152e+06
2.180111135640003718e+06
2.290893911140004173e+06
2.401363424140004441e+06
2.505395748140004463e+06
2.616997107640003785e+06
2.728670920140004251e+06
2.841216774140004069e+06
2.946725238640003838e+06
3.059760950140004046e+06
3.173214672140004113e+06
3.286769961640004534e+06
3.394560771140003577e+06
3.509300229640004225e+06
3.624341232140004635e+06
3.739912619640004355e+06
3.855643787640004419e+06
3.964957382140004076e+06
4.081535691640004050e+06
4.198611344640003517e+06
4.316367763140004128e+06
4.426928950140004978e+06
4.545035078140003607e+06
4.663660911640005186e+06
4.782459433140004054e+06
4.894914194640003145e+06
5.014191658640003763e+06
5.134467443140003830e+06
5.254693952640004456e+06
5.375520829640004784e+06
5.489706023640004918e+06
5.611259322140004486e+06
5.733064191140003502e+06
5.855147392640003935e+06
5.970704470640004613e+06
6.093796298640003428e+06
6.216848189140004106e+06
6.340905555140003562e+06
6.457481431640004739e+06
6.582106169140003622e+06
6.706888250640003011e+06
6.831651892140003853e+06
6.949607050140004605e+06
7.075652681640004739e+06
7.201797109140004963e+06
7.328487639140004292e+06
7.455258613640004769e+06
7.574712920640004799e+06
7.702369522640004754e+06
7.830454546140003949e+06
7.958798383640004322e+06
8.079403009640004486e+06
8.208281985640004277e+06
8.337793755640003830e+06
8.467293273640003055e+06
8.589869741140004247e+06
8.719719416140004992e+06
8.850422561640005559e+06
8.981357140140004456e+06
9.112976291140004992e+06
9.236340304640002549e+06
9.368054459640003741e+06
9.499788729140004143e+06
9.632515001640005037e+06
9.757979105140004307e+06
9.891362278140004724e+06
1.002480145964000374e+07
1.015830252714000456e+07
1.028471507364000380e+07
1.041916608964000456e+07
1.055377974614000320e+07
1.068887005214000307e+07
1.082404872264000401e+07
1.095184094464000314e+07
1.108781830814000592e+07
1.122389903914000466e+07
1.136063612914000452e+07
1.148948193064000458e+07
1.162660966964000463e+07
1.176443610514000244e+07
1.190226555914000422e+07
