1.448944899599983764e+05
2.992755209599983646e+05
4.028428239599983208e+05
4.815039724599984474e+05
5.510587099599983776e+05
6.399279014599984512e+05
7.222455044599983376e+05
8.067555494599983795e+05
9.054199999599984149e+05
1.023205848959998344e+06
1.123129005459998501e+06
1.220771068459998118e+06
1.326437975959998555e+06
1.434620956459998619e+06
1.535741914459998254e+06
1.641613248459998518e+06
1.749425368459998630e+06
1.858602022459998494e+06
1.961182786959998310e+06
2.069640027459998149e+06
2.178287698459998704e+06
2.289545111959998496e+06
2.399737786959998310e+06
2.503673778459998313e+06
2.615389766959998757e+06
2.727158613459998742e+06
2.838776644959998317e+06
2.944614619959997945e+06
3.057656276459998451e+06
3.171140871459998190e+06
3.285259457459998317e+06
3.392515810459998436e+06
3.507040313459998462e+06
3.621943304459998384e+06
3.737365101459998637e+06
3.852927661459998693e+06
3.962406147459998261e+06
4.078996360459998250e+06
4.195792975959998555e+06
4.313504412959998474e+06
4.423964030959997326e+06
4.542285224460000172e+06
4.660374883959998377e+06
4.779634561459997669e+06
4.891888321459998377e+06
5.011189660459998064e+06
5.131707558459997177e+06
5.251600172959998250e+06
5.372593762459998019e+06
5.486546893959998153e+06
5.607580011959997937e+06
5.729469975459998474e+06
5.852006338459998369e+06
5.967244649459999055e+06
6.090196453959999606e+06
6.213745567459998652e+06
6.336704212459998205e+06
6.453930883459998295e+06
6.578035816459998488e+06
6.702948330959998071e+06
6.828205169959997758e+06
6.945694957959998399e+06
7.071972071459997445e+06
7.197576425959998742e+06
7.324270093459997326e+06
7.450851780459998176e+06
7.570789396459998563e+06
7.697921302459998056e+06
7.826125695459999144e+06
7.954346857959998772e+06
8.075146728959998116e+06
8.204261893959999084e+06
8.332807540959998034e+06
8.462629883959997445e+06
8.584989112959999591e+06
8.714882094459997490e+06
8.845423642959997058e+06
8.976228583959998563e+06
9.107053068959997967e+06
9.231084993459995836e+06
9.362902322459995747e+06
9.494747252960000187e+06
9.627738498959999532e+06
9.752560810459997505e+06
9.886182619959998876e+06
1.001909125395999849e+07
1.015265004645999894e+07
1.027880156245999783e+07
1.041309916846000031e+07
1.054842085345999710e+07
1.068308415695999749e+07
1.081869834845999815e+07
1.094590612545999885e+07
1.108214583495999686e+07
1.121829836795999855e+07
1.135474750445999764e+07
1.148373953295999765e+07
1.162039866345999762e+07
1.175846124746000022e+07
1.189629136645999923e+07
