1.444180891199990292e+05
2.988379381199990166e+05
4.023831326199989999e+05
4.808211396199989831e+05
5.508875496199990157e+05
6.391858081199990120e+05
7.214493356199988630e+05
8.061662846199991181e+05
9.048742526199988788e+05
1.022554848619999015e+06
1.122359846619999036e+06
1.219943078619999113e+06
1.325518682619999163e+06
1.434202282119999174e+06
1.534761020119999070e+06
1.640721583119999152e+06
1.748573769619998988e+06
1.857621651119999122e+06
1.960229059119998943e+06
2.068250931619998999e+06
2.177456490619999357e+06
2.288383466119999066e+06
2.398567427119999193e+06
2.502487535619998816e+06
2.614078516119998880e+06
2.725510701619998552e+06
2.838000047119999304e+06
2.943474500619999133e+06
3.056421862119999249e+06
3.169741265619998798e+06
3.283775113119998947e+06
3.390992115119998809e+06
3.505557357119998895e+06
3.620349804119998589e+06
3.735714684619999025e+06
3.851304096119998954e+06
3.960898694119999185e+06
4.077230724619999062e+06
4.194264342119999230e+06
4.311481970119998790e+06
4.422441045119999908e+06
4.540585040619999170e+06
4.658650609119998291e+06
4.777769335619999096e+06
4.890070799119999632e+06
5.009447843619998544e+06
5.129067876119999215e+06
5.249949827119998634e+06
5.370608764119999483e+06
5.484502994119998999e+06
5.606042937619999051e+06
5.727549617119999602e+06
5.850147342119999230e+06
5.965252610119999386e+06
6.088160888119998388e+06
6.211199546119998209e+06
6.335341401119999588e+06
6.451410962619999424e+06
6.575955130119999871e+06
6.700328693619999103e+06
6.825681067119998857e+06
6.943318812119998038e+06
7.069090017119998112e+06
7.195278516619998962e+06
7.321715124619998038e+06
7.448248980619998649e+06
7.568331229619999416e+06
7.695594006619999185e+06
7.823304021119998768e+06
7.951674977619998157e+06
8.072495209619999863e+06
8.201269386619998142e+06
8.330123673620000482e+06
8.459926861619999632e+06
8.582184508619997650e+06
8.711972440619997680e+06
8.842611720619998872e+06
8.973430258120000362e+06
9.104350865619998425e+06
9.228303716119997203e+06
9.360179545619998127e+06
9.492437538119997829e+06
9.624286982619998977e+06
9.749665455119999126e+06
9.882771958119999617e+06
1.001613688261999749e+07
1.014952815661999956e+07
1.027552935912000015e+07
1.041030793361999840e+07
1.054451518312000111e+07
1.067961232311999798e+07
1.081461316262000054e+07
1.094241297011999972e+07
1.107857007561999932e+07
1.121475224961999990e+07
1.135153324912000075e+07
1.148043082011999935e+07
1.161719739611999877e+07
1.175447972161999904e+07
1.189303970861999877e+07
