1.442830868199979886e+05
2.986806568199980538e+05
4.021697783199980622e+05
4.809253523199979682e+05
5.503408833199979272e+05
6.390291793199980166e+05
7.212359023199980147e+05
8.057554773199982010e+05
9.043570463199979858e+05
1.022135932819997892e+06
1.121904779819997959e+06
1.219367662319997791e+06
1.325090986819998128e+06
1.433224037319997791e+06
1.534114644819997950e+06
1.640066745319997892e+06
1.747892540319997817e+06
1.856967370319997892e+06
1.959313235819998197e+06
2.067330720319997985e+06
2.176839064819998108e+06
2.287252893819998018e+06
2.397531895319997799e+06
2.501288993319998495e+06
2.612656989319998771e+06
2.724367573319997638e+06
2.836699169819998089e+06
2.942303656319998205e+06
3.055013410819998011e+06
3.168695114819997922e+06
3.281849040819998365e+06
3.389482753319998272e+06
3.503747483819998335e+06
3.618835852819997817e+06
3.734394021819998510e+06
3.849900846319997683e+06
3.959172919319998473e+06
4.075391448819998186e+06
4.192356566319998354e+06
4.309627020819997415e+06
4.420470670319997706e+06
4.538448677819998004e+06
4.656863658819997683e+06
4.775462515319998376e+06
4.887832274819998071e+06
5.007666328319998458e+06
5.127070786819998175e+06
5.247513461819998920e+06
5.368036467819998041e+06
5.481898622819999233e+06
5.603315407819997519e+06
5.725248622819998302e+06
5.846905974819999188e+06
5.962265449819998816e+06
6.085254045819997787e+06
6.208166017319997773e+06
6.332409649819998071e+06
6.448708133819997311e+06
6.573083264319998212e+06
6.697728123819997534e+06
6.822420126319998875e+06
6.940476168819998391e+06
7.066125934819998220e+06
7.191842219819998369e+06
7.318465881319997832e+06
7.444857798819998279e+06
7.564742245319997892e+06
7.691960892819998786e+06
7.820030507319998927e+06
7.947863617319998331e+06
8.068721510319998488e+06
8.197775079819997773e+06
8.326328880319997668e+06
8.456081102819997817e+06
8.578138868819998577e+06
8.708067393319997936e+06
8.838545586819998920e+06
8.969327302319997922e+06
9.099849373319998384e+06
9.223867359319996089e+06
9.355774729319997132e+06
9.487479043819997460e+06
9.620505798819996417e+06
9.744890045319996774e+06
9.878183212819997221e+06
1.001128837381999753e+07
1.014500974732000008e+07
1.027090919231999665e+07
1.040477517431999743e+07
1.054006700282000005e+07
1.067511660081999749e+07
1.081053939681999758e+07
1.093763516431999765e+07
1.107341795381999761e+07
1.120924200231999718e+07
1.134606667382000014e+07
1.147516324231999740e+07
1.161148464831999689e+07
1.174936302081999928e+07
1.188657902431999892e+07
