1.443728810599972785e+05
2.988431445599972503e+05
4.025329750599972322e+05
4.810841970599972410e+05
5.508779450599973788e+05
6.395038460599973332e+05
7.216540565599973779e+05
8.062866480599971255e+05
9.050217235599972773e+05
1.022666070559997112e+06
1.122404870059997309e+06
1.220152805559997214e+06
1.325825732559997356e+06
1.434157829559997655e+06
1.535011971059997566e+06
1.641008801059997175e+06
1.748554815559997223e+06
1.857886291059997398e+06
1.960283688059997279e+06
2.068368265059997328e+06
2.177663851059997454e+06
2.288436132059997879e+06
2.398641496559997089e+06
2.502546456059997436e+06
2.614139898559996858e+06
2.725800118559997063e+06
2.837790676559997257e+06
2.943581922559997067e+06
3.056545841059996746e+06
3.169876275559997186e+06
3.283504576059997082e+06
3.391017787559997290e+06
3.505630046559997369e+06
3.620484508059997577e+06
3.735969721059997566e+06
3.851218368059996981e+06
3.960759895059997216e+06
4.077187534559997264e+06
4.194172734059997834e+06
4.311804603559996933e+06
4.422371782059997320e+06
4.540661629559997469e+06
4.658952996059997007e+06
4.777717819059997797e+06
4.890233741059998050e+06
5.009652077559997328e+06
5.129772697059997357e+06
5.249966223059996963e+06
5.370763881559997797e+06
5.484549164559997618e+06
5.605742291559997946e+06
5.727554718059998006e+06
5.850035722559996881e+06
5.965076446059997194e+06
6.088171563559997827e+06
6.211149565559997223e+06
6.334858574559997767e+06
6.451665110059997067e+06
6.575991684559997171e+06
6.700691376059996895e+06
6.825601058059996925e+06
6.943392046559997834e+06
7.069189372559997253e+06
7.195000959559996612e+06
7.321692628059997223e+06
7.448568292559998110e+06
7.567825538059996441e+06
7.695481485059997067e+06
7.823406815059997141e+06
7.951494078559997492e+06
8.072198349059997126e+06
8.200902560559997335e+06
8.330454754059997387e+06
8.459777945059997961e+06
8.581901523559998721e+06
8.711846721059996635e+06
8.842431784559996799e+06
8.973203331059996039e+06
9.104194592559996992e+06
9.228021638059996068e+06
9.359692892559997737e+06
9.491967915059996769e+06
9.624670123559996486e+06
9.749275522559996694e+06
9.882783489559996873e+06
1.001583281405999698e+07
1.014961881905999780e+07
1.027541372055999748e+07
1.040984243655999750e+07
1.054456440705999732e+07
1.067931089605999738e+07
1.081500739255999587e+07
1.094242684905999713e+07
1.107840225255999714e+07
1.121478520205999725e+07
1.135093584955999628e+07
1.148004576005999744e+07
1.161686339705999754e+07
1.175456742805999704e+07
1.189238389405999705e+07
