1.464240655399977113e+05
2.992749170399977011e+05
4.022369050399976550e+05
4.806099140399977332e+05
5.501356475399974734e+05
6.390506610399975907e+05
7.226884460399975069e+05
8.057493650399977341e+05
9.041925730399976019e+05
1.022114967039997457e+06
1.121989757039997727e+06
1.219542054039997514e+06
1.324952937539997511e+06
1.433592884539997671e+06
1.534205379039997701e+06
1.640163985539997695e+06
1.748028865539997583e+06
1.856994387539997697e+06
1.959456166039997712e+06
2.067355963039997499e+06
2.177001981039997190e+06
2.287513584539997391e+06
2.397696976539998315e+06
2.501465567039997317e+06
2.613012224539997522e+06
2.724784507039997727e+06
2.836722496039997321e+06
2.942512043539997656e+06
3.055317780039997771e+06
3.169086346039997414e+06
3.282157373039997183e+06
3.390009272539997473e+06
3.504261984539997764e+06
3.619124830039997585e+06
3.734468638539997861e+06
3.850255317539997399e+06
3.959670390039997641e+06
4.075963036539997905e+06
4.192786770039997995e+06
4.310014293539997190e+06
4.420907601039998233e+06
4.539161225539997220e+06
4.657100767539998516e+06
4.776322568539998494e+06
4.888456947539998218e+06
5.007982216039997526e+06
5.127864261539997533e+06
5.248488817039998248e+06
5.368881617039998993e+06
5.482862668539997190e+06
5.604525811039997265e+06
5.726124120039996691e+06
5.848673880039997399e+06
5.963564274039997719e+06
6.086561506039997563e+06
6.209917703039998189e+06
6.333807036539997905e+06
6.450147708039999008e+06
6.574174036039997824e+06
6.698822531539997086e+06
6.823781619039997458e+06
6.941800588539998047e+06
7.067563587539997883e+06
7.193422142539997585e+06
7.320105897039996460e+06
7.446896465039998293e+06
7.566593799039997160e+06
7.693863005539996549e+06
7.821073890539997257e+06
7.949703473539996892e+06
8.070568723039997742e+06
8.199175977039997466e+06
8.327931424039997160e+06
8.457899608039997518e+06
8.579965137039998546e+06
8.710149654039997607e+06
8.840602857539998367e+06
8.971351399039998651e+06
9.102756540039997548e+06
9.226289757539998740e+06
9.357803804539997131e+06
9.490208249539997429e+06
9.622908910539999604e+06
9.747512708539998159e+06
9.880766193039998412e+06
1.001387633053999767e+07
1.014773974253999814e+07
1.027355788653999567e+07
1.040771292503999732e+07
1.054284700003999844e+07
1.067753092803999782e+07
1.081324448253999650e+07
1.094074089903999679e+07
1.107629791803999618e+07
1.121304001553999819e+07
1.134913709753999673e+07
1.147833778203999810e+07
1.161537648253999650e+07
1.175339126753999665e+07
1.189084425553999841e+07
