1.443475760599976638e+05
2.989181810599976452e+05
4.026949310599976452e+05
4.810587930599977262e+05
5.510586570599975530e+05
6.393994685599976219e+05
7.215562885599976871e+05
8.062718265599976294e+05
9.050712670599975390e+05
1.022701050559997559e+06
1.122634446559997508e+06
1.220280221059997566e+06
1.325879013559997780e+06
1.434654391059997724e+06
1.535229305559997447e+06
1.641238359059997834e+06
1.748992211059997790e+06
1.858194180059997831e+06
1.960778287559997523e+06
2.068913460059997626e+06
2.178426197059997357e+06
2.288886244059998076e+06
2.399024721059997566e+06
2.503112923559998162e+06
2.614671435059997253e+06
2.726265820559998043e+06
2.838142881559997797e+06
2.944071217059996910e+06
3.057118720059997402e+06
3.170765358559997752e+06
3.283860717559996992e+06
3.391658399559997953e+06
3.506164481059997343e+06
3.621082350059998222e+06
3.736435645059997682e+06
3.852278225059998222e+06
3.961725697059997357e+06
4.078128401559997350e+06
4.195145308059997857e+06
4.312601383559998125e+06
4.423361525559997186e+06
4.541626934559998102e+06
4.659521356559997424e+06
4.779089918559998274e+06
4.891294159559998661e+06
5.010564052059997804e+06
5.130190588559998199e+06
5.250804870059997775e+06
5.371502369559997693e+06
5.485723154059996828e+06
5.607003394059997983e+06
5.728961182559997775e+06
5.851156357559997588e+06
5.966088776059998199e+06
6.089203454559996724e+06
6.212379445059997961e+06
6.336795124559997581e+06
6.452845626059997827e+06
6.577203893559997901e+06
6.702128645059997216e+06
6.826990363059997559e+06
6.944902118559997529e+06
7.070413402559997514e+06
7.196948729559998028e+06
7.323308364559998736e+06
7.450220404059997760e+06
7.569759941559998319e+06
7.696945126559996977e+06
7.825147535559996963e+06
7.953303821559997275e+06
8.074003745559997857e+06
8.202896724059997126e+06
8.332281474559998140e+06
8.461462925059996545e+06
8.583905655059996992e+06
8.713914503559999168e+06
8.844336064559996128e+06
8.975078386559996754e+06
9.105935883059997112e+06
9.229825152059998363e+06
9.361918043559996411e+06
9.494083176059998572e+06
9.625681341059997678e+06
9.751237365559998900e+06
9.884330959059998393e+06
1.001795214255999774e+07
1.015150348805999756e+07
1.027727924655999616e+07
1.041228607105999812e+07
1.054662995955999754e+07
1.068202700805999711e+07
1.081697717605999857e+07
1.094461551455999725e+07
1.108040486105999723e+07
1.121698280305999890e+07
1.135367527905999869e+07
1.148241662955999747e+07
1.161930705355999619e+07
1.175650995355999842e+07
1.189487694305999950e+07
