1.456327452000003541e+05
2.994279347000004491e+05
4.018925122000003466e+05
4.807833752000003587e+05
5.513298572000004351e+05
6.394074467000002041e+05
7.237635952000004472e+05
8.056152292000004090e+05
9.033808717000002507e+05
1.021338045200000401e+06
1.121841761200000532e+06
1.219034223200000357e+06
1.324664860200000228e+06
1.433377430200000294e+06
1.534015783200000413e+06
1.639966154200000456e+06
1.747226868700000457e+06
1.856767118200000376e+06
1.959198404200000456e+06
2.067373684700000565e+06
2.176494888200000394e+06
2.287114381199999712e+06
2.397584408200000413e+06
2.501480087199999951e+06
2.612964865700000897e+06
2.724550448700000532e+06
2.836288215200000443e+06
2.942526297199999914e+06
3.055483491200000513e+06
3.168784694700000808e+06
3.282752859200000763e+06
3.389790645200000145e+06
3.504383410199999809e+06
3.619326812200000975e+06
3.734734532200000249e+06
3.850372371199999936e+06
3.959787771700000390e+06
4.076206204200000502e+06
4.193296911199999973e+06
4.310224675200000405e+06
4.421209670700000599e+06
4.539089664700000547e+06
4.657901877200000919e+06
4.776615682200000621e+06
4.888848163700000383e+06
5.008412549200000241e+06
5.128537317700000480e+06
5.249067114699999802e+06
5.369577476200001314e+06
5.483497194700000808e+06
5.604906767699999735e+06
5.726634335200000554e+06
5.849093022200000472e+06
5.964030533199999481e+06
6.087215478700000793e+06
6.210343203700000420e+06
6.333904183700000867e+06
6.450882037200000137e+06
6.575230862199999392e+06
6.699843266699999571e+06
6.824929379700001329e+06
6.942727734200000763e+06
7.068309726700000465e+06
7.194202792199999094e+06
7.320979876199999824e+06
7.447407385700000450e+06
7.567476602699999698e+06
7.694630923200001009e+06
7.822490210200000554e+06
7.950675906700000167e+06
8.071262322700000368e+06
8.200183771200000308e+06
8.329321422200000845e+06
8.458823568199999630e+06
8.581102237700000405e+06
8.711094293199999258e+06
8.841826588199999183e+06
8.972518778700001538e+06
9.103328054700000212e+06
9.227477368700001389e+06
9.359232482200000435e+06
9.491533336200000718e+06
9.622961105700001121e+06
9.748382585200000554e+06
9.881672440700002015e+06
1.001489297420000099e+07
1.014900573919999972e+07
1.027479864820000157e+07
1.040898898570000008e+07
1.054384841569999978e+07
1.067886548620000109e+07
1.081401325470000133e+07
1.094179375470000133e+07
1.107734620570000261e+07
1.121374563019999862e+07
1.135063339770000055e+07
1.147927106320000067e+07
1.161645256670000032e+07
1.175382416119999997e+07
1.189170085970000178e+07
