1.447740839799982787e+05
2.992826414799982449e+05
4.030548354799982626e+05
4.815724264799982775e+05
5.514323294799982104e+05
6.402767499799982179e+05
7.224010104799983092e+05
8.072869079799982719e+05
9.058217124799981248e+05
1.023570341479998082e+06
1.124004495479998179e+06
1.221409369979998330e+06
1.327385544979998609e+06
1.435755695979998447e+06
1.536726532479998190e+06
1.642931854979998199e+06
1.750511208479998168e+06
1.860068990479998291e+06
1.962432128479998559e+06
2.070790232479998376e+06
2.180292824479998089e+06
2.290956021479998715e+06
2.401436701979998033e+06
2.505556096479997970e+06
2.617261900479998440e+06
2.728738304479998536e+06
2.841154078479997348e+06
2.946961605479998048e+06
3.060035384979998227e+06
3.173443628979998641e+06
3.287711423979998566e+06
3.394851656979998574e+06
3.509591666479997803e+06
3.624636538979997858e+06
3.740213322979997844e+06
3.855903119479998481e+06
3.965574494979998097e+06
4.082004913479998708e+06
4.199139501979998313e+06
4.316594228479997255e+06
4.427593313979998231e+06
4.545710279479998164e+06
4.663846726979997009e+06
4.783092093479998410e+06
4.895606304479997605e+06
5.015085742479998618e+06
5.135233688479998149e+06
5.255515163479998708e+06
5.376426273979999125e+06
5.490713091979999095e+06
5.612125619979998097e+06
5.733985577479997650e+06
5.856186897979997098e+06
5.971676450479998253e+06
6.094928117979997769e+06
6.218393534979999065e+06
6.341480623479997739e+06
6.458662332479998469e+06
6.583109334979997948e+06
6.708029700479997322e+06
6.833043073479998857e+06
6.950901639979997650e+06
7.077113333479998633e+06
7.203210174979997799e+06
7.329846625979997218e+06
7.456277014479998499e+06
7.576344476979997940e+06
7.703956303479997441e+06
7.831486664979998954e+06
7.960152219479998574e+06
8.081246112979998812e+06
8.209925054979998618e+06
8.339327755479997024e+06
8.468665043479997665e+06
8.591496968479998410e+06
8.721475333479996771e+06
8.851950562479998916e+06
8.983005955479998142e+06
9.114320193479998037e+06
9.238248430979996920e+06
9.370051904479997233e+06
9.501981556979997084e+06
9.635250457979997620e+06
9.759783519979998469e+06
9.893199664979998022e+06
1.002660703297999874e+07
1.016042154897999950e+07
1.028656135797999799e+07
1.042110931647999771e+07
1.055605562197999842e+07
1.069100536297999881e+07
1.082627159847999737e+07
1.095422011397999898e+07
1.109033662947999872e+07
1.122663715897999704e+07
1.136316527998000011e+07
1.149207943197999895e+07
1.162939632197999768e+07
1.176663031347999722e+07
1.190511097397999838e+07
