1.445127428999989352e+05
2.991114103999988874e+05
4.030476548999989172e+05
4.816176533999990206e+05
5.514284383999989368e+05
6.402204408999989973e+05
7.222827423999990569e+05
8.071824038999988697e+05
9.058529258999989834e+05
1.023648305899998872e+06
1.123654421899999026e+06
1.221396600399998715e+06
1.327048111399998888e+06
1.435620150899998844e+06
1.536467585899998900e+06
1.642493124899998773e+06
1.750258952399999136e+06
1.859659144899998792e+06
1.962187786399998935e+06
2.070414153899998870e+06
2.179867966399999335e+06
2.290573847399999388e+06
2.401028837399999145e+06
2.505054858899998479e+06
2.616509020399998873e+06
2.728252286399998702e+06
2.840531313399998937e+06
2.946244544899999164e+06
3.059256459399998654e+06
3.172732757899998687e+06
3.286586638899998739e+06
3.394117155399999116e+06
3.508794983399998397e+06
3.623769714399999008e+06
3.739423502399998717e+06
3.854869643899999559e+06
3.964497138899999671e+06
4.080882908899998758e+06
4.197936264899998903e+06
4.315597598899999633e+06
4.426167469899998978e+06
4.544533663399998099e+06
4.663101522399999201e+06
4.781847624899998307e+06
4.894226093899998814e+06
5.013634078399999067e+06
5.133908699399998412e+06
5.254089260899999179e+06
5.374987121399998665e+06
5.489086826899997890e+06
5.610450323899999261e+06
5.732439640399999917e+06
5.854693082399998792e+06
5.969772672399998643e+06
6.093139502899998799e+06
6.216240146899998188e+06
6.340068676399998367e+06
6.457029671399999410e+06
6.581340815899998881e+06
6.706243854399999604e+06
6.831175839399999008e+06
6.949220244399999268e+06
7.075090768399998546e+06
7.201046511399999261e+06
7.327823884899998084e+06
7.454738774399998598e+06
7.574147717899998650e+06
7.701893354399999604e+06
7.829741420899999328e+06
7.958114019399998710e+06
8.079035759899999946e+06
8.207957966899999417e+06
8.337211766899999231e+06
8.466612277899999171e+06
8.589084774899998680e+06
8.719048471400000155e+06
8.849714186899999157e+06
8.980354333899999037e+06
9.111349760899998248e+06
9.235377403399998322e+06
9.367203463899999857e+06
9.499415000900000334e+06
9.632013222899999470e+06
9.757014901900000870e+06
9.890411614399999380e+06
1.002372171339999698e+07
1.015778572890000045e+07
1.028343536689999700e+07
1.041804008540000021e+07
1.055274618439999968e+07
1.068772960339999944e+07
1.082306736939999834e+07
1.095096441890000179e+07
1.108691472639999911e+07
1.122353973089999892e+07
1.135977749839999899e+07
1.148901872389999777e+07
1.162583344189999811e+07
1.176342507990000024e+07
1.190154262839999795e+07
