1.444986467999983870e+05
2.991875667999983998e+05
4.029789442999984021e+05
4.813892032999984222e+05
5.511319837999984156e+05
6.398771082999983337e+05
7.221115317999983672e+05
8.067375637999984901e+05
9.056025017999983393e+05
1.023272419799998403e+06
1.123304740299998317e+06
1.220819996799998451e+06
1.326680656799998134e+06
1.435018023799998220e+06
1.535902709299998591e+06
1.641880380299998447e+06
1.749661125299998326e+06
1.858892049799998058e+06
1.961513210299998056e+06
2.069580855799998157e+06
2.178943590799998492e+06
2.289901862799998838e+06
2.399983319799997844e+06
2.503952789299998432e+06
2.615758555299998261e+06
2.727351650299998000e+06
2.839239388299998362e+06
2.945141560799998231e+06
3.058187212799998466e+06
3.171793330799997784e+06
3.285767006299998611e+06
3.393043386299998499e+06
3.507623458299998194e+06
3.622519901799998246e+06
3.738017694299998693e+06
3.853657959799998440e+06
3.963167596799998544e+06
4.079468349299998023e+06
4.196545466799998656e+06
4.314227691299999133e+06
4.424747815799998119e+06
4.543016432299998589e+06
4.661640809799998999e+06
4.780474212799998000e+06
4.892698856799999252e+06
5.012037896799998358e+06
5.132333263799998909e+06
5.252472482299998403e+06
5.373220932799998671e+06
5.487491830299998634e+06
5.608897862799998373e+06
5.730654057299998589e+06
5.853162198799999431e+06
5.968085945299997926e+06
6.091409065799998119e+06
6.214525868799999356e+06
6.338017386799998581e+06
6.455211861799998209e+06
6.579415039299998432e+06
6.704147120299998671e+06
6.829360500299999490e+06
6.947130090299999341e+06
7.072985421799998730e+06
7.199053372299998999e+06
7.325771705799998716e+06
7.452258926299998537e+06
7.572174778299998492e+06
7.699585060799997300e+06
7.827692793799998239e+06
7.955853765299998224e+06
8.076502882799997926e+06
8.205204839299998246e+06
8.334608814299997874e+06
8.464087209299998358e+06
8.586415101799998432e+06
8.716508573799997568e+06
8.847179836799997836e+06
8.978160213299997151e+06
9.108895022799998522e+06
9.232950409299997613e+06
9.364675870299998671e+06
9.496646561799999326e+06
9.630008034299999475e+06
9.754323821299999952e+06
9.887704527799997479e+06
1.002085728979999945e+07
1.015468161179999635e+07
1.028092241229999810e+07
1.041510083679999784e+07
1.054998023179999739e+07
1.068505901729999855e+07
1.082075221379999816e+07
1.094819483929999731e+07
1.108399763579999842e+07
1.122064271279999800e+07
1.135697639879999869e+07
1.148582849829999730e+07
1.162258937079999968e+07
1.176018484429999813e+07
1.189801976179999858e+07
