1.442034371999969590e+05
2.986564201999970246e+05
4.023301511999970535e+05
4.810546816999969305e+05
5.505123041999969864e+05
6.393104386999970302e+05
7.214328901999969967e+05
8.059795181999969063e+05
9.046340071999970824e+05
1.022141047699996969e+06
1.122330809699997073e+06
1.220025613699997077e+06
1.325586761699996889e+06
1.434173682199996896e+06
1.534750993199996650e+06
1.640848465699996799e+06
1.748151124199997168e+06
1.857757085699996911e+06
1.960114308699997142e+06
2.068113025699997088e+06
2.177622417199997231e+06
2.288188088199997321e+06
2.398432429699997418e+06
2.502291182699996978e+06
2.613674800699997228e+06
2.725288826699996833e+06
2.837846392199996859e+06
2.943316889199997298e+06
3.056275984199997038e+06
3.169932953699996695e+06
3.283006883199997246e+06
3.390834029699997045e+06
3.505086455199996941e+06
3.620206322699997108e+06
3.735666112699996680e+06
3.851323619699996896e+06
3.960250630699996836e+06
4.077143262699996587e+06
4.193908373699997552e+06
4.311542261199997738e+06
4.421975877199997194e+06
4.540278373699996620e+06
4.658267358699996024e+06
4.777289827199996449e+06
4.889616927199997008e+06
5.009046799199996516e+06
5.129570637199996971e+06
5.249419182699996978e+06
5.370141466199995950e+06
5.484100101699996740e+06
5.605577912699997425e+06
5.727611855199996382e+06
5.849315243199997582e+06
5.964684645199997351e+06
6.087866387699997053e+06
6.210695355699997395e+06
6.334984756199996918e+06
6.451289922199998051e+06
6.575581292199996300e+06
6.700213691199996509e+06
6.825020747699997388e+06
6.943092344699997455e+06
7.068567611699996516e+06
7.194992967699997127e+06
7.321456526199996471e+06
7.448298353699996136e+06
7.567974980699997395e+06
7.695351422199997120e+06
7.822729303699996322e+06
7.951227376699998043e+06
8.071819374199996702e+06
8.200549695699997246e+06
8.330064619699996896e+06
8.459068800199996680e+06
8.581504728699997067e+06
8.711558525199996307e+06
8.842136502199996263e+06
8.972920371199997142e+06
9.104364683199997991e+06
9.227675830699997023e+06
9.359454017699997872e+06
9.491649933199996129e+06
9.624354753699995577e+06
9.748921500699996948e+06
9.882353495199996978e+06
1.001533897819999605e+07
1.014913145269999653e+07
1.027505115419999696e+07
1.040905753669999540e+07
1.054436879169999622e+07
1.067910608069999889e+07
1.081488075819999725e+07
1.094210142869999632e+07
1.107800829419999570e+07
1.121467244119999558e+07
1.135075837769999728e+07
1.147955297819999605e+07
1.161698130219999701e+07
1.175389822669999674e+07
1.189213677019999735e+07
