1.441189694199957303e+05
2.996635979199957219e+05
4.021996079199956730e+05
4.807824959199957084e+05
5.505037424199958332e+05
6.387376219199956395e+05
7.210793759199957130e+05
8.056589749199957587e+05
9.041095479199956171e+05
1.021764858419995755e+06
1.121867328919995809e+06
1.219545891919995658e+06
1.325023520919995615e+06
1.433357233419995522e+06
1.534213387919995934e+06
1.640039562419995666e+06
1.747379752919995692e+06
1.856931338919995818e+06
1.959415389419995714e+06
2.067453846919995733e+06
2.176354389919995330e+06
2.287628650419996120e+06
2.397675100919995923e+06
2.501474881919995416e+06
2.612982974419996142e+06
2.724584795419995673e+06
2.836971474919995759e+06
2.942404516919996124e+06
3.055291685419995338e+06
3.168494287919996306e+06
3.282724485419995617e+06
3.389897568919995800e+06
3.504311260419995524e+06
3.619399212419995107e+06
3.734598546919995919e+06
3.850327203919995576e+06
3.959581621419995558e+06
4.075867705919995904e+06
4.192960629919995554e+06
4.310362233419995755e+06
4.420782067419996485e+06
4.538994527419995517e+06
4.657602198419995606e+06
4.776345123919995502e+06
4.888378981919996440e+06
5.007829653419995680e+06
5.128351094919995405e+06
5.248241174419995397e+06
5.369074969919995405e+06
5.483118590919995680e+06
5.604666230419996195e+06
5.726440902919995598e+06
5.848096417919995263e+06
5.963540746919995174e+06
6.086506732919994742e+06
6.209713487919995561e+06
6.332985537419995293e+06
6.449976453919995576e+06
6.574354585419995710e+06
6.699022268919995986e+06
6.823600349419996142e+06
6.941810157919995487e+06
7.067504552919995971e+06
7.193421796419994906e+06
7.319925287419995293e+06
7.446288692919994704e+06
7.566435591419996694e+06
7.693780278419995680e+06
7.821193890419995412e+06
7.949765648919994943e+06
8.070412228419996798e+06
8.199335363419995643e+06
8.327916814919995144e+06
8.457848623419996351e+06
8.580143411919996142e+06
8.709951717919996008e+06
8.840232798919996247e+06
8.971001203419994563e+06
9.102482628919996321e+06
9.225960828919995576e+06
9.357486894419994205e+06
9.489429252919994295e+06
9.622987236919995397e+06
9.747311601419996470e+06
9.880423979919996113e+06
1.001360229241999611e+07
1.014741499791999534e+07
1.027371614041999355e+07
1.040791360491999611e+07
1.054273874641999602e+07
1.067758440391999483e+07
1.081284682891999558e+07
1.094040459841999412e+07
1.107619102891999483e+07
1.121279168091999739e+07
1.134891400541999564e+07
1.147795622041999549e+07
1.161494668591999635e+07
1.175302761791999452e+07
1.189014114291999675e+07
