1.449924886000020197e+05
3.015323471000020509e+05
4.061590936000020010e+05
4.866056256000020076e+05
5.571384921000020113e+05
6.411524176000020234e+05
7.210160546000020113e+05
8.087438341000020737e+05
9.097646516000019619e+05
1.025937288600001950e+06
1.124502951100002043e+06
1.223028649600002216e+06
1.329379950600001961e+06
1.437198983600002248e+06
1.537407575100001879e+06
1.644086621100001968e+06
1.751709916100001894e+06
1.860931553100002231e+06
1.963209856100002071e+06
2.071319112600001972e+06
2.181128914600002114e+06
2.291521812600002624e+06
2.401828050600002520e+06
2.505734380600001663e+06
2.617412705600001849e+06
2.728975778600002639e+06
2.840851680100001860e+06
2.946756171100001782e+06
3.059658240600001998e+06
3.173079210600002203e+06
3.287262246100001968e+06
3.394460425600002054e+06
3.509056484100001864e+06
3.623739882600001991e+06
3.739127541100001894e+06
3.854865626100001857e+06
3.964661603100002278e+06
4.080568067100002430e+06
4.197552696600001305e+06
4.314703906600002199e+06
4.425765013100001961e+06
4.543852279600001872e+06
4.662527872100003064e+06
4.781136229600002989e+06
4.893480720600001514e+06
5.013329822100002319e+06
5.132820724600002170e+06
5.253479364100001752e+06
5.374210050600001588e+06
5.488239193100001663e+06
5.609478121100001968e+06
5.731325711100001819e+06
5.853877574100001715e+06
5.968865381600001827e+06
6.091942205600001849e+06
6.215357137600002810e+06
6.338366794600001536e+06
6.455536683600001037e+06
6.579545853100001812e+06
6.704308283600001596e+06
6.829379520100001246e+06
6.946930855100002140e+06
7.073297115100001916e+06
7.198839285100001842e+06
7.325479770100003108e+06
7.451934900100001134e+06
7.571928506600001827e+06
7.699179028100003488e+06
7.827182129100002348e+06
7.955238201100001112e+06
8.075925904100000858e+06
8.205122026100001298e+06
8.333581616600002162e+06
8.463418162100002170e+06
8.585644842600001022e+06
8.715605150100000203e+06
8.846456175600003451e+06
8.976928672100001946e+06
9.107754974100003019e+06
9.231757394600003958e+06
9.363383334100000560e+06
9.496126157600002363e+06
9.627706945100001991e+06
9.752956409100001678e+06
9.886016645600002259e+06
1.001928062660000101e+07
1.015347399360000156e+07
1.027909179060000181e+07
1.041372180210000277e+07
1.054808513010000065e+07
1.068300921910000220e+07
1.081837512910000235e+07
1.094599447760000080e+07
1.108184705660000071e+07
1.121782277610000223e+07
1.135439267610000260e+07
1.148355093060000241e+07
1.162022343010000139e+07
1.175842024260000139e+07
1.189578008560000174e+07
