1.446038074000008637e+05
2.992076569000008749e+05
4.029410879000009154e+05
4.818356364000008907e+05
5.513116449000008870e+05
6.400267109000007622e+05
7.224286554000008618e+05
8.070247119000009261e+05
9.055495109000008088e+05
1.023234256400000886e+06
1.123418537400000729e+06
1.221317586900000926e+06
1.326809198400000576e+06
1.435421676900001010e+06
1.536093493900000816e+06
1.642159248400000855e+06
1.749507306400001049e+06
1.859269972400000785e+06
1.961580019900000887e+06
2.069592823900001124e+06
2.179235596400001086e+06
2.289842972400001250e+06
2.400280176400000695e+06
2.504330573900000192e+06
2.615616921400000807e+06
2.727215842900000978e+06
2.839883995400000829e+06
2.945367396400000900e+06
3.058418219900000840e+06
3.172088668400000781e+06
3.285131472900000401e+06
3.392992852400001138e+06
3.507302117400000803e+06
3.622495888400000520e+06
3.738184119400000665e+06
3.853941789400001056e+06
3.963065677400001325e+06
4.079538604400001001e+06
4.196516487900000997e+06
4.313749454900001176e+06
4.424933160900002345e+06
4.543086654400000349e+06
4.661672446400001645e+06
4.780335209900001064e+06
4.892697785400001332e+06
5.012445618900001049e+06
5.132064418400000781e+06
5.252593111900001764e+06
5.373027923900000751e+06
5.487110555900000036e+06
5.608304769400000572e+06
5.730270514400000684e+06
5.852913263400001451e+06
5.967885742400000803e+06
6.091134839400000870e+06
6.214336464400000870e+06
6.337637530900000595e+06
6.454514318400001153e+06
6.578716071900000796e+06
6.703875056900001131e+06
6.828802252900000662e+06
6.946822284400001168e+06
7.072793803400000557e+06
7.198465418900000863e+06
7.325193664900001138e+06
7.451580226900001056e+06
7.571755624400001019e+06
7.698983778400001116e+06
7.827205445400001481e+06
7.955253223400001414e+06
8.076102070900000632e+06
8.205403954900002107e+06
8.333758985400002450e+06
8.463668926899999380e+06
8.585770086900001392e+06
8.715746987900001928e+06
8.846759433400001377e+06
8.977546663899999112e+06
9.108167434900002554e+06
9.232072984900001436e+06
9.363787025900002569e+06
9.496020895400000736e+06
9.629126760400000960e+06
9.753699008900001645e+06
9.886946975899999961e+06
1.002000237640000135e+07
1.015391537540000305e+07
1.028020263390000165e+07
1.041413195790000074e+07
1.054925520340000093e+07
1.068406128739999980e+07
1.081984046240000241e+07
1.094730000190000236e+07
1.108308789539999887e+07
1.121904690289999917e+07
1.135561398689999990e+07
1.148488446840000153e+07
1.162155759439999983e+07
1.175962222640000284e+07
1.189689904490000010e+07
