1.442463261999964016e+05
2.986705181999964407e+05
4.022244606999963871e+05
4.806995446999964188e+05
5.504992611999963410e+05
6.389121266999964137e+05
7.212384611999964109e+05
8.057583331999965012e+05
9.044759321999964304e+05
1.021932851699996390e+06
1.121984835699996445e+06
1.219516504199996591e+06
1.325019587699996307e+06
1.433343108199996408e+06
1.534120150199996307e+06
1.640088985199996503e+06
1.747750044199996628e+06
1.856974431199996732e+06
1.959452049199996516e+06
2.067541439199996414e+06
2.176607012199996505e+06
2.287268301199996844e+06
2.397615318199995905e+06
2.501499664699996356e+06
2.612812830199996475e+06
2.724337572699996643e+06
2.836589658699996304e+06
2.942137095199996606e+06
3.054932577699996531e+06
3.168322250199995935e+06
3.281892113199996296e+06
3.389421621699996293e+06
3.503958210699996911e+06
3.618698426199996378e+06
3.734101787199996412e+06
3.849576611699996516e+06
3.958893754199996591e+06
4.075307751699997112e+06
4.192412813199996017e+06
4.309512612199996598e+06
4.420142976699996740e+06
4.538356660699997097e+06
4.656813030699995346e+06
4.775332404699996114e+06
4.887705783199996687e+06
5.007045570699997246e+06
5.126991461699996144e+06
5.247038186199996620e+06
5.367949942699996755e+06
5.481849696699997410e+06
5.603054566699996591e+06
5.724874081699997187e+06
5.847087738199997693e+06
5.962184534699996933e+06
6.085207984699997120e+06
6.208166781199995428e+06
6.331695289699996822e+06
6.448468586699996144e+06
6.572754709199996665e+06
6.697418008199997246e+06
6.822398945199996233e+06
6.940180586199996993e+06
7.065804208699995652e+06
7.191722889199998230e+06
7.318471878199996427e+06
7.444877064699996263e+06
7.564657954699996859e+06
7.692006427199997008e+06
7.819761824199996889e+06
7.947719918699996546e+06
8.068565240699995309e+06
8.197377292699996382e+06
8.326273967199996114e+06
8.455646346699997783e+06
8.578078698699995875e+06
8.707972401199996471e+06
8.838617056199997663e+06
8.969120874699996784e+06
9.100118658699996769e+06
9.223787791199997067e+06
9.355365799199996516e+06
9.487550528699994087e+06
9.619822567199993879e+06
9.744736232699995860e+06
9.877917863699996844e+06
1.001078188869999722e+07
1.014494483169999719e+07
1.027055202769999579e+07
1.040474070719999447e+07
1.053959435769999772e+07
1.067441582919999585e+07
1.080983274969999865e+07
1.093743465519999713e+07
1.107311152169999667e+07
1.120947143019999564e+07
1.134561780969999544e+07
1.147468882419999689e+07
1.161143691819999740e+07
1.174910679619999789e+07
1.188680853119999729e+07
