1.441599666000023135e+05
2.988230956000023289e+05
4.024102211000022944e+05
4.807520461000023643e+05
5.505976431000024313e+05
6.390961361000023317e+05
7.213234761000022991e+05
8.059714886000021361e+05
9.046887886000024155e+05
1.022126562600002391e+06
1.122234616600002162e+06
1.219615347100002225e+06
1.325289065100002335e+06
1.433711843600002350e+06
1.534123530600002268e+06
1.640379125100002391e+06
1.747920819100002293e+06
1.857296663600002415e+06
1.959757717100002337e+06
2.067712538600002415e+06
2.176850124100002460e+06
2.287560062600002624e+06
2.397970634600002319e+06
2.501857088600002229e+06
2.613326438600002788e+06
2.724873374600001611e+06
2.837041931100002490e+06
2.942702076600003056e+06
3.055693967600001954e+06
3.168989473600002471e+06
3.282659862600002438e+06
3.390224299100002274e+06
3.504648681600002572e+06
3.619526593600002117e+06
3.734962944600002840e+06
3.850437475600002334e+06
3.959730376100001857e+06
4.076236976600002497e+06
4.193177734600002877e+06
4.310355885600002483e+06
4.421209810100002214e+06
4.539037876600001939e+06
4.657714841600002721e+06
4.776446071600003168e+06
4.888674199100002646e+06
5.007866363100002520e+06
5.127812893100001849e+06
5.248172719100001268e+06
5.368859706600002944e+06
5.482900590100002475e+06
5.604293715600001626e+06
5.725893025100002065e+06
5.848115674100002274e+06
5.963598754100002348e+06
6.086301184600001201e+06
6.209293724100003019e+06
6.332869176600001752e+06
6.449343360600002110e+06
6.574029640600002371e+06
6.698593873100003228e+06
6.823505902600001544e+06
6.941464716100001708e+06
7.067136742600001395e+06
7.193082078100001439e+06
7.319634322100002319e+06
7.446066066100002266e+06
7.565826152100002393e+06
7.693365397100001574e+06
7.821076041100002825e+06
7.949255542600002140e+06
8.069848861100003123e+06
8.198423643100002781e+06
8.327886127100002952e+06
8.457180960600003600e+06
8.579554532600002363e+06
8.709409522600002587e+06
8.839800967600002885e+06
8.970646585599999875e+06
9.101764661600004882e+06
9.225336665100002661e+06
9.357238878600001335e+06
9.489370425100002438e+06
9.621630308600004762e+06
9.746818417600002140e+06
9.879665594100002199e+06
1.001276532660000399e+07
1.014666702160000429e+07
1.027247648910000362e+07
1.040684756610000134e+07
1.054131500910000503e+07
1.067633461160000414e+07
1.081171563560000062e+07
1.093934283210000023e+07
1.107501190360000357e+07
1.121141956060000323e+07
1.134755829560000077e+07
1.147646177060000226e+07
1.161338033260000125e+07
1.175064811410000175e+07
1.188844297360000387e+07
