1.441357287999983819e+05
2.989892857999983826e+05
4.024257247999982792e+05
4.809175187999984482e+05
5.507265357999983244e+05
6.391509967999984510e+05
7.214707927999983076e+05
8.060238162999984343e+05
9.047152317999984371e+05
1.022259381799998460e+06
1.122325629299998283e+06
1.219853483299998334e+06
1.325427147799998522e+06
1.433732175299998373e+06
1.534545075299998280e+06
1.640549319799998309e+06
1.748189079799998552e+06
1.857391028799998341e+06
1.959812907799998298e+06
2.067837928299998399e+06
2.177115772799998056e+06
2.287936167299998924e+06
2.398160977299998514e+06
2.502144272799998522e+06
2.613587068799998146e+06
2.725231407799998298e+06
2.837352356299998239e+06
2.943112518299998250e+06
3.055931895799998194e+06
3.169454304799998179e+06
3.283131573299998417e+06
3.390878829799998552e+06
3.505063770799998194e+06
3.619861816799998283e+06
3.735464159799998626e+06
3.851024144299997948e+06
3.960566322799998336e+06
4.076878129799998365e+06
4.193721619299998507e+06
4.311103470299998298e+06
4.421798720799998380e+06
4.539920550799998455e+06
4.658230751799998805e+06
4.776962635299999267e+06
4.889320407799998298e+06
5.008674483799998648e+06
5.128891531299998052e+06
5.249206133299998939e+06
5.369767928299998865e+06
5.483871183799998835e+06
5.605419733799998648e+06
5.727078203799998388e+06
5.849217037299998105e+06
5.964255295799998567e+06
6.087373284299998544e+06
6.210322407299999148e+06
6.334285820799998939e+06
6.450644383799998090e+06
6.575132180299998261e+06
6.699834553299998865e+06
6.824668441299998201e+06
6.942808428299998865e+06
7.068412916799997911e+06
7.194418247299998999e+06
7.321045532799998298e+06
7.447543330299998634e+06
7.567459245799998753e+06
7.694744672299997881e+06
7.822542606299998239e+06
7.950746761299999431e+06
8.071348525799998082e+06
8.200265391799999401e+06
8.329422208799998276e+06
8.458576073300000280e+06
8.581185368299998343e+06
8.710939528799999505e+06
8.841755068799998611e+06
8.972239908299999312e+06
9.103536427799999714e+06
9.227153676299998537e+06
9.358773562299996614e+06
9.491051874299997464e+06
9.623289354299999774e+06
9.748245783299997449e+06
9.881563905299998820e+06
1.001473871880000085e+07
1.014868728529999778e+07
1.027465674029999599e+07
1.040863973429999873e+07
1.054355617879999802e+07
1.067837376280000061e+07
1.081395112829999626e+07
1.094132488129999861e+07
1.107702579229999892e+07
1.121355271129999869e+07
1.134969963329999894e+07
1.147889969979999959e+07
1.161576664579999819e+07
1.175310218229999766e+07
1.189098493129999749e+07
