1.443348599799975636e+05
2.992774309799975017e+05
4.027602594799975050e+05
4.813652229799975175e+05
5.510696749799975660e+05
6.396415309799974784e+05
7.219894059799975948e+05
8.067357564799976535e+05
9.054672744799976936e+05
1.023075440479997545e+06
1.123121817979997490e+06
1.220723101479997393e+06
1.326443381479997654e+06
1.434875158479997423e+06
1.535708287479997380e+06
1.641676318479997572e+06
1.749309621979997493e+06
1.858882086479997728e+06
1.961255479479997419e+06
2.069331786979997531e+06
2.178653049979997333e+06
2.289378350479997694e+06
2.399689575479997322e+06
2.503817569979997352e+06
2.615446811479997821e+06
2.726950468979997560e+06
2.839227339979997836e+06
2.944877491479997523e+06
3.057897453979997896e+06
3.171231663479997776e+06
3.285122895979997236e+06
3.392161542479997501e+06
3.507110639479997568e+06
3.621956598979997449e+06
3.737642742979997769e+06
3.853055581979997456e+06
3.962422882479997352e+06
4.079044742979997769e+06
4.196021220479997806e+06
4.313326097479997203e+06
4.424226678979998454e+06
4.542496890479997732e+06
4.661068641479998827e+06
4.779758680979996920e+06
4.892093135479997844e+06
5.011421295979998074e+06
5.131566348979998380e+06
5.251958119479998015e+06
5.372869245479997247e+06
5.486770279979997315e+06
5.608281548479997553e+06
5.730152238979998045e+06
5.852373058479997329e+06
5.967441000979997218e+06
6.090577817979997024e+06
6.213588129479998723e+06
6.337629660979997367e+06
6.454321908479996957e+06
6.578512053979998454e+06
6.703352301979998127e+06
6.828420384479997680e+06
6.946687885979996994e+06
7.072152685479996726e+06
7.198145904979997315e+06
7.324735957479996607e+06
7.451334296479998156e+06
7.571359906479997560e+06
7.698753413979997858e+06
7.826537460479997098e+06
7.954678413479996845e+06
8.075568972979998216e+06
8.204554050479996949e+06
8.333672551479998045e+06
8.462973104479996487e+06
8.585155766979997978e+06
8.715184779479997233e+06
8.846190508479997516e+06
8.977088800979997963e+06
9.108224628479998559e+06
9.232006039979998022e+06
9.363742797479996458e+06
9.495905698979999870e+06
9.628456987479995936e+06
9.753367191479995847e+06
9.886585259979996830e+06
1.001982003147999756e+07
1.015359966297999769e+07
1.027941969547999650e+07
1.041391490997999907e+07
1.054849870647999831e+07
1.068346076947999746e+07
1.081897423197999969e+07
1.094685278997999802e+07
1.108285658647999540e+07
1.121916517297999933e+07
1.135546248697999865e+07
1.148448180997999758e+07
1.162142824047999829e+07
1.175924870697999746e+07
1.189711434497999772e+07
