1.443995911000014166e+05
2.987564531000014395e+05
4.024289876000013901e+05
4.807813481000014581e+05
5.507973576000013854e+05
6.390515071000015596e+05
7.213430306000013370e+05
8.059075371000014711e+05
9.044658181000014301e+05
1.022161590600001393e+06
1.122087278100001626e+06
1.219985181600001408e+06
1.325362682100001490e+06
1.433921513100001495e+06
1.534428095100001432e+06
1.640375628600001335e+06
1.748170408100001514e+06
1.857356628600001335e+06
1.959831942600001581e+06
2.067886990600001533e+06
2.177354123600001447e+06
2.287723008100001607e+06
2.398085091100001708e+06
2.501855495600001421e+06
2.613219092100001872e+06
2.724929813600001391e+06
2.837337142100001685e+06
2.942858366100001615e+06
3.055715176600001752e+06
3.168955068100000732e+06
3.283089374600001611e+06
3.390354548600001261e+06
3.504757112100001425e+06
3.619531731100001372e+06
3.735011889600001276e+06
3.850639074100001715e+06
3.959990125100001693e+06
4.076352695600001141e+06
4.193322205600000918e+06
4.310470463100001216e+06
4.421252475600002334e+06
4.539343995100000873e+06
4.657959817600001581e+06
4.776620517600001767e+06
4.888943567600001581e+06
5.008265547100001015e+06
5.128688500100001693e+06
5.248535868600001559e+06
5.369235348600000143e+06
5.483078939600001089e+06
5.604128680600002408e+06
5.725990144100002944e+06
5.848725953600001521e+06
5.963622488100001588e+06
6.086536119600001723e+06
6.209716978100001812e+06
6.333038467600001022e+06
6.449914524600001052e+06
6.574342001100001857e+06
6.698859311600001529e+06
6.823690658100002445e+06
6.941849247600002214e+06
7.067555864100001752e+06
7.193403697600001469e+06
7.319882251600001007e+06
7.446299402600001544e+06
7.566434971600001678e+06
7.693736138100001961e+06
7.821617535600000992e+06
7.949752454100001603e+06
8.070322392600000836e+06
8.199293315100000240e+06
8.328606349100001156e+06
8.457689169600002468e+06
8.579908260100001469e+06
8.710002004599999636e+06
8.840654613099999726e+06
8.971531836100002751e+06
9.102132848100000992e+06
9.225873452100001276e+06
9.357703826100001112e+06
9.489795852100001648e+06
9.622764800600001588e+06
9.747137955600000918e+06
9.880441998600002378e+06
1.001316489560000226e+07
1.014728438360000029e+07
1.027328225810000300e+07
1.040737564910000190e+07
1.054195267860000208e+07
1.067676269710000232e+07
1.081229338060000166e+07
1.094006692710000090e+07
1.107585013410000131e+07
1.121233829810000211e+07
1.134843990210000239e+07
1.147751551810000278e+07
1.161478189160000160e+07
1.175153078760000132e+07
1.188974513210000098e+07
