1.442653400599994347e+05
2.990273150599993533e+05
4.025545660599995172e+05
4.808762505599994911e+05
5.508091855599994306e+05
6.392006105599993607e+05
7.214403705599994864e+05
8.061137240599994548e+05
9.047970750599994790e+05
1.022361470059999381e+06
1.122203512059999630e+06
1.219865823059999384e+06
1.325446457559999544e+06
1.433882304559999611e+06
1.534807549559999257e+06
1.640696044559999369e+06
1.748284489559999201e+06
1.857598248559999280e+06
1.960020333059999393e+06
2.068020213059999514e+06
2.177252735059999395e+06
2.288011870059999172e+06
2.398338548560000025e+06
2.502272095059999730e+06
2.613793817059999332e+06
2.725380009059999138e+06
2.837539518559999298e+06
2.943436936559999362e+06
3.056216021559999324e+06
3.169631715059999377e+06
3.283240446059999056e+06
3.390396374059999827e+06
3.505303436559999362e+06
3.620099836059998721e+06
3.735589272059999406e+06
3.851032554059999064e+06
3.960377481059999205e+06
4.076751458059999626e+06
4.193827650059998967e+06
4.311124636559998617e+06
4.421627527559999377e+06
4.539967376059999689e+06
4.658483503559999168e+06
4.777245782560000196e+06
4.889599606559999287e+06
5.008952447559999302e+06
5.128984543559999205e+06
5.249343468559998088e+06
5.370311033559998497e+06
5.484357769059998915e+06
5.605678792059998959e+06
5.727093557559998706e+06
5.849496964059999213e+06
5.964551394059998915e+06
6.087677122559999116e+06
6.210671661559998989e+06
6.334295906560000032e+06
6.450813787059998140e+06
6.575571840059999377e+06
6.700108798560000025e+06
6.825085361560000107e+06
6.943183019059998915e+06
7.068704863560000435e+06
7.194712552059998736e+06
7.321238660560000688e+06
7.447834104059999809e+06
7.567573679059999064e+06
7.694808045559998602e+06
7.822684708060000092e+06
7.950840527560001239e+06
8.071647493060000241e+06
8.200538965059999377e+06
8.329612412060000002e+06
8.459062195560000837e+06
8.581532158059999347e+06
8.711460606559999287e+06
8.842124907060001045e+06
8.972682447560001165e+06
9.103843360059998930e+06
9.227546466559998691e+06
9.359189655559998006e+06
9.491496221559999511e+06
9.623760970060000196e+06
9.749033621059998870e+06
9.881923155059996992e+06
1.001486264055999741e+07
1.014889876605999842e+07
1.027455575705999881e+07
1.040911455755999684e+07
1.054397984855999798e+07
1.067863717305999808e+07
1.081419594405999780e+07
1.094173364556000009e+07
1.107737395205999911e+07
1.121395036755999923e+07
1.134995997055999935e+07
1.147888156505999900e+07
1.161601993705999851e+07
1.175335278005999885e+07
1.189134079055999964e+07
