1.445507722199984128e+05
2.989802902199984528e+05
4.023629242199984146e+05
4.811698212199984118e+05
5.506856707199984230e+05
6.393417437199985143e+05
7.216945032199984416e+05
8.060810857199984603e+05
9.048042222199983662e+05
1.022561209719998529e+06
1.122437510219998192e+06
1.220004909219998401e+06
1.325599819219998084e+06
1.433730829219998326e+06
1.534816963719998486e+06
1.640658763719998300e+06
1.748391198219998274e+06
1.857561434719998389e+06
1.960052180719998199e+06
2.068089598719998496e+06
2.177592960719998460e+06
2.288014798219997901e+06
2.398297264719998464e+06
2.502263172219998203e+06
2.613718828719998710e+06
2.725426046219998039e+06
2.837586084219998214e+06
2.943077705719998106e+06
3.055919868719998747e+06
3.169664503719998524e+06
3.282814295719998423e+06
3.390527634219998494e+06
3.505036473219998647e+06
3.619787053219998255e+06
3.735208090719998349e+06
3.850813687219998799e+06
3.960368993719998747e+06
4.076894899219999090e+06
4.193609522219997831e+06
4.311205030219998211e+06
4.421850771719998680e+06
4.540074662219998427e+06
4.658039867719998583e+06
4.776973209719998762e+06
4.889307545219998807e+06
5.008812248219998553e+06
5.128507896219998598e+06
5.249150359219998121e+06
5.369739215219998732e+06
5.483945666719998233e+06
5.605347556719997898e+06
5.727071007219998166e+06
5.848895366719998419e+06
5.964146431219997816e+06
6.087212151719998568e+06
6.210195320219998248e+06
6.334172017719998956e+06
6.450605751719998196e+06
6.575280641219997779e+06
6.699778150219998322e+06
6.824578761219998822e+06
6.942408825219998136e+06
7.068252344219997525e+06
7.194169329719997942e+06
7.320854056219998747e+06
7.447273478219998069e+06
7.567204733719998971e+06
7.694472361719998531e+06
7.822463578219998628e+06
7.950586790719999000e+06
8.071173546219998971e+06
8.200260878219998442e+06
8.328660993719998747e+06
8.458570174719998613e+06
8.580989005219999701e+06
8.711074004219997674e+06
8.841125262219998986e+06
8.972103150219999254e+06
9.103633963219996542e+06
9.227088472720000893e+06
9.359000095219999552e+06
9.491078679719999433e+06
9.622665007719999179e+06
9.747828140719998628e+06
9.880844981720000505e+06
1.001470351571999863e+07
1.014844215371999890e+07
1.027420809021999873e+07
1.040855065971999802e+07
1.054354713671999797e+07
1.067864351171999797e+07
1.081411730121999793e+07
1.094104982921999879e+07
1.107700571421999857e+07
1.121290606171999872e+07
1.134953910621999763e+07
1.147873000021999888e+07
1.161516420471999794e+07
1.175344910671999678e+07
1.189079970621999726e+07
