1.441335678399985190e+05
2.985802468399985228e+05
4.024241618399984436e+05
4.808340488399985479e+05
5.505817653399985284e+05
6.390371013399984222e+05
7.213542223399984650e+05
8.057799763399986550e+05
9.046392013399986317e+05
1.022218332839998649e+06
1.122055639339998364e+06
1.219620984839998186e+06
1.325228050339998677e+06
1.433568303839998320e+06
1.534384142339998391e+06
1.640366973839998711e+06
1.747933590839998564e+06
1.857156881339998450e+06
1.959749806339998264e+06
2.067570699839998502e+06
2.176771172839998733e+06
2.287654815839998424e+06
2.397823872839998454e+06
2.501678170839998405e+06
2.613401500339998864e+06
2.724956125339998398e+06
2.836969024839998689e+06
2.942637523339997977e+06
3.055599343339998275e+06
3.168906833339998499e+06
3.282559289339998737e+06
3.390299855839998461e+06
3.504493319839999080e+06
3.619367027839998715e+06
3.734783053339998238e+06
3.850230064339998178e+06
3.959570346339998767e+06
4.075962744839997962e+06
4.192992145339998417e+06
4.310357933839997277e+06
4.421028220839997754e+06
4.539103327339997515e+06
4.657610225339998491e+06
4.776392306339997798e+06
4.888640401839998551e+06
5.007853186339998618e+06
5.128175153839997947e+06
5.248320166839998215e+06
5.368941477839998901e+06
5.482867941339998506e+06
5.604177642839998007e+06
5.725862098839998245e+06
5.848306738839998841e+06
5.963474758839998394e+06
6.086435308339998126e+06
6.209483986839998513e+06
6.333081058839999139e+06
6.449851631339997053e+06
6.574236604339998215e+06
6.698774244839997962e+06
6.823570831339999102e+06
6.941470426839997992e+06
7.067287392339998856e+06
7.192986374839998782e+06
7.319582011839998886e+06
7.446257560339998454e+06
7.566040837339999154e+06
7.693424516839997843e+06
7.821417215839997865e+06
7.949367312339998782e+06
8.069921582839999348e+06
8.198849267839998938e+06
8.328031500339997932e+06
8.457309365339998156e+06
8.579419229839999229e+06
8.709393682339997962e+06
8.839959577339999378e+06
8.970628838339999318e+06
9.101852597839999944e+06
9.225502283839996904e+06
9.357342236839998513e+06
9.489426153839997947e+06
9.621985845839999616e+06
9.746884122339997441e+06
9.880093544840000570e+06
1.001310364433999732e+07
1.014687938783999905e+07
1.027293349083999731e+07
1.040713997183999792e+07
1.054150410933999904e+07
1.067639905583999865e+07
1.081165688383999839e+07
1.093930748034000024e+07
1.107522507083999738e+07
1.121167765983999893e+07
1.134820386233999953e+07
1.147722043933999725e+07
1.161417745884000137e+07
1.175157537734000012e+07
1.188919510183999687e+07
