1.444935839799986861e+05
2.989463244799986714e+05
4.027168099799987976e+05
4.811417979799987515e+05
5.511352214799986687e+05
6.395553294799986761e+05
7.218428354799987283e+05
8.067299999799986836e+05
9.051459244799988810e+05
1.022821168979998678e+06
1.123084179479998769e+06
1.220745107479998609e+06
1.326414713479998522e+06
1.434722873479998671e+06
1.535669508979998529e+06
1.641769053979998920e+06
1.749240816479998641e+06
1.858800902479998767e+06
1.961283046979998471e+06
2.069447607479998609e+06
2.178535114479999058e+06
2.289713868479998782e+06
2.399858773979999125e+06
2.503925588479998522e+06
2.615424486479998566e+06
2.726914120979998261e+06
2.839488296979998238e+06
2.945060414979998488e+06
3.057926464979998767e+06
3.171385164479998872e+06
3.285568827479998581e+06
3.392757377979998477e+06
3.507269600479998626e+06
3.622358197479998693e+06
3.737743873479998671e+06
3.853510538979998790e+06
3.962854151979998685e+06
4.079275543979998678e+06
4.196511620979998261e+06
4.313956663479999639e+06
4.424597496479998343e+06
4.542832139479999430e+06
4.661510504479998723e+06
4.780263842479998246e+06
4.892350506979998201e+06
5.011805814479999244e+06
5.132227596979998052e+06
5.252208966479998082e+06
5.373023522479998879e+06
5.487110973479999229e+06
5.608505963980000466e+06
5.730328002479998395e+06
5.853002661479998380e+06
5.967907799479998648e+06
6.091077921979999170e+06
6.214193896479998715e+06
6.338363612979998812e+06
6.454628838479998522e+06
6.579023502479998395e+06
6.703680338479998522e+06
6.828864615479999222e+06
6.946702930979998782e+06
7.072828594979998656e+06
7.198868000479998067e+06
7.325333927979998291e+06
7.452203462479998358e+06
7.571756246979999356e+06
7.699359894479999319e+06
7.827259910479999147e+06
7.955315905479999259e+06
8.076153927979998291e+06
8.204888193979999050e+06
8.334603896979999729e+06
8.463600397479999810e+06
8.586147273479998112e+06
8.716141075980000198e+06
8.846721067479999736e+06
8.977697717479998246e+06
9.108384880479998887e+06
9.232428762479998171e+06
9.364165381979998201e+06
9.496625692979998887e+06
9.628811802479999140e+06
9.753882861979998648e+06
9.886954727479998022e+06
1.002014447347999923e+07
1.015377637997999787e+07
1.028026341797999851e+07
1.041464412847999856e+07
1.054918492898000032e+07
1.068427649447999895e+07
1.081956428647999838e+07
1.094756854747999832e+07
1.108322571097999811e+07
1.121919876597999781e+07
1.135603871947999857e+07
1.148499464947999828e+07
1.162215342748000100e+07
1.175931275697999820e+07
1.189739612997999787e+07
