1.444810165999988676e+05
2.989853160999988322e+05
4.026595915999988792e+05
4.811967865999988280e+05
5.509634480999988737e+05
6.396241110999989323e+05
7.216959760999989230e+05
8.062148515999990050e+05
9.051157000999989687e+05
1.022670454099998926e+06
1.122589214099999052e+06
1.220255010099999141e+06
1.325819195599998813e+06
1.434167267099998891e+06
1.535036341099998914e+06
1.640936958099999232e+06
1.748679374599999050e+06
1.857992099599998910e+06
1.960325677599999122e+06
2.068346460099998862e+06
2.177766059099998325e+06
2.288487569099999033e+06
2.398624255599998869e+06
2.502673404599999078e+06
2.614210067099999171e+06
2.725660102099998854e+06
2.837935514599998947e+06
2.943675296599999070e+06
3.056335596099998802e+06
3.169864070099999197e+06
3.283588612099999096e+06
3.390995222099998966e+06
3.505657639599998947e+06
3.620598545599998906e+06
3.736035231599998660e+06
3.851460311099998653e+06
3.961051657599999104e+06
4.077316521599998698e+06
4.194282403099997900e+06
4.311631757599999197e+06
4.422352812599999830e+06
4.540475087599998340e+06
4.658950693599998951e+06
4.777862378099998459e+06
4.890204268099998124e+06
5.009464488599998876e+06
5.129786921099999920e+06
5.249866930099999532e+06
5.370450299599997699e+06
5.484585688099998981e+06
5.605870190099997446e+06
5.727891301099998876e+06
5.849896648599998094e+06
5.964959391599999741e+06
6.088213447099998593e+06
6.211224844599999487e+06
6.334803733099998906e+06
6.451539512099999934e+06
6.575795259099999443e+06
6.700687020099999383e+06
6.825625646099998616e+06
6.943486716599998996e+06
7.069450787099998444e+06
7.195391535099999048e+06
7.321908894599998370e+06
7.448460682099998929e+06
7.568278092099998146e+06
7.695757848599998280e+06
7.823349974099999294e+06
7.951693775099998340e+06
8.072451495099999011e+06
8.201074778099997900e+06
8.330327055099997669e+06
8.459666287100000307e+06
8.582090926599999890e+06
8.712105859600000083e+06
8.842682726599998772e+06
8.973410056599996984e+06
9.104781825599998236e+06
9.228123475099999458e+06
9.359916266599997878e+06
9.491940629599999636e+06
9.624513433600001037e+06
9.749411709599999711e+06
9.882618657599998638e+06
1.001579614259999990e+07
1.014983263260000013e+07
1.027544870659999922e+07
1.041007334159999900e+07
1.054498315959999710e+07
1.067962124359999970e+07
1.081545837359999865e+07
1.094257581809999980e+07
1.107860008259999752e+07
1.121505768259999901e+07
1.135143142009999976e+07
1.148016023809999973e+07
1.161711440759999864e+07
1.175486028060000017e+07
1.189260469359999895e+07
