1.445600359000005410e+05
2.990899474000005284e+05
4.026717414000006393e+05
4.812124579000005615e+05
5.513134789000005694e+05
6.396913209000005154e+05
7.221340854000006802e+05
8.067916494000006933e+05
9.052226264000006486e+05
1.023044535400000517e+06
1.123211462900000624e+06
1.221026736400000285e+06
1.326571915400000755e+06
1.435344920900000725e+06
1.535791875400000485e+06
1.641811175900000613e+06
1.749695668900000397e+06
1.858996794900000328e+06
1.961398732400000561e+06
2.069543446400000481e+06
2.179129262400000356e+06
2.289624679900000803e+06
2.400164043400000781e+06
2.504077365900000557e+06
2.615366923400000669e+06
2.726964019900000654e+06
2.839632342400000431e+06
2.945241440900000744e+06
3.058139591400000732e+06
3.171385418400000315e+06
3.285660109900000505e+06
3.392836414900000673e+06
3.507505896900000516e+06
3.622451228900000453e+06
3.738077001900000498e+06
3.853638538399999961e+06
3.963057527900000568e+06
4.079433669400000479e+06
4.196548500400000252e+06
4.313880717900000513e+06
4.424756207900000736e+06
4.542928930400000885e+06
4.661163172900000587e+06
4.780461667400000617e+06
4.892861166400000453e+06
5.012029686400001869e+06
5.131788017400000244e+06
5.252504046900000423e+06
5.373214193900000304e+06
5.487379174399999902e+06
5.608635558400001377e+06
5.730572372400000691e+06
5.852695918900001794e+06
5.968109173900000751e+06
6.091206501900000498e+06
6.214141841900000349e+06
6.338410364900002256e+06
6.454919653400000185e+06
6.579316553900000639e+06
6.703841013399999589e+06
6.829105955900000408e+06
6.946781233900001273e+06
7.072756286399999633e+06
7.199022118900000118e+06
7.325438014900000766e+06
7.452421739900001325e+06
7.571996267900001258e+06
7.699575321400001645e+06
7.826886082400000654e+06
7.955375421399999410e+06
8.076261002900000662e+06
8.205324281899999827e+06
8.334064188900000416e+06
8.464040808900000528e+06
8.586208766899999231e+06
8.716208579400001094e+06
8.846715079400001094e+06
8.977609001900000498e+06
9.109070272900000215e+06
9.232557160400001332e+06
9.364509848900001496e+06
9.497040011399999261e+06
9.628817805399999022e+06
9.754184115400001407e+06
9.887105952400002629e+06
1.002042441140000150e+07
1.015438253940000013e+07
1.028044001689999923e+07
1.041494463439999893e+07
1.054961081440000236e+07
1.068451324290000089e+07
1.082022282589999959e+07
1.094791949440000206e+07
1.108357009689999931e+07
1.122025289690000005e+07
1.135638695790000074e+07
1.148589035289999843e+07
1.162277806090000272e+07
1.176059485940000042e+07
1.189782607790000178e+07
