1.442575149600009609e+05
2.987054244600009406e+05
4.022625884600009304e+05
4.807064199600009597e+05
5.506199359600008465e+05
6.392717114600010682e+05
7.212252904600009788e+05
8.058662129600008484e+05
9.046018874600009294e+05
1.022207385460000951e+06
1.122036904460000806e+06
1.219622533460000996e+06
1.325275363460001070e+06
1.433631334460000973e+06
1.534317477460001130e+06
1.640271963460000930e+06
1.747916517960000783e+06
1.857218789460001048e+06
1.959498544960001018e+06
2.067478750460001174e+06
2.176703068460001145e+06
2.287536890960000921e+06
2.397746892460000701e+06
2.501527971960000694e+06
2.613161995960000902e+06
2.724784111460001208e+06
2.837000797460000962e+06
2.942545755460000597e+06
3.055356644960001111e+06
3.168828227960000746e+06
3.282396837460000999e+06
3.389921816460000817e+06
3.504428156460001133e+06
3.619142344960000366e+06
3.734575022460001055e+06
3.850141982960000634e+06
3.959532924460000824e+06
4.075852386460000649e+06
4.192675193460000679e+06
4.309796615460000932e+06
4.420725494960000739e+06
4.539081260959999636e+06
4.657431907960001379e+06
4.776093634960001335e+06
4.888554702460000291e+06
5.007971757960001007e+06
5.127800137460000813e+06
5.247935624960001558e+06
5.368696095459999517e+06
5.482656823960000649e+06
5.603893360460001044e+06
5.725830713960000314e+06
5.847697061960000545e+06
5.962938439960001037e+06
6.085958564460000023e+06
6.208956086460000835e+06
6.332815460460000671e+06
6.449280708460001275e+06
6.573619272960001603e+06
6.698290200459999964e+06
6.823114328460001387e+06
6.941432014460001141e+06
7.066950321460001171e+06
7.192596090960001573e+06
7.319259302460001782e+06
7.445654680960001424e+06
7.565741923460001126e+06
7.692936381460000761e+06
7.820666106960000470e+06
7.948794880460001528e+06
8.069417604960002005e+06
8.198366037960000336e+06
8.327530395960001275e+06
8.456802710460003465e+06
8.579195999959999695e+06
8.708953765960000455e+06
8.839616652960000560e+06
8.970296846960000694e+06
9.101004294460000470e+06
9.224993521460000426e+06
9.356609767459999770e+06
9.488767770960003138e+06
9.621553270460002124e+06
9.745887102960001677e+06
9.879103080959999934e+06
1.001221181345999986e+07
1.014624196596000157e+07
1.027197780746000260e+07
1.040622736446000263e+07
1.054087125046000071e+07
1.067564349096000008e+07
1.081128953745999932e+07
1.093872873146000132e+07
1.107437951996000111e+07
1.121071232445999980e+07
1.134703718646000326e+07
1.147611281046000123e+07
1.161306024246000126e+07
1.175042514945999905e+07
1.188822900146000087e+07
