1.442198394799984526e+05
2.987635599799984484e+05
4.027033324799984694e+05
4.813332889799984405e+05
5.509884314799985150e+05
6.397225344799985178e+05
7.218852579799984815e+05
8.066294904799984070e+05
9.052860109799983911e+05
1.022954267979998374e+06
1.122909935979998438e+06
1.220619511479998473e+06
1.326271811479998520e+06
1.434513550979998894e+06
1.535558615979998372e+06
1.641506916479998268e+06
1.749168531979998341e+06
1.858726355479998514e+06
1.961118126979998313e+06
2.069150330479998142e+06
2.178536626979998313e+06
2.289287379479998257e+06
2.399626658479998354e+06
2.503622999479998369e+06
2.615121014479998499e+06
2.726725864479998127e+06
2.838783186979998834e+06
2.944771685979998671e+06
3.057651584479998797e+06
3.171146464979997836e+06
3.284761934979998507e+06
3.392311841479999013e+06
3.506945748479998205e+06
3.621808559979997575e+06
3.737424279479998630e+06
3.852943253479998559e+06
3.962560868479998317e+06
4.078875246979998425e+06
4.195892124979998916e+06
4.313559242979997769e+06
4.424061446479998529e+06
4.542294019979998469e+06
4.660744693979999050e+06
4.779507529479999095e+06
4.891858769979998469e+06
5.011178981979999691e+06
5.131489584979998879e+06
5.251626962979998440e+06
5.372430881979998201e+06
5.486476323979998007e+06
5.607809537479997613e+06
5.729641094979997724e+06
5.852046281979998574e+06
5.967065930979998782e+06
6.090259684979998507e+06
6.213359738479997963e+06
6.336819715979998000e+06
6.453795281479998492e+06
6.578355263479998335e+06
6.702898810979998671e+06
6.827847664479998872e+06
6.945796161479998380e+06
7.071766261479998007e+06
7.197508387979998253e+06
7.324191777979998849e+06
7.450585985479998402e+06
7.570617626479998231e+06
7.698241068479998037e+06
7.825979210979998112e+06
7.954186620479999110e+06
8.074974411479998380e+06
8.203752540979998186e+06
8.333138871979998425e+06
8.462467403979998082e+06
8.584847310479998589e+06
8.714846974979998544e+06
8.845590332979997620e+06
8.976472702980000526e+06
9.107142500479998067e+06
9.231189531479999423e+06
9.362999147979998961e+06
9.495274490479998291e+06
9.628036360980000347e+06
9.752494073479998857e+06
9.885677328979998827e+06
1.001890843247999996e+07
1.015309538747999817e+07
1.027908335348000005e+07
1.041357101847999915e+07
1.054808717847999930e+07
1.068302983447999880e+07
1.081882369697999768e+07
1.094621929047999717e+07
1.108215634247999638e+07
1.121848025247999653e+07
1.135489385647999682e+07
1.148385586847999878e+07
1.162076419797999784e+07
1.175830853647999838e+07
1.189620035597999766e+07
