1.443713933599985903e+05
2.990496143599986099e+05
4.030470263599985046e+05
4.816993248599985382e+05
5.514707878599986434e+05
6.401007903599985875e+05
7.225614248599985149e+05
8.073104388599985978e+05
9.061078143599987961e+05
1.023765761359998723e+06
1.123994267859998625e+06
1.221648070859998465e+06
1.327243184859998757e+06
1.435807200359998271e+06
1.536714743359998567e+06
1.642893749359998619e+06
1.750708314859998412e+06
1.860089161359998630e+06
1.962713166359998751e+06
2.070797517359998543e+06
2.180276090359998867e+06
2.291155667859998066e+06
2.401477564859998412e+06
2.505589983359998558e+06
2.617333770859998651e+06
2.729080531359998509e+06
2.841356086859998759e+06
2.947029135859998874e+06
3.060056359359998722e+06
3.173609994859998580e+06
3.287484222359998152e+06
3.395002176359998528e+06
3.509609229859998450e+06
3.624546301859998144e+06
3.740222895859998651e+06
3.855918858859999105e+06
3.965637433859998360e+06
4.082040010859998874e+06
4.199098873359998688e+06
4.316564248859997839e+06
4.427751991859998554e+06
4.545887382359998301e+06
4.664303334859998897e+06
4.783171805859997869e+06
4.895681643359998241e+06
5.015034116859998554e+06
5.135424059859998524e+06
5.255630644359998405e+06
5.376562997359998524e+06
5.490700228859998286e+06
5.612269874859998003e+06
5.734214377859998494e+06
5.856436422859998420e+06
5.971611278859999031e+06
6.094866073859998025e+06
6.218163798859998584e+06
6.341979170859999023e+06
6.458677037359998561e+06
6.583070318359998986e+06
6.708073226859997958e+06
6.833223124359997921e+06
6.951256064359998330e+06
7.077217105859998614e+06
7.202899576359998435e+06
7.329668185859998688e+06
7.456608121359998360e+06
7.576709794859999791e+06
7.704005004359997809e+06
7.831868384359998628e+06
7.960204153859998100e+06
8.081255877859996632e+06
8.210335337859997526e+06
8.339429091359998100e+06
8.468785088859997690e+06
8.591281073359999806e+06
8.721427075359998271e+06
8.852537323859997094e+06
8.983198427859999239e+06
9.114385776359997690e+06
9.238040319859998301e+06
9.369972996859997511e+06
9.502568560359997675e+06
9.634857982859998941e+06
9.759711111359998584e+06
9.893368097359998152e+06
1.002647849685999937e+07
1.016063869285999797e+07
1.028651029435999691e+07
1.042108023485999927e+07
1.055585399385999888e+07
1.069105832135999948e+07
1.082681707585999742e+07
1.095427440985999815e+07
1.109006417435999960e+07
1.122677952185999975e+07
1.136350248085999861e+07
1.149259701435999759e+07
1.162937191386000067e+07
1.176676770735999942e+07
1.190478654136000015e+07
