1.447033727800011984e+05
2.992951367800012231e+05
4.048775922800011467e+05
4.860224822800011607e+05
5.572242292800012510e+05
6.412118102800013730e+05
7.215919047800012631e+05
8.074024617800011765e+05
9.085495087800011970e+05
1.025373587280001026e+06
1.124539687280001119e+06
1.222841835780000780e+06
1.329124034280001186e+06
1.436764168280001264e+06
1.537411483780001290e+06
1.643835770780001301e+06
1.751592477280001389e+06
1.860930984280001372e+06
1.963239333280001068e+06
2.071525327280001249e+06
2.180514140780000947e+06
2.291805182780001312e+06
2.401922279280000832e+06
2.505885647280001082e+06
2.617389558780001476e+06
2.729213193280001171e+06
2.841033127280000597e+06
2.947086871780000627e+06
3.059972267280001193e+06
3.173626031780000776e+06
3.286983100280001294e+06
3.394723873780000955e+06
3.509313667780001182e+06
3.624235954280001111e+06
3.739522385280000977e+06
3.855227648780000862e+06
3.964739929280001204e+06
4.081315158780001104e+06
4.198332397280001082e+06
4.315860314780001529e+06
4.426303255780001171e+06
4.544540614780001342e+06
4.663274075780000538e+06
4.781915637780001387e+06
4.894209551280001178e+06
5.013587012780001387e+06
5.134079686280000955e+06
5.254018244280001149e+06
5.374917208280000836e+06
5.488887687280001119e+06
5.610020946280000731e+06
5.732014961780000478e+06
5.854681275280000642e+06
5.969661509280000813e+06
6.092884564780001529e+06
6.215795843280000612e+06
6.339884985280000605e+06
6.456485950280000456e+06
6.580616879780001007e+06
6.705322605280000716e+06
6.830255726280000992e+06
6.948118575780001469e+06
7.074186353779999539e+06
7.200283889780001715e+06
7.326541603780001402e+06
7.453279033780001104e+06
7.572753275280001573e+06
7.700572403780001216e+06
7.828273645780000836e+06
7.956300092780001462e+06
8.076912536280000582e+06
8.205811457780001685e+06
8.335654853780001402e+06
8.464542370280001312e+06
8.586986700780000538e+06
8.716930290780000389e+06
8.847520058280002326e+06
8.978425635780002922e+06
9.109021251279998571e+06
9.232974365779999644e+06
9.365056609280001372e+06
9.496808309280002490e+06
9.630124888280000538e+06
9.754463000780001283e+06
9.887708494780000299e+06
1.002090598028000072e+07
1.015462125978000090e+07
1.028065581828000024e+07
1.041512057778000273e+07
1.054990827127999999e+07
1.068485088778000139e+07
1.082052925428000093e+07
1.094808257828000188e+07
1.108394714028000087e+07
1.121970777978000045e+07
1.135649920628000051e+07
1.148541730978000164e+07
1.162261022328000143e+07
1.175979933328000084e+07
1.189774196627999842e+07
