1.442206546200005105e+05
2.987454636200005189e+05
4.024083746200004825e+05
4.808356526200005319e+05
5.507678506200006232e+05
6.393464301200004993e+05
7.214365736200005049e+05
8.060771496200005058e+05
9.047739691200004891e+05
1.022360800120000611e+06
1.122331265620000428e+06
1.219933733620000537e+06
1.325589133620000444e+06
1.434033853120000567e+06
1.534703011620000470e+06
1.640651607120000524e+06
1.748316683620000724e+06
1.857599831620000536e+06
1.960135128620000556e+06
2.068125500120000681e+06
2.177450966620001011e+06
2.288208234620000236e+06
2.398564345120000653e+06
2.502408116120000836e+06
2.613984730120000429e+06
2.725547375120000448e+06
2.837837726120000705e+06
2.943359865120000206e+06
3.056251778120000847e+06
3.169627439120001160e+06
3.283209300120000727e+06
3.390725642120000441e+06
3.505229794120000675e+06
3.620130647120000795e+06
3.735741179120000452e+06
3.851212317120000720e+06
3.960492044120000675e+06
4.076946066120000556e+06
4.193893279620001093e+06
4.311273858119999990e+06
4.422060548120000400e+06
4.540198306120000780e+06
4.658563596120000817e+06
4.777336068620000035e+06
4.889660419120000675e+06
5.009237364120000973e+06
5.129231827120000497e+06
5.249505408620001748e+06
5.370372596119999886e+06
5.484323894619999453e+06
5.605573646120000631e+06
5.727361319120000117e+06
5.849493855620000511e+06
5.964603301119999960e+06
6.087691540120001882e+06
6.210715294619999826e+06
6.334340950620000251e+06
6.451138150120001286e+06
6.575549224120000377e+06
6.700155461619999260e+06
6.825102650120000355e+06
6.942943796620001085e+06
7.068830320120000280e+06
7.194724241620000452e+06
7.321381775620000437e+06
7.447916995120001957e+06
7.567695658120000735e+06
7.695132809119999409e+06
7.822966218119999394e+06
7.951179266619999893e+06
8.072015928620001301e+06
8.200747022619999945e+06
8.329925144120000303e+06
8.459147672620000318e+06
8.581483506120000035e+06
8.711470246120000258e+06
8.842073369119999930e+06
8.972871324620001018e+06
9.104004434620000422e+06
9.227746181620001793e+06
9.359379848120000213e+06
9.491418706620000303e+06
9.623936079619999975e+06
9.748821989119999111e+06
9.882140248619999737e+06
1.001529234112000093e+07
1.014911539512000047e+07
1.027518841062000021e+07
1.040967719311999902e+07
1.054413540962000191e+07
1.067905718762000091e+07
1.081478599912000075e+07
1.094207684561999887e+07
1.107807180811999924e+07
1.121439795762000233e+07
1.135056053161999956e+07
1.147989606312000006e+07
1.161672074712000042e+07
1.175406753962000087e+07
1.189197133112000115e+07
