1.448737231800013687e+05
2.995185271800013725e+05
4.033314006800013012e+05
4.821369996800013469e+05
5.516754236800014041e+05
6.404720276800012216e+05
7.228025946800013771e+05
8.077162901800014079e+05
9.064199496800014749e+05
1.024118484680001391e+06
1.124190145680001006e+06
1.221786753180001397e+06
1.327647773680001264e+06
1.435957011180001311e+06
1.537039415180001641e+06
1.643105886180001311e+06
1.750872918680001516e+06
1.860410296680001309e+06
1.962853685680001508e+06
2.070964460680001182e+06
2.180556829680001363e+06
2.291347078180001117e+06
2.401687759180001915e+06
2.505711166180001572e+06
2.617460906680001412e+06
2.729132811180001125e+06
2.841523103180001955e+06
2.947290861180001404e+06
3.060271551680001430e+06
3.173778339680001140e+06
3.287215346680001356e+06
3.395266851180001162e+06
3.509938560180001892e+06
3.624882011680001859e+06
3.740581575180001557e+06
3.856264681680001784e+06
3.965864247180001345e+06
4.082296315180000849e+06
4.199543020180000924e+06
4.316681463180001825e+06
4.427700455680001527e+06
4.546108487180001102e+06
4.664876292680000886e+06
4.783434169180002064e+06
4.895574238180001266e+06
5.015083056180002168e+06
5.135589593680001795e+06
5.255950155180001631e+06
5.376478216680000536e+06
5.490616351680001244e+06
5.612259827180001885e+06
5.734304690680002794e+06
5.856227587680002674e+06
5.971650668180000968e+06
6.094815805180002004e+06
6.218147681680001318e+06
6.342555030680001713e+06
6.459203278680000454e+06
6.583354643180001527e+06
6.708187546679999679e+06
6.833106339680001140e+06
6.951474509180000052e+06
7.077351901180000976e+06
7.203344373180001974e+06
7.329941110180001706e+06
7.456285924180001020e+06
7.576557474180000834e+06
7.704450805180002004e+06
7.832142889680001885e+06
7.960362607180001214e+06
8.081210179680002853e+06
8.210455303680000827e+06
8.339713425680000335e+06
8.469288983680002391e+06
8.591473204180000350e+06
8.721347785680003464e+06
8.852389038180001080e+06
8.983328105680001900e+06
9.114565395180001855e+06
9.238022672180000693e+06
9.369908104180002585e+06
9.502725006179999560e+06
9.634812133680000901e+06
9.759885157680002972e+06
9.893171593180000782e+06
1.002666543618000299e+07
1.016092550018000230e+07
1.028673997268000245e+07
1.042127892968000099e+07
1.055593856718000025e+07
1.069108126068000123e+07
1.082661840218000114e+07
1.095452452717999928e+07
1.109032836418000236e+07
1.122672337968000211e+07
1.136319601768000238e+07
1.149281713367999904e+07
1.162968496518000029e+07
1.176700821268000081e+07
1.190503451968000084e+07
