1.443578401999960188e+05
2.989559051999960211e+05
4.023336381999960286e+05
4.808954756999959936e+05
5.506255561999959173e+05
6.393588691999959992e+05
7.213656401999959489e+05
8.060357526999961119e+05
9.047791521999960532e+05
1.022410815199996112e+06
1.122325109699995955e+06
1.219877289699996123e+06
1.325675139699995983e+06
1.433745417699996149e+06
1.534701443199995905e+06
1.640646789699995890e+06
1.748297138199995970e+06
1.857547404199996032e+06
1.960011706699996023e+06
2.068023813699996099e+06
2.177256684199995827e+06
2.288005040199995972e+06
2.398248082199996337e+06
2.502098190699995495e+06
2.613597872699995991e+06
2.725219036199996248e+06
2.837382694699996151e+06
2.943056136199995875e+06
3.055860222199996002e+06
3.169324871199995745e+06
3.282633711699996144e+06
3.390472983199995942e+06
3.504947511699995957e+06
3.619764257199995685e+06
3.735323730699996464e+06
3.850767457699996419e+06
3.960145935699995607e+06
4.076570292699995916e+06
4.193583951699996367e+06
4.311062578699996695e+06
4.421634015699995682e+06
4.539734238199995831e+06
4.658091217699995264e+06
4.776868117699995637e+06
4.889142353699995205e+06
5.008511358699996024e+06
5.128817319199996069e+06
5.248928255199996755e+06
5.369834077199996449e+06
5.483654607199995779e+06
5.605206821199996397e+06
5.727049586199996062e+06
5.848956013199996203e+06
5.964182453699995764e+06
6.087193608199995011e+06
6.210174467199996114e+06
6.334292863699996844e+06
6.450611133199995384e+06
6.574861267699996009e+06
6.699632453199995682e+06
6.824361507699996233e+06
6.942527710199995898e+06
7.068255763699995354e+06
7.194118239199995995e+06
7.320689166699996218e+06
7.447104941699996591e+06
7.566987954199996777e+06
7.694296678199995309e+06
7.822228467699997127e+06
7.950390970699995756e+06
8.071105448699995875e+06
8.199973440699996427e+06
8.328904298699995503e+06
8.458446400699995458e+06
8.580631387699995190e+06
8.710540910199996084e+06
8.841385914199996740e+06
8.971839597199995071e+06
9.103241136199995875e+06
9.226669457699995488e+06
9.358378243699997663e+06
9.490460820699997246e+06
9.622466950699996203e+06
9.747784847199995071e+06
9.881049588699996471e+06
1.001431984219999611e+07
1.014841116819999740e+07
1.027400439419999719e+07
1.040854297669999674e+07
1.054305259069999680e+07
1.067803677469999716e+07
1.081377328369999677e+07
1.094092786019999534e+07
1.107684293169999495e+07
1.121313569719999656e+07
1.134957036919999495e+07
1.147855661769999564e+07
1.161537386969999596e+07
1.175292648369999602e+07
1.189075586319999583e+07
