1.444572784599999140e+05
2.990813464599999133e+05
4.026671559599999455e+05
4.810526459599999944e+05
5.511285674599999329e+05
6.393936429599998519e+05
7.217524149599998491e+05
8.063782574599999934e+05
9.048715049599998165e+05
1.022602701959999860e+06
1.122650928460000083e+06
1.220188908959999681e+06
1.325804421959999949e+06
1.434058406459999736e+06
1.535005446959999856e+06
1.641128229460000060e+06
1.748502996459999587e+06
1.858090270459999563e+06
1.960504295460000169e+06
2.068557151459999848e+06
2.177611772959999740e+06
2.288736851460000034e+06
2.398794008960000239e+06
2.502701411959999707e+06
2.614176278459999710e+06
2.725723693959999830e+06
2.838176848960000090e+06
2.943632926959999837e+06
3.056653492459999397e+06
3.169793938459999859e+06
3.283984889960000291e+06
3.391224796959999949e+06
3.505616256959999911e+06
3.620765903459999710e+06
3.736052087460000068e+06
3.851818638460000046e+06
3.961043462460000068e+06
4.077329547960000113e+06
4.194527505960000679e+06
4.311512772959999740e+06
4.422586316460000351e+06
4.540700761960000731e+06
4.658790969459999353e+06
4.777810662459999323e+06
4.890231193959999830e+06
5.009787278960000724e+06
5.129437133959999308e+06
5.249999690959999338e+06
5.370645483459999785e+06
5.484590223460000008e+06
5.606098234459999949e+06
5.727737797459999099e+06
5.849650329460000619e+06
5.965087818959999830e+06
6.088117118459999561e+06
6.211393497460000217e+06
6.334480190460000187e+06
6.451620303460000083e+06
6.576011491459999233e+06
6.700689628460000269e+06
6.825533994959999807e+06
6.943428936960000545e+06
7.069341851460000500e+06
7.195351189460000955e+06
7.321792573960000649e+06
7.448266807460000739e+06
7.568159302960000001e+06
7.695470694959999993e+06
7.823046399960000068e+06
7.951467392460000701e+06
8.072336735959999263e+06
8.201179063960000873e+06
8.329874924960000440e+06
8.459802674959998578e+06
8.582062588459998369e+06
8.712021196960002184e+06
8.842549314959999174e+06
8.973130997459998354e+06
9.104630797460000962e+06
9.228103378959998488e+06
9.360060565460000187e+06
9.492448457460001111e+06
9.624104991459999233e+06
9.749279722960000858e+06
9.882526489459998906e+06
1.001579264395999908e+07
1.014951949396000057e+07
1.027540881945999898e+07
1.041001804595999978e+07
1.054467848995999992e+07
1.067939345995999873e+07
1.081469372845999897e+07
1.094235209146000072e+07
1.107808138145999983e+07
1.121491883396000043e+07
1.135098145495999977e+07
1.148016359046000056e+07
1.161682085745999962e+07
1.175467711595999822e+07
1.189222261745999940e+07
