1.446380725799993961e+05
2.991750405799994478e+05
4.030408465799994301e+05
4.814078145799994236e+05
5.514661140799995046e+05
6.400033500799995381e+05
7.222518515799994348e+05
8.072170725799994543e+05
9.057695335799993481e+05
1.023520596579999430e+06
1.123812029079999309e+06
1.221372887079999316e+06
1.327020080079999520e+06
1.435541923579999711e+06
1.536559640579999425e+06
1.642555094579999335e+06
1.750018745579999639e+06
1.859674028579999227e+06
1.962107079579999438e+06
2.070367325079999398e+06
2.179480873079999350e+06
2.290757902079999447e+06
2.400992494579999708e+06
2.505057478579998948e+06
2.616753432579999324e+06
2.728291255579999182e+06
2.840766006579999812e+06
2.946318132579999510e+06
3.059215680079999380e+06
3.172711885579999071e+06
3.286917285579999909e+06
3.394143473079999909e+06
3.508725686579999514e+06
3.624020392079999670e+06
3.739503401579999365e+06
3.855389066579999402e+06
3.964745064079998992e+06
4.081101951080000028e+06
4.198422392579998821e+06
4.315543812579999678e+06
4.426690897079998627e+06
4.544774912579998374e+06
4.662873442079998553e+06
4.782026660079999827e+06
4.894497075580000877e+06
5.014014579579999670e+06
5.133777673080001026e+06
5.254462846579998732e+06
5.375234899079998955e+06
5.489559983079999685e+06
5.611044464079999365e+06
5.732727754079999402e+06
5.854735213080000132e+06
5.970230798579999246e+06
6.093422293079999276e+06
6.217020201579999179e+06
6.339986209079999477e+06
6.457275808079998940e+06
6.581740451579999179e+06
6.706537674579998478e+06
6.831425821079999208e+06
6.949426231079999357e+06
7.075472906580000184e+06
7.201558079079998657e+06
7.328328750079998747e+06
7.454831023079998791e+06
7.574713373079998419e+06
7.702328963079998270e+06
7.830096792080000043e+06
7.958772615579998121e+06
8.079531486079998314e+06
8.208474989079998806e+06
8.337180889579998329e+06
8.467143132580000907e+06
8.589492628079999238e+06
8.719467197080001235e+06
8.850038614579997957e+06
8.980749609080001712e+06
9.112161349080000073e+06
9.235978081579998136e+06
9.367805232080001384e+06
9.499922833079997450e+06
9.632916535579998046e+06
9.757602777580000460e+06
9.891141220080001280e+06
1.002448301007999852e+07
1.015822775008000061e+07
1.028388591457999870e+07
1.041859236357999966e+07
1.055363426558000036e+07
1.068844462907999754e+07
1.082411146457999945e+07
1.095129054307999834e+07
1.108747478057999909e+07
1.122383371858000010e+07
1.136066183057999983e+07
1.148959522258000076e+07
1.162661469257999957e+07
1.176372811307999864e+07
1.190240269108000025e+07
