1.445755685600026045e+05
2.989854855600026203e+05
4.027568050600026618e+05
4.811557250600026455e+05
5.511549130600026110e+05
6.394261635600025766e+05
7.217714545600025449e+05
8.062795180600025924e+05
9.048664600600026315e+05
1.022464682560002664e+06
1.122463610060002655e+06
1.220070688560002483e+06
1.325636846060002688e+06
1.433787557560002664e+06
1.534756880060002441e+06
1.640779419560002629e+06
1.748098999560002703e+06
1.857588779060002882e+06
1.960025374060002621e+06
2.068155326060002670e+06
2.177041663560003042e+06
2.288062131560002454e+06
2.398076574560002424e+06
2.502110281060002744e+06
2.613702032060002908e+06
2.725341435060002841e+06
2.837046435560002923e+06
2.942730192060002591e+06
3.055734365560002625e+06
3.169386671060002409e+06
3.282662803060002625e+06
3.390249666560003068e+06
3.504691607060003094e+06
3.619568650060002692e+06
3.734879744560002349e+06
3.850483716560002416e+06
3.959936483060002327e+06
4.076368760560002644e+06
4.193131252560002729e+06
4.310680110060002655e+06
4.421260766060002148e+06
4.539457562060004100e+06
4.657796215060003102e+06
4.776360270560001954e+06
4.888729492560002953e+06
5.008163144560002722e+06
5.128464671560002491e+06
5.248070981560003012e+06
5.368861643060002476e+06
5.482847323060002178e+06
5.604143003560002893e+06
5.725840228560003452e+06
5.848343430060002953e+06
5.963327498060002923e+06
6.086268627560000867e+06
6.209102437060002238e+06
6.333264566560002044e+06
6.449599676060002297e+06
6.573926183060001582e+06
6.698588375060002320e+06
6.823301954060001299e+06
6.941371926060002297e+06
7.067009346060002223e+06
7.192998738060003147e+06
7.319517858060002327e+06
7.446236079060003161e+06
7.565894290560002439e+06
7.693295851060003042e+06
7.820559962560002692e+06
7.949073865060002543e+06
8.069892556060003117e+06
8.198658522060003132e+06
8.327275501560001634e+06
8.457046864560000598e+06
8.579376813060002401e+06
8.709269844060001895e+06
8.839475013560002670e+06
8.970161233560003340e+06
9.101639210560001433e+06
9.225052142060002312e+06
9.356675156560000032e+06
9.489122046560002491e+06
9.620782844560001045e+06
9.746108646060001105e+06
9.879547863060005009e+06
1.001260534556000307e+07
1.014613547056000307e+07
1.027232802356000245e+07
1.040666236356000230e+07
1.054112425006000325e+07
1.067594940206000209e+07
1.081111906556000374e+07
1.093900743956000172e+07
1.107440838556000218e+07
1.121113980606000312e+07
1.134715941556000337e+07
1.147610318456000462e+07
1.161301960406000167e+07
1.175055793456000090e+07
1.188798886806000397e+07
