1.443951505200011889e+05
2.989229420200011227e+05
4.025540685200011940e+05
4.809592500200012000e+05
5.508943365200010594e+05
6.391364825200011255e+05
7.213882225200009998e+05
8.061558655200011563e+05
9.046386550200011116e+05
1.022268249520001234e+06
1.122291800020001130e+06
1.220051697520001093e+06
1.325371016020001145e+06
1.433948714020001236e+06
1.534518215520001017e+06
1.640535046520001255e+06
1.748205646520001115e+06
1.857393134020001162e+06
1.959736083520001266e+06
2.067905773020000895e+06
2.177442322020001244e+06
2.287810380020000972e+06
2.398077004520000890e+06
2.501849173520001117e+06
2.613310487020001281e+06
2.724862729520000517e+06
2.837342111520001199e+06
2.942699921020001173e+06
3.055630368520000950e+06
3.169242643020001240e+06
3.282454051520001143e+06
3.390011217020001262e+06
3.504548600520000793e+06
3.619316249520001002e+06
3.734722799020001665e+06
3.850332167520001065e+06
3.959713198020000942e+06
4.076296690520001110e+06
4.192954346020000987e+06
4.310538538020001724e+06
4.421055199020002037e+06
4.539351704520001076e+06
4.657387011520002037e+06
4.776356423020000570e+06
4.888559378020000644e+06
5.007975606020001695e+06
5.127727768520001322e+06
5.248370474020001478e+06
5.368750289520001039e+06
5.482602574520001188e+06
5.604202113520001061e+06
5.725892750020001084e+06
5.847838858020001091e+06
5.963232258020001464e+06
6.086217704520000145e+06
6.209134186520000920e+06
6.333153052520001307e+06
6.449594401520000771e+06
6.573824229020001367e+06
6.698576739020001143e+06
6.823384567020000890e+06
6.941260422020001337e+06
7.066884643520002253e+06
7.193173379520000890e+06
7.319606443520002067e+06
7.446462170520002022e+06
7.565910473020002246e+06
7.693238907020000741e+06
7.820476973020000383e+06
7.948954485020001419e+06
8.069670396520000882e+06
8.198137715520000085e+06
8.328055033020000905e+06
8.456809016019999981e+06
8.579262007520001382e+06
8.709039403020001948e+06
8.839869377520002425e+06
8.970559773520000279e+06
9.101201870519999415e+06
9.225157425020001829e+06
9.356931181520000100e+06
9.488929619020000100e+06
9.621907420020001009e+06
9.746218780520003289e+06
9.879460916520001367e+06
1.001267236151999980e+07
1.014628656902000308e+07
1.027229190252000280e+07
1.040640496952000074e+07
1.054079828402000293e+07
1.067581046102000028e+07
1.081121376252000034e+07
1.093878637702000141e+07
1.107433216152000055e+07
1.121092332752000168e+07
1.134705428601999953e+07
1.147643281202000007e+07
1.161343963202000037e+07
1.175020878202000260e+07
1.188855684402000159e+07
