1.447435991400022176e+05
2.991703016400021734e+05
4.029638076400022255e+05
4.815328456400022260e+05
5.511557791400020942e+05
6.399185681400022004e+05
7.221049716400022153e+05
8.069022881400021724e+05
9.055072206400022842e+05
1.023039884640002274e+06
1.123365242640002165e+06
1.220779252640002407e+06
1.326487982140002307e+06
1.434888129640002269e+06
1.535741202140002046e+06
1.641926927140002139e+06
1.749469489140002523e+06
1.859021294140002225e+06
1.961345814140002243e+06
2.069498806140002329e+06
2.178820367640002631e+06
2.289550648140002042e+06
2.399890658140001819e+06
2.503870679640002083e+06
2.615470182640002109e+06
2.726945536640002392e+06
2.839343797140002251e+06
2.945089709640002809e+06
3.057975457140001934e+06
3.171589608640002087e+06
3.285002038640002254e+06
3.392743507140002213e+06
3.507318857640001923e+06
3.622207803140002303e+06
3.737807313640002161e+06
3.853536592140002176e+06
3.962891555140002165e+06
4.079319903640002478e+06
4.196321280140002258e+06
4.314109713640002534e+06
4.424567904140002094e+06
4.542933068640002981e+06
4.661237213140002452e+06
4.779923348140003160e+06
4.892482190640001558e+06
5.011799028640002012e+06
5.132027627140002325e+06
5.252137089640002698e+06
5.372999069640002213e+06
5.487026824640002102e+06
5.608507276640001684e+06
5.730253816640002653e+06
5.852263466140001081e+06
5.967700365140002221e+06
6.090926565640001558e+06
6.214316846140002832e+06
6.337324381140002050e+06
6.454370688140003011e+06
6.578971006640002131e+06
6.703674719140002504e+06
6.828799023140002042e+06
6.946745250140001997e+06
7.072515457640002482e+06
7.198687678140002303e+06
7.325248754640002735e+06
7.451794541140003130e+06
7.571669726140003651e+06
7.699109170140001923e+06
7.826521371640002355e+06
7.955254965140001848e+06
8.075927202140002511e+06
8.204882809640002437e+06
8.333856985640001483e+06
8.463155861640002578e+06
8.585856660640003160e+06
8.715807456640001386e+06
8.846750651640001684e+06
8.977187582140002400e+06
9.108611273640003055e+06
9.232157030140003189e+06
9.364068239140003920e+06
9.495968696640001610e+06
9.628905032140001655e+06
9.753236311140002683e+06
9.886801357640001923e+06
1.002029630714000016e+07
1.015382675914000347e+07
1.027997654414000176e+07
1.041426915764000267e+07
1.054908480864000320e+07
1.068420755964000151e+07
1.081993632614000142e+07
1.094718998964000121e+07
1.108308924464000203e+07
1.121956038214000314e+07
1.135597113664000109e+07
1.148500390164000168e+07
1.162193031264000386e+07
1.175936061864000186e+07
1.189758764664000273e+07
