1.444779729799978086e+05
2.989599289799978142e+05
4.025905599799978081e+05
4.812974094799978775e+05
5.509373519799977075e+05
6.397717744799978100e+05
7.218637129799977411e+05
8.067382009799977532e+05
9.053372609799978090e+05
1.023052825979997870e+06
1.123055107979997993e+06
1.220540605479997583e+06
1.326315874979997752e+06
1.434740515979998047e+06
1.535640119479997782e+06
1.641677990979997907e+06
1.749290861479997635e+06
1.858755372979997657e+06
1.961218131979997735e+06
2.069342877479997929e+06
2.178652655979997944e+06
2.289220663979997393e+06
2.399694759479997680e+06
2.503658042479997501e+06
2.615295185479997657e+06
2.726868971979997586e+06
2.839143615979997907e+06
2.944944515479997732e+06
3.057723646979997866e+06
3.171275444979997352e+06
3.284635438979998231e+06
3.392445674479997717e+06
3.507010195979998447e+06
3.621894171479997691e+06
3.737405093979998492e+06
3.852925025479997974e+06
3.962437674479997717e+06
4.078986281479998026e+06
4.196091675979997963e+06
4.313698846979997121e+06
4.424239104479997419e+06
4.542375578479997814e+06
4.660910026479998603e+06
4.779704974979997613e+06
4.891977311479997821e+06
5.011314047479997389e+06
5.131506888479997404e+06
5.251750107479997911e+06
5.372511730479996651e+06
5.486596927979998291e+06
5.607946921979997307e+06
5.729748962979998440e+06
5.852150107979997993e+06
5.967277898979998194e+06
6.090376877979997545e+06
6.213466849979998544e+06
6.336942507479997352e+06
6.453957933479998261e+06
6.578445611479997635e+06
6.703139125479998067e+06
6.828093613479997963e+06
6.946082640479996800e+06
7.071777785979997367e+06
7.197993669479997829e+06
7.324674738979998976e+06
7.451520734979998320e+06
7.571178147479997948e+06
7.698522952979997732e+06
7.826570184979997575e+06
7.954766376979997382e+06
8.075428618479996920e+06
8.204186894979997538e+06
8.333187681479997933e+06
8.462659347479997203e+06
8.585214925979997963e+06
8.715008975979996845e+06
8.845745966979997233e+06
8.976551969479996711e+06
9.107547021479997784e+06
9.231703387479998171e+06
9.363280523979995400e+06
9.495362117979997769e+06
9.628156527479998767e+06
9.752703569979995489e+06
9.886285707979995757e+06
1.001954494147999771e+07
1.015296321747999825e+07
1.027901575197999924e+07
1.041361237847999856e+07
1.054841609597999789e+07
1.068322229547999799e+07
1.081837791647999734e+07
1.094601300547999889e+07
1.108229471047999710e+07
1.121876475897999853e+07
1.135511803847999871e+07
1.148387029747999832e+07
1.162059527247999795e+07
1.175843359798000008e+07
1.189657118497999758e+07
