1.450323129599968670e+05
2.995716819599969313e+05
4.028214689599969424e+05
4.814214194599969196e+05
5.506431884599969489e+05
6.387115214599969331e+05
7.216349549599968595e+05
8.056082669599968940e+05
9.042591529599968344e+05
1.021920421459996840e+06
1.121506533459996805e+06
1.219417207959997002e+06
1.324939405459996779e+06
1.433493051459996961e+06
1.533831826959996950e+06
1.640006243959996849e+06
1.747216448459996842e+06
1.856684640959996730e+06
1.959189703459996730e+06
2.067019586459996644e+06
2.175871226459996775e+06
2.286870578459997196e+06
2.397319139459996950e+06
2.501088805959996767e+06
2.612489008459996898e+06
2.724069629959996790e+06
2.835797421959996689e+06
2.941792447459996678e+06
3.054656186959996819e+06
3.167756719459997024e+06
3.281827257459997199e+06
3.388858814459996298e+06
3.503386151459996589e+06
3.618191847959997132e+06
3.733620090959996916e+06
3.849397650959996507e+06
3.958557583959997166e+06
4.074939786459997296e+06
4.191730131959996652e+06
4.308819099459997378e+06
4.419835989959997125e+06
4.537847519959997386e+06
4.656355319959996268e+06
4.774829273959996179e+06
4.887037129959996790e+06
5.006409185959996656e+06
5.126930567459996790e+06
5.246623321459996514e+06
5.367431917959996499e+06
5.481288482959996909e+06
5.602527653459996916e+06
5.724546748459996656e+06
5.847104817459996790e+06
5.961914349459996447e+06
6.084855280459998176e+06
6.208018392959997058e+06
6.331124937459996901e+06
6.447956817959996872e+06
6.572354373459996656e+06
6.696929301459996961e+06
6.821582350959995762e+06
6.939716346959996969e+06
7.065659682959997095e+06
7.191263897959996946e+06
7.317710786959996447e+06
7.443960025459997356e+06
7.564000906459996477e+06
7.691544998959995806e+06
7.819381129959996790e+06
7.946917974959997460e+06
8.067504343959996477e+06
8.196667681959996931e+06
8.325427183959998190e+06
8.455172795959997922e+06
8.577146591459996998e+06
8.707046335959997028e+06
8.837470526459999382e+06
8.968198711959995329e+06
9.099655780459996313e+06
9.223022992959996685e+06
9.354507937959998846e+06
9.486913788459997624e+06
9.618820959459997714e+06
9.743943448959996924e+06
9.876784548459997401e+06
1.001028613095999882e+07
1.014403002795999497e+07
1.026994809145999700e+07
1.040450279145999812e+07
1.053898914395999536e+07
1.067385306945999712e+07
1.080959928395999596e+07
1.093681589945999533e+07
1.107257284645999596e+07
1.120813141145999730e+07
1.134459281095999666e+07
1.147363479395999759e+07
1.161054974195999652e+07
1.174852699845999666e+07
1.188578226195999607e+07
