1.442138358000036096e+05
2.988887103000036441e+05
4.027272503000036813e+05
4.811159773000036366e+05
5.524788103000037372e+05
6.394019083000036189e+05
7.214768098000036553e+05
8.060316138000036590e+05
9.063663658000036376e+05
1.023440452300003613e+06
1.122254623300003354e+06
1.220016013800003566e+06
1.326264209300003946e+06
1.434176855300003663e+06
1.534979057300003711e+06
1.641153662800003309e+06
1.748995511300003622e+06
1.858251465800003614e+06
1.960467521800003480e+06
2.068676536300003761e+06
2.178104466300004162e+06
2.288921614300003275e+06
2.399052294800003991e+06
2.502896241800003685e+06
2.614601740800003521e+06
2.726315128300003707e+06
2.838162904800003394e+06
2.943944299300003797e+06
3.056941036800004076e+06
3.170529594800003339e+06
3.284217135800004005e+06
3.391802315800003242e+06
3.506252721300003119e+06
3.621035503300003707e+06
3.736713243800003082e+06
3.852284002800003160e+06
3.961825556800003164e+06
4.078100468800003640e+06
4.195057780800003558e+06
4.312701030300003476e+06
4.423121071300003678e+06
4.541444260300002992e+06
4.659834755300004035e+06
4.778426383300004527e+06
4.890874131300003268e+06
5.010356956800004467e+06
5.130486800300003961e+06
5.250538892300004140e+06
5.371364507300004363e+06
5.485600059300003573e+06
5.607070964300003834e+06
5.728809547300003469e+06
5.851197367800002918e+06
5.966185045800004154e+06
6.089413911300003529e+06
6.212512591800002381e+06
6.336186757300003432e+06
6.452607860300002620e+06
6.577119068300004117e+06
6.701850362300003879e+06
6.826962836300004274e+06
6.945073039300004020e+06
7.070681814300003462e+06
7.196454138800003566e+06
7.323162934800004587e+06
7.450174015800002962e+06
7.569669110300002620e+06
7.696701331300003454e+06
7.824568437800003216e+06
7.952811065800003707e+06
8.073759726300003007e+06
8.202558835300004110e+06
8.331604246300003491e+06
8.461079902800003067e+06
8.583478077300000936e+06
8.713467361800003797e+06
8.844106056800004095e+06
8.974626682300003245e+06
9.106034892800005153e+06
9.229591065800003707e+06
9.361433131300004199e+06
9.493619638300003484e+06
9.625609918300002813e+06
9.750785809800002724e+06
9.884071874300003052e+06
1.001736071330000088e+07
1.015143590530000441e+07
1.027707871780000255e+07
1.041148369830000401e+07
1.054629262030000240e+07
1.068137338130000234e+07
1.081655820730000362e+07
1.094429994280000404e+07
1.108012060330000520e+07
1.121666854780000448e+07
1.135293525030000322e+07
1.148200296930000558e+07
1.161866982680000365e+07
1.175622476880000532e+07
1.189431149780000374e+07
