1.443177386399994430e+05
2.987041051399994176e+05
4.022690156399994157e+05
4.806524281399994507e+05
5.503804881399994483e+05
6.391183381399994250e+05
7.211482441399993841e+05
8.057841356399994111e+05
9.043922306399994995e+05
1.022039465139999404e+06
1.121888711639999412e+06
1.219337049139999319e+06
1.325091556139999535e+06
1.433273417139999568e+06
1.534144887639999390e+06
1.640127006139999256e+06
1.747768650139999576e+06
1.857001482639999595e+06
1.959449237639999483e+06
2.067358550139999483e+06
2.176591342639999464e+06
2.287266292639999650e+06
2.397538758139999583e+06
2.501418086139999330e+06
2.612864199639999308e+06
2.724412175639999099e+06
2.836577945139999501e+06
2.942321858139999676e+06
3.054977913139999378e+06
3.168346390139999799e+06
3.281683361639998853e+06
3.389468775639999658e+06
3.504080653139999136e+06
3.618803880639999174e+06
3.734218043639998883e+06
3.849632535139999352e+06
3.959154566639999393e+06
4.075443960140000097e+06
4.192299830639999360e+06
4.309844592140000314e+06
4.420288313639998436e+06
4.538554212139999494e+06
4.656969123639998958e+06
4.775582523639999330e+06
4.887920682639999315e+06
5.007160196139998734e+06
5.127393093639999628e+06
5.247557546639999375e+06
5.368268137139999308e+06
5.482122551139999181e+06
5.603393653140000999e+06
5.724965364140000194e+06
5.847586616139999591e+06
5.962361644639999606e+06
6.085365393139999360e+06
6.208382305639998987e+06
6.331663546140000224e+06
6.448787721139999107e+06
6.573024719640001655e+06
6.697610031640000641e+06
6.822525952139998786e+06
6.940407845139998943e+06
7.066247809639999643e+06
7.192088351639999077e+06
7.318545583139998838e+06
7.445404034140000120e+06
7.564870507640000433e+06
7.692382919139999896e+06
7.820056282639998943e+06
7.947958635639999062e+06
8.068838720639999956e+06
8.197369142639998347e+06
8.326796103639999405e+06
8.455930969140000641e+06
8.578179326140001416e+06
8.708155118140000850e+06
8.838670925139997154e+06
8.969537963139999658e+06
9.100269363140000030e+06
9.223971130139999092e+06
9.355711017139999196e+06
9.487882796639999375e+06
9.620534291139997542e+06
9.744936002140000463e+06
9.877970202139999717e+06
1.001111686313999817e+07
1.014495639914000034e+07
1.027092616614000127e+07
1.040539480063999817e+07
1.053994047013999894e+07
1.067482493063999899e+07
1.081061864113999903e+07
1.093775386213999800e+07
1.107334087413999811e+07
1.120984514863999933e+07
1.134597302463999949e+07
1.147509284913999960e+07
1.161189667613999918e+07
1.174900085713999905e+07
1.188681515563999861e+07
