1.442931947200011346e+05
2.986718842200011713e+05
4.023967442200011574e+05
4.806697072200011462e+05
5.507248087200010195e+05
6.390655767200011760e+05
7.213133462200011127e+05
8.059613477200011257e+05
9.047148432200010866e+05
1.022284665720000979e+06
1.122155346720001195e+06
1.219706106220000889e+06
1.325264451720001176e+06
1.433914165720001329e+06
1.534425738720001187e+06
1.640440319720001193e+06
1.748089285220000893e+06
1.857139560220001033e+06
1.959711153220001142e+06
2.067833186220000964e+06
2.177149935720001347e+06
2.288094591220001224e+06
2.398165030220001005e+06
2.501989869220001157e+06
2.613642754720000550e+06
2.725059296220000833e+06
2.837470346220001113e+06
2.942867507220000960e+06
3.055807306220000610e+06
3.168986990720001049e+06
3.283212401720000431e+06
3.390262326720001176e+06
3.504755571720000822e+06
3.619534338220001198e+06
3.734993452720001340e+06
3.850610183220000938e+06
3.960021195720001124e+06
4.076354916720001027e+06
4.193384506220000796e+06
4.310517464220001362e+06
4.421522299220001325e+06
4.539614708720000461e+06
4.657756193720000796e+06
4.776784030220001936e+06
4.889153866720000282e+06
5.008549619720000774e+06
5.128402771220001392e+06
5.248789981220001355e+06
5.369481088720001280e+06
5.483758244720000774e+06
5.605202367720000446e+06
5.726853582720000297e+06
5.848720798720002174e+06
5.963900465220000595e+06
6.087034133220001124e+06
6.210497282220000401e+06
6.333421603220001794e+06
6.450527169220000505e+06
6.574743781720001251e+06
6.699576555220001377e+06
6.824531666720001027e+06
6.942256789220001549e+06
7.068162443220000714e+06
7.194044243720000610e+06
7.320723566220001318e+06
7.447676223720001057e+06
7.566809192220001481e+06
7.694193219720001332e+06
7.822003338220002130e+06
7.950206826220000163e+06
8.071148418720001355e+06
8.199718888220001012e+06
8.329332970220001414e+06
8.458246375720001757e+06
8.580692797220002860e+06
8.710786568720001727e+06
8.840951762219998986e+06
8.971711807719999924e+06
9.103097455720001832e+06
9.226766110220000148e+06
9.358633811220001429e+06
9.490438517220001668e+06
9.623243362720001489e+06
9.747873858219999820e+06
9.881101163220001385e+06
1.001432567722000182e+07
1.014832844322000071e+07
1.027414723172000051e+07
1.040860742672000080e+07
1.054333003372000158e+07
1.067796492022000253e+07
1.081325017122000083e+07
1.094095748722000234e+07
1.107653867272000015e+07
1.121293201822000183e+07
1.134970404022000358e+07
1.147841019172000140e+07
1.161550832022000104e+07
1.175253538472000137e+07
1.189098760821999982e+07
