1.443927538399986806e+05
2.988872908399986918e+05
4.028195883399987943e+05
4.812916918399986462e+05
5.512669453399986960e+05
6.396283813399986830e+05
7.219094153399986681e+05
8.067261443399987184e+05
9.054068933399987873e+05
1.022980356339998776e+06
1.123123423839998664e+06
1.220989853839998599e+06
1.326345097339998698e+06
1.435099595339998836e+06
1.535674163839998655e+06
1.641834969339998672e+06
1.749216603339998517e+06
1.858767290339998901e+06
1.961209423839998432e+06
2.069283163839998888e+06
2.178396093839998357e+06
2.289503171339998953e+06
2.399686755839998834e+06
2.503597419839998707e+06
2.615239109839998651e+06
2.726918204339998774e+06
2.838948492839998566e+06
2.944855056839998811e+06
3.057637934839999303e+06
3.171153527839998715e+06
3.285314412839998491e+06
3.392602356339998543e+06
3.507143732839998789e+06
3.621984768839999102e+06
3.737608150839998387e+06
3.853305126339998096e+06
3.962484901839998551e+06
4.078996045339998789e+06
4.196108803339999169e+06
4.313313210339998826e+06
4.424228186839998700e+06
4.542256116339998320e+06
4.661100543339999393e+06
4.779778380839998834e+06
4.892163335339998826e+06
5.011382575839998201e+06
5.131948076839998364e+06
5.251738224339998327e+06
5.372734782339998521e+06
5.486767800339998677e+06
5.607924006839998066e+06
5.730042902839997783e+06
5.852362357839997858e+06
5.967411395839998499e+06
6.090481821339998394e+06
6.213972251839999110e+06
6.337243276839998551e+06
6.454150134839998558e+06
6.578148938839998096e+06
6.703264566339998506e+06
6.828416473339999095e+06
6.946220156839999370e+06
7.072116983839998022e+06
7.198219318839997984e+06
7.324823001339998096e+06
7.451719307339997962e+06
7.571204243339998648e+06
7.698833275839997455e+06
7.826120053339999169e+06
7.954740285839998163e+06
8.075605476339998655e+06
8.204329397839998826e+06
8.333719658339999616e+06
8.462741370339998975e+06
8.585356114840000868e+06
8.715198084839999676e+06
8.846192178339999169e+06
8.976917561839997768e+06
9.107772552339999005e+06
9.231832502840001136e+06
9.363438724339999259e+06
9.495540523839998990e+06
9.628590454839998856e+06
9.753049650339998305e+06
9.886533828339997679e+06
1.001946375783999637e+07
1.015332053383999877e+07
1.027946288183999807e+07
1.041388708833999932e+07
1.054846623533999920e+07
1.068344447633999772e+07
1.081889949833999760e+07
1.094687185084000044e+07
1.108257129583999887e+07
1.121933911533999816e+07
1.135562304184000008e+07
1.148434478083999828e+07
1.162153305183999799e+07
1.175852525933999941e+07
1.189694105033999868e+07
