1.437966975799961947e+05
2.982447975799961714e+05
4.022106270799961640e+05
4.808331730799961369e+05
5.513244305799962021e+05
6.386791635799962096e+05
7.208729710799960885e+05
8.055233885799960699e+05
9.049686710799962748e+05
1.022139127079996048e+06
1.121677288079996128e+06
1.219291931079996284e+06
1.325054930079996120e+06
1.433296789579995908e+06
1.533910519079995807e+06
1.639904972579996102e+06
1.747682133579995949e+06
1.856798948079996044e+06
1.959183987579996232e+06
2.067254788579996210e+06
2.176479658079996705e+06
2.287239522079996765e+06
2.397545370579996146e+06
2.501446848079996184e+06
2.612902963079995941e+06
2.724275386079995893e+06
2.836550288579996675e+06
2.942347669579995796e+06
3.054910117579996120e+06
3.168437029079996049e+06
3.281960930079996586e+06
3.389471422579996288e+06
3.504099931079996284e+06
3.618894911579996347e+06
3.734291256079996005e+06
3.849842135579996277e+06
3.959215419079996645e+06
4.075541401579995640e+06
4.192533739579996560e+06
4.309638353579996154e+06
4.420260389079995453e+06
4.538386579079994932e+06
4.656953661079996265e+06
4.775536476079995744e+06
4.887800031079996377e+06
5.007176440579996444e+06
5.127468353579996154e+06
5.247472168079996482e+06
5.368358514579996467e+06
5.482409099579996429e+06
5.603706693579996005e+06
5.725344482079995796e+06
5.847776497079996392e+06
5.962827912079996429e+06
6.085882825079996139e+06
6.208772494579995982e+06
6.332403605579996482e+06
6.449090866079996340e+06
6.573348206579996273e+06
6.697920011579995975e+06
6.822685398079995997e+06
6.940920834579995833e+06
7.066360339579996653e+06
7.192063399079996161e+06
7.318608876079997048e+06
7.445207042079997249e+06
7.564971866579994559e+06
7.692388457079995424e+06
7.820177850079995580e+06
7.948074689579997212e+06
8.068786139079995453e+06
8.197653125579996035e+06
8.326907965579995885e+06
8.456079997079996392e+06
8.578386450579995289e+06
8.708268215079996735e+06
8.838898124079994857e+06
8.969638540079995990e+06
9.100448055579995736e+06
9.224035825079996139e+06
9.355781923079995438e+06
9.487807416579997167e+06
9.620234115579996258e+06
9.745026396079996601e+06
9.878178399079997092e+06
1.001117538457999751e+07
1.014514667107999697e+07
1.027119109707999602e+07
1.040543028407999687e+07
1.053991013557999581e+07
1.067488462307999656e+07
1.081035908407999761e+07
1.093793413907999545e+07
1.107370002757999673e+07
1.120982244357999600e+07
1.134584278257999569e+07
1.147508894207999669e+07
1.161202419357999787e+07
1.174952512507999688e+07
1.188730314607999660e+07
