1.443230082200004254e+05
2.986349047200004570e+05
4.024600732200003695e+05
4.808689437200003304e+05
5.507035237200005213e+05
6.392753652200005017e+05
7.214272807200003881e+05
8.058689677200003061e+05
9.046839942200003425e+05
1.022359165220000315e+06
1.122035727720000315e+06
1.219709368720000610e+06
1.325317451220000628e+06
1.433764434720000252e+06
1.534402639220000245e+06
1.640488553220000118e+06
1.748020655220000306e+06
1.857344129220000468e+06
1.959875653720000293e+06
2.067887045720000518e+06
2.177172877220000140e+06
2.287932138220000081e+06
2.398221187720000278e+06
2.502090933220000472e+06
2.613645915720000397e+06
2.725289328220000491e+06
2.837526022720000707e+06
2.943164095720000565e+06
3.056011737720000558e+06
3.169446158720000647e+06
3.283165241220000666e+06
3.390591847720000893e+06
3.505193542220000643e+06
3.619965213720000815e+06
3.735495174720000476e+06
3.850970682720000856e+06
3.960450985220000613e+06
4.076962981720000505e+06
4.193920689220000058e+06
4.311230755720000714e+06
4.421934277220000513e+06
4.540056851719999686e+06
4.658550785220000893e+06
4.777298718720000237e+06
4.889741811720000580e+06
5.009236384220000356e+06
5.129366626220000908e+06
5.249498891720000654e+06
5.370442907220001332e+06
5.484415355720000342e+06
5.606019153719998896e+06
5.727663958720000461e+06
5.849964474720001221e+06
5.965009048220001161e+06
6.087925138720001094e+06
6.210985248719999567e+06
6.334725446720000356e+06
6.451382533720000647e+06
6.575815995720000006e+06
6.700530948720000684e+06
6.825460429220000282e+06
6.943374720720000565e+06
7.069252867720000446e+06
7.194989266720000654e+06
7.321632825219999999e+06
7.448297248720001429e+06
7.567693067220000550e+06
7.695255795720000751e+06
7.823046617220001295e+06
7.951259477719999850e+06
8.072147542720001191e+06
8.201007531720000319e+06
8.330179482720000669e+06
8.459593647719999775e+06
8.581990690220002085e+06
8.711968439220000058e+06
8.842573391720000654e+06
8.973043498220000416e+06
9.103894718219999224e+06
9.227920297720000148e+06
9.359694652720000595e+06
9.491817962719999254e+06
9.624215222720000893e+06
9.749109292220000178e+06
9.882514688219999894e+06
1.001582489922000095e+07
1.014951348172000051e+07
1.027557029972000048e+07
1.040973114671999961e+07
1.054439928471999988e+07
1.067929824022000097e+07
1.081441461072000116e+07
1.094222345172000118e+07
1.107815415971999988e+07
1.121452469271999970e+07
1.135113075572000071e+07
1.148017580772000179e+07
1.161696501571999863e+07
1.175453418821999803e+07
1.189234507472000085e+07
