1.444688165199950454e+05
3.013002685199950356e+05
4.052370750199950999e+05
4.853568235199950286e+05
5.539979640199951828e+05
6.388979120199951576e+05
7.211075375199950067e+05
8.064192630199950654e+05
9.072276540199951269e+05
1.023552328019994893e+06
1.122370315019994974e+06
1.220396382519995328e+06
1.326313820019995328e+06
1.434564072519995039e+06
1.534742501519995043e+06
1.640970979019994847e+06
1.749008276519994717e+06
1.858030871019995073e+06
1.960331154019995127e+06
2.068400047519995132e+06
2.177776856019995175e+06
2.288423956519994885e+06
2.398643475019995123e+06
2.502475553019994870e+06
2.614010773019995075e+06
2.725466547019994818e+06
2.837348500519995112e+06
2.943338909519995097e+06
3.056152041019994766e+06
3.169383675519995391e+06
3.283403248519995250e+06
3.390612633519994561e+06
3.505147783019995317e+06
3.619924802519994788e+06
3.735398532519995235e+06
3.851079805519995280e+06
3.960345972019994631e+06
4.076789632019994780e+06
4.193580471019995399e+06
4.310581092019994743e+06
4.421575446019995958e+06
4.539784565019994974e+06
4.658129663019995205e+06
4.776748171519994736e+06
4.889057196019995958e+06
5.008520401519995183e+06
5.128667089019995183e+06
5.248714248519994318e+06
5.369579677519995719e+06
5.483666387019995600e+06
5.604986699019994587e+06
5.726603236019995064e+06
5.849172764519995078e+06
5.963936422519994900e+06
6.086951386519995518e+06
6.209910073019996285e+06
6.333212380019995384e+06
6.450232049019996077e+06
6.574465948019995354e+06
6.698891443019994535e+06
6.823907499019994400e+06
6.941686504019994289e+06
7.067711136019994505e+06
7.193360944519995712e+06
7.319673222019995563e+06
7.446227348019994795e+06
7.566248769019994885e+06
7.693702913019996136e+06
7.821375601019993424e+06
7.949282086019994691e+06
8.070011284519994631e+06
8.198832703519994393e+06
8.328371570019993931e+06
8.457685797019995749e+06
8.579658877019993961e+06
8.709516873019997030e+06
8.840046997519996017e+06
8.970962692019995302e+06
9.101918203519996256e+06
9.225227994019996375e+06
9.356951316519996151e+06
9.488867400019994006e+06
9.621345872019995004e+06
9.746464045519994572e+06
9.879382979519994929e+06
1.001260065151999518e+07
1.014665769401999563e+07
1.027255718251999468e+07
1.040669582101999596e+07
1.054099790601999499e+07
1.067604462451999635e+07
1.081179905751999468e+07
1.093929787101999670e+07
1.107508370151999407e+07
1.121143379401999526e+07
1.134763408251999505e+07
1.147647706251999736e+07
1.161328336301999539e+07
1.175046038851999491e+07
1.188798625501999632e+07
