1.444784322600000014e+05
2.989817182599999942e+05
4.026195577599999961e+05
4.811979447599999257e+05
5.508557627599999541e+05
6.395571602600000333e+05
7.217466867599999532e+05
8.062770632599999662e+05
9.048726942600001348e+05
1.022637291259999853e+06
1.122491760260000126e+06
1.220144870760000078e+06
1.325773518259999808e+06
1.434020565260000061e+06
1.534906942760000005e+06
1.640714549259999767e+06
1.748657791259999853e+06
1.857717664259999990e+06
1.960303338759999722e+06
2.068344183259999845e+06
2.177787262760000303e+06
2.288313749760000035e+06
2.398611918759999797e+06
2.502415937260000035e+06
2.613823018759999890e+06
2.725500684759999625e+06
2.837966861260000151e+06
2.943550316759999841e+06
3.056343255260000005e+06
3.170114956759999506e+06
3.283341603260000236e+06
3.391097188260000199e+06
3.505604554760000203e+06
3.620307458760000300e+06
3.735686175259999931e+06
3.851296963759999722e+06
3.960922124760000035e+06
4.077420190260000061e+06
4.194145348260000348e+06
4.311771327259999700e+06
4.422348180260000750e+06
4.540763577260000631e+06
4.658784585760000162e+06
4.777855037760000676e+06
4.890206557260000147e+06
5.009508150759998709e+06
5.130124690260000527e+06
5.250061955760000274e+06
5.370802523760000244e+06
5.484598564759999514e+06
5.605723221760001034e+06
5.727433401259999722e+06
5.850088980760000646e+06
5.965026551760000177e+06
6.088146526259999722e+06
6.211441953259999864e+06
6.334601729759999551e+06
6.451676641259999946e+06
6.575718869760000147e+06
6.700721205759999342e+06
6.825665471759999171e+06
6.943780480259999633e+06
7.069448772760000080e+06
7.195389364260000177e+06
7.321819708759999834e+06
7.448588518259999342e+06
7.568095097759999335e+06
7.695632275760000572e+06
7.822854173760000616e+06
7.951475433260001242e+06
8.072401420260000974e+06
8.200937433760000393e+06
8.331002017759999260e+06
8.459666928259998560e+06
8.582188014260001481e+06
8.712215005760001019e+06
8.842739567260000855e+06
8.973568260259998962e+06
9.104104463260002434e+06
9.227961779259998351e+06
9.359864681760001928e+06
9.491729850759999827e+06
9.624683440260000527e+06
9.749220376260001212e+06
9.882684494760001078e+06
1.001604328925999813e+07
1.014972805626000091e+07
1.027555730825999752e+07
1.040979890375999920e+07
1.054482929625999928e+07
1.067976994926000014e+07
1.081555949825999886e+07
1.094246786825999990e+07
1.107841785376000032e+07
1.121443316276000068e+07
1.135078068376000039e+07
1.148022772925999947e+07
1.161686107025999948e+07
1.175487026476000063e+07
1.189280518276000023e+07
