1.440119896399999561e+05
2.977235856399999466e+05
4.014878886400000192e+05
4.793961336399998982e+05
5.497471321399998851e+05
6.388100961399999214e+05
7.216248601400000043e+05
8.055140886399999727e+05
9.040684316399999661e+05
1.021685262639999855e+06
1.121531330639999826e+06
1.219031226139999926e+06
1.324738829140000045e+06
1.432952574140000157e+06
1.533793659139999654e+06
1.639619814639999764e+06
1.747437492640000302e+06
1.856599859139999840e+06
1.959085129139999859e+06
2.067293850639999844e+06
2.175918330139999744e+06
2.287092210140000097e+06
2.397183692139999941e+06
2.500981519639999606e+06
2.612529925640000030e+06
2.724398386139999609e+06
2.836167325640000403e+06
2.942073832639999688e+06
3.054922426640000194e+06
3.168101545140000060e+06
3.282148096140000038e+06
3.389396609639999922e+06
3.504083277139999904e+06
3.618718332140000071e+06
3.734131377640000079e+06
3.849710344639999792e+06
3.959149730139999650e+06
4.075769537639999762e+06
4.192399855140000116e+06
4.309896290140000172e+06
4.420499419639999978e+06
4.538866934140000492e+06
4.656803228140000254e+06
4.775829251140000299e+06
4.887927036140000448e+06
5.007160722140001133e+06
5.127803153640000150e+06
5.247845488140000030e+06
5.368646078139999881e+06
5.482646479140000418e+06
5.603656607639999129e+06
5.725625010639999993e+06
5.848133996139999479e+06
5.963092731639999896e+06
6.086169834640000015e+06
6.209536496639999561e+06
6.332529718140000477e+06
6.449432414140000008e+06
6.573158915140000172e+06
6.698108277639999986e+06
6.823298281639999710e+06
6.941203074640000239e+06
7.066994344140000641e+06
7.193034951640000567e+06
7.319484724640000612e+06
7.446351128140000626e+06
7.565841790640000254e+06
7.693248350139999762e+06
7.820520112639999017e+06
7.948829734640000388e+06
8.069722962139999494e+06
8.198484701639999636e+06
8.327992739639999345e+06
8.456995711640000343e+06
8.579093792640000582e+06
8.709191517640000209e+06
8.839547026639997959e+06
8.970387716140000150e+06
9.102037661639999598e+06
9.225138349640000612e+06
9.356943923140000552e+06
9.489397655139999464e+06
9.621027888640001416e+06
9.746407811639999971e+06
9.879141162140000612e+06
1.001256276514000073e+07
1.014658957214000076e+07
1.027245063164000027e+07
1.040708919864000008e+07
1.054120998964000121e+07
1.067621169364000112e+07
1.081152206664000079e+07
1.093952350664000027e+07
1.107503345614000037e+07
1.121145337714000046e+07
1.134768430113999918e+07
1.147672813164000027e+07
1.161397323014000058e+07
1.175070530863999948e+07
1.188879629363999888e+07
