1.441560248399996199e+05
2.988580783399995998e+05
4.021998023399995873e+05
4.808170648399996571e+05
5.505305688399996143e+05
6.388246188399995444e+05
7.211606248399994802e+05
8.058729538399996236e+05
9.045151313399996143e+05
1.022038236339999596e+06
1.121964410839999793e+06
1.219404364839999471e+06
1.325123346339999698e+06
1.433456880839999765e+06
1.534312745839999756e+06
1.640160506839999463e+06
1.747646638839999679e+06
1.857019286839999259e+06
1.959465099839999573e+06
2.067451148339999840e+06
2.176602356839999557e+06
2.287436005339999218e+06
2.397682393839999102e+06
2.501437187839999795e+06
2.612993954339999706e+06
2.724519252340000123e+06
2.836694278839999810e+06
2.942112970339999534e+06
3.055111708339999430e+06
3.168547356339999475e+06
3.282080304839999415e+06
3.389955116839999333e+06
3.504059408340000547e+06
3.618886617839999963e+06
3.734374414839999750e+06
3.849764082839999814e+06
3.959053978339999914e+06
4.075463721839998849e+06
4.192324421839999501e+06
4.309669402339999564e+06
4.420561491339998320e+06
4.538624185839999467e+06
4.656897280840000138e+06
4.775630836840000004e+06
4.888082953340000473e+06
5.007314154839999974e+06
5.127390943339999765e+06
5.247471320839999244e+06
5.368080048340000212e+06
5.482007685839999467e+06
5.603277833340000361e+06
5.725021771339999512e+06
5.847329751839999110e+06
5.962446925339999609e+06
6.085400944840000942e+06
6.208281171339999884e+06
6.331805404339998960e+06
6.448350408840000629e+06
6.573152540839999914e+06
6.697803372840000317e+06
6.822513984339999966e+06
6.940415229339999147e+06
7.066065795339999720e+06
7.191827637339999899e+06
7.318510069839999080e+06
7.445140540839998983e+06
7.564742436340000480e+06
7.692204500339999795e+06
7.820168039839998819e+06
7.948152431839998811e+06
8.068648720340000466e+06
8.197396105839999393e+06
8.326539822339998558e+06
8.455977628839999437e+06
8.578099071340000257e+06
8.708172318339999765e+06
8.838463423839997500e+06
8.969358474339999259e+06
9.100482658840000629e+06
9.224110117839999497e+06
9.356010055339999497e+06
9.487857533339999616e+06
9.620167847839999944e+06
9.745273861339999363e+06
9.878447886840000749e+06
1.001151130133999884e+07
1.014517457634000108e+07
1.027110140984000079e+07
1.040532210434000008e+07
1.054000580183999985e+07
1.067507499483999982e+07
1.081021955083999783e+07
1.093764160434000008e+07
1.107348299334000051e+07
1.120997319633999839e+07
1.134610080233999714e+07
1.147507856484000012e+07
1.161173655934000015e+07
1.174920913933999836e+07
1.188690864133999869e+07
