1.440850834800035809e+05
2.983536369800035027e+05
4.020957359800036065e+05
4.804632099800035357e+05
5.504205889800034929e+05
6.386764254800035851e+05
7.210315639800035860e+05
8.056507014800035395e+05
9.043468389800034929e+05
1.021876219480003696e+06
1.121611319980003405e+06
1.219171765980003402e+06
1.324821695980003569e+06
1.433355429480003659e+06
1.533983899980003713e+06
1.639786705480003729e+06
1.747498800480003702e+06
1.856483365480003878e+06
1.959083626480003586e+06
2.067013767480003648e+06
2.176164107480003498e+06
2.287022671480003744e+06
2.397410284980003722e+06
2.501175355980003718e+06
2.612499604980004020e+06
2.723752221480004024e+06
2.836246743980003521e+06
2.941745920480003580e+06
3.054601681980003603e+06
3.167836606980003417e+06
3.281793808980002999e+06
3.388875098980003037e+06
3.503365305480003823e+06
3.618277480980003253e+06
3.733877896480003837e+06
3.849291059980004095e+06
3.958542939980003983e+06
4.074800005980003625e+06
4.191793284980003722e+06
4.309252457980004139e+06
4.419635131480002776e+06
4.537779014980004169e+06
4.656495842480003834e+06
4.775091770480003208e+06
4.887267113980003633e+06
5.006585261980003677e+06
5.126810081980003044e+06
5.246423254480002448e+06
5.367324412980003282e+06
5.481146563480004668e+06
5.602475678980003111e+06
5.724202715980003588e+06
5.846123931480003521e+06
5.961340485480003059e+06
6.084546197480004281e+06
6.207774732480003498e+06
6.330660688480003737e+06
6.447628577480003238e+06
6.572019866980003193e+06
6.696621985480003990e+06
6.821414121980004013e+06
6.939153001480003819e+06
7.065032604480003938e+06
7.191060654480003752e+06
7.317356910480003804e+06
7.444079337980003096e+06
7.563616717980003916e+06
7.691135581480003893e+06
7.819057975980002433e+06
7.946707114980003797e+06
8.067374343980003148e+06
8.196067197980003431e+06
8.325708489480003715e+06
8.454664235980004072e+06
8.577142824480004609e+06
8.706899236480003223e+06
8.837553222480004653e+06
8.968341598480004817e+06
9.099122446480002254e+06
9.222945757480002940e+06
9.354379938480004668e+06
9.486637635480001569e+06
9.618449757980003953e+06
9.743937937480002642e+06
9.877049816480003297e+06
1.000978477398000285e+07
1.014302838548000343e+07
1.026957541348000430e+07
1.040412471848000214e+07
1.053849693398000300e+07
1.067319782748000324e+07
1.080829134898000397e+07
1.093634217848000303e+07
1.107186902598000318e+07
1.120797423048000224e+07
1.134474563048000261e+07
1.147336990298000351e+07
1.161019178098000214e+07
1.174736254048000276e+07
1.188571035198000446e+07
