1.442018316000006162e+05
2.991710551000005798e+05
4.028875971000006539e+05
4.812952676000006613e+05
5.511139466000006068e+05
6.397429176000005100e+05
7.219863906000006245e+05
8.068097486000006320e+05
9.056424631000007503e+05
1.023325595100000617e+06
1.123330737600000808e+06
1.220879788600000553e+06
1.326757103100000415e+06
1.435310202600000426e+06
1.536348792600000743e+06
1.642130696600000607e+06
1.749746675600000657e+06
1.859425565600000788e+06
1.961751739600000903e+06
2.069961942600000650e+06
2.179324598600001074e+06
2.290115458600000478e+06
2.400478047600001097e+06
2.504668102100001182e+06
2.616259951100001112e+06
2.727654572100000456e+06
2.840173314600000158e+06
2.946201355100000277e+06
3.058771999100000598e+06
3.172287035600000992e+06
3.286028478600000963e+06
3.393223662600000855e+06
3.508282010600000620e+06
3.623187840600000694e+06
3.738701364100000821e+06
3.854321454600000754e+06
3.963713813100000378e+06
4.080280475100000389e+06
4.197500810600000434e+06
4.314806626100000925e+06
4.425552959599999711e+06
4.543891324100000784e+06
4.662608419600000605e+06
4.781267080600000918e+06
4.893599661100000143e+06
5.013027653599999845e+06
5.133134589600000530e+06
5.253560460599999875e+06
5.374365826600000262e+06
5.488301158100001514e+06
5.609627219600001350e+06
5.731401376600001007e+06
5.854059516599999741e+06
5.969302869600000791e+06
6.092360179600000381e+06
6.215429415100000799e+06
6.339144927600000054e+06
6.456449688599999994e+06
6.580576375100000761e+06
6.705226584600000642e+06
6.830332109600001015e+06
6.948094125100000761e+06
7.074320538600001484e+06
7.200515926100000739e+06
7.326933090599999763e+06
7.453353441099999472e+06
7.573315595100000501e+06
7.701008142600000836e+06
7.828946729600001127e+06
7.957165224600000307e+06
8.077871895600000396e+06
8.206518396600000560e+06
8.336168927099999972e+06
8.465652007600000128e+06
8.587759941600000486e+06
8.717877329600000754e+06
8.848476165100000799e+06
8.979597364100001752e+06
9.110998940600000322e+06
9.234480085100000724e+06
9.366163247099999338e+06
9.498549863600000739e+06
9.631088121100001037e+06
9.755750966600000858e+06
9.889436159600000829e+06
1.002238699709999934e+07
1.015623957110000029e+07
1.028281217460000142e+07
1.041700290159999952e+07
1.055156006509999931e+07
1.068645378210000135e+07
1.082185893209999986e+07
1.094984410110000148e+07
1.108589937360000052e+07
1.122222597259999998e+07
1.135843137009999901e+07
1.148746130760000274e+07
1.162469893959999830e+07
1.176230491309999861e+07
1.189997844209999964e+07
