2.178640659999986237e+05
3.013212659999986063e+05
3.999807859999986249e+05
4.678846659999986878e+05
5.505391259999985341e+05
6.239583059999987017e+05
7.006507559999986552e+05
7.833898759999985341e+05
8.722041659999985714e+05
9.451938059999984689e+05
1.032871625999998651e+06
1.116562325999998720e+06
1.192126865999998525e+06
1.278015655999998562e+06
1.358038405999998562e+06
1.436351945999998599e+06
1.522981125999998767e+06
1.606936015999998664e+06
1.691677525999998441e+06
1.777468715999998618e+06
1.856078635999998311e+06
1.934717925999998581e+06
2.012181655999998562e+06
2.092129435999998590e+06
2.180977105999998748e+06
2.254032895999998786e+06
2.345014825999998488e+06
2.425853525999999139e+06
2.512523585999998264e+06
2.585942635999998543e+06
2.667368795999998227e+06
2.748628085999998730e+06
2.832220255999998655e+06
2.916162595999998972e+06
3.004594355999998748e+06
3.081856395999998320e+06
3.158891395999998320e+06
3.247575795999998227e+06
3.324739365999998990e+06
3.408493175999998581e+06
3.490703885999998543e+06
3.569921495999998413e+06
3.658549005999998655e+06
3.736485435999998823e+06
3.815931975999998860e+06
3.900157925999998581e+06
3.983053935999998823e+06
4.061818935999998357e+06
4.146918315999998711e+06
4.226925415999998339e+06
4.310708905999999493e+06
4.390635995999998413e+06
4.470389455999999307e+06
4.556712745999998413e+06
4.635834355999997817e+06
4.715790005999998190e+06
4.800843255999998190e+06
4.880598025999998674e+06
4.961255695999998599e+06
5.047770045999999158e+06
5.121730905999998562e+06
5.205906365999998525e+06
5.286864815999998711e+06
5.366863065999998711e+06
5.454741135999999009e+06
5.535539585999998264e+06
5.617226185999999754e+06
5.698825915999999270e+06
5.779531405999998562e+06
5.861500985999998637e+06
5.942570815999997780e+06
6.023888185999998823e+06
6.105619845999998040e+06
6.188286115999998525e+06
6.270970245999998413e+06
6.352344455999998376e+06
6.440795045999999158e+06
6.516442545999999158e+06
6.597932375999998301e+06
6.679805915999999270e+06
6.755637885999999009e+06
6.837807435999996960e+06
6.920750845999997109e+06
6.998483545999997295e+06
7.083119225999997929e+06
7.166122615999997593e+06
7.249436395999998786e+06
7.331859105999998748e+06
7.415707885999998078e+06
7.487571385999999009e+06
7.571112295999998227e+06
7.656538365999998525e+06
7.734217265999998897e+06
7.818712295999998227e+06
7.902848065999998711e+06
7.982890235999999568e+06
8.067390815999997780e+06
8.152428675999999046e+06
8.229473325999998488e+06
8.314954685999998823e+06
8.395072985999997705e+06
8.474241535999998450e+06
8.559816096000000834e+06
8.645576405999997631e+06
8.725251325999999419e+06
8.810092625999998301e+06
8.896531965999998152e+06
8.970264655999997631e+06
9.056334215999998152e+06
9.135556305999998003e+06
9.208561716000000015e+06
9.295327415999999270e+06
9.380739695999998599e+06
9.455455105999998748e+06
9.548780305999998003e+06
9.627473645999997854e+06
9.708420815999997780e+06
9.788791715999998152e+06
9.870166365999996662e+06
9.950051305999998003e+06
1.003745972599999793e+07
1.011214789599999972e+07
1.019237967599999718e+07
1.027436299599999934e+07
1.036294814599999972e+07
1.043813313599999994e+07
1.052642177599999867e+07
1.060771541599999927e+07
1.068812947599999607e+07
1.077564684600000083e+07
1.085054351599999890e+07
1.092675447599999979e+07
1.101461199599999748e+07
1.109553717600000091e+07
1.117746374599999934e+07
1.126029744599999674e+07
1.134158863599999808e+07
1.142546849599999934e+07
1.150655272599999793e+07
1.159167226599999890e+07
1.167425464599999972e+07
1.175140769599999860e+07
1.183320575599999726e+07
1.190989669599999674e+07
1.199366863599999808e+07
1.208279468600000069e+07
1.215958062599999830e+07
1.224424504599999823e+07
1.233340679600000009e+07
1.240958811599999852e+07
1.248756885599999689e+07
1.256966835599999689e+07
1.265112698599999957e+07
1.272891327600000054e+07
1.280621963599999808e+07
1.289640835599999875e+07
1.297357986599999852e+07
1.305927030599999800e+07
1.314461428599999845e+07
1.322338711599999666e+07
1.330629606599999964e+07
1.338478271599999815e+07
1.346350296600000001e+07
1.354588009599999711e+07
1.362557817599999905e+07
1.370352992599999905e+07
1.379561762599999830e+07
1.388151367599999905e+07
1.396101977599999867e+07
1.403951829599999636e+07
1.413157086599999852e+07
1.421014549599999934e+07
1.428950541599999741e+07
1.436105257599999756e+07
1.445323840599999949e+07
1.453252146599999815e+07
1.461237290599999577e+07
1.469252367599999718e+07
1.477897757599999942e+07
1.485944166599999741e+07
1.495119528599999845e+07
1.503100771600000001e+07
1.511043835599999875e+07
1.519017077599999681e+07
1.527667057599999942e+07
1.534833825599999912e+07
1.542894723599999771e+07
1.551611776599999890e+07
1.559584544599999860e+07
1.567539221600000001e+07
1.576409070599999651e+07
1.584460682599999942e+07
1.592361914599999785e+07
1.601023320599999838e+07
1.609006697599999979e+07
1.617138674599999934e+07
1.625183619599999860e+07
1.633357009600000083e+07
1.640595329599999823e+07
1.649528845599999838e+07
1.657572229600000009e+07
1.666565754600000009e+07
1.674661227600000054e+07
1.682648263599999622e+07
1.690804697599999979e+07
1.698821901599999517e+07
1.706729042599999905e+07
1.714829298599999771e+07
1.722952789599999785e+07
1.731027855599999800e+07
1.739079078599999845e+07
1.746650092599999905e+07
1.755594885599999875e+07
1.763875262599999830e+07
1.772015361600000039e+07
1.780297035599999875e+07
1.788556480600000173e+07
1.796853577599999681e+07
1.804359198599999771e+07
1.813263180599999800e+07
1.821484660599999875e+07
1.829116943599999696e+07
1.837425562599999458e+07
1.845790755599999800e+07
1.854925742599999905e+07
1.863159845599999651e+07
1.871453636600000039e+07
1.879720293600000069e+07
1.886646773599999771e+07
1.895664912599999830e+07
1.903153276599999890e+07
1.910958627600000054e+07
1.919160459600000083e+07
1.927616451599999890e+07
1.935908091599999741e+07
1.944326581599999964e+07
1.953420632599999756e+07
1.961757039599999785e+07
1.968781587599999830e+07
1.977145317599999905e+07
1.985535279600000009e+07
1.993076933599999547e+07
2.000667999599999934e+07
2.009015443600000069e+07
2.017461773600000143e+07
2.025371586599999666e+07
2.034641727600000054e+07
2.043094816599999741e+07
2.051547154600000009e+07
2.060014710599999875e+07
