1.250000000000000000e+09 9.583277131491729772e-02
1.252000000000000000e+09 9.757478929713647720e-02
1.254000000000000000e+09 9.609802686834079122e-02
1.256000000000000000e+09 9.809275952434359791e-02
1.258000000000000000e+09 1.006850991137520079e-01
1.260000000000000000e+09 9.441837897071159169e-02
1.262000000000000000e+09 9.990004255989604065e-02
1.264000000000000000e+09 9.757367545965212052e-02
1.266000000000000000e+09 9.547905992634098116e-02
1.268000000000000000e+09 9.726620514594941369e-02
1.270000000000000000e+09 9.709868450926595340e-02
1.272000000000000000e+09 9.750745490390855252e-02
1.274000000000000000e+09 9.777233378274308162e-02
1.276000000000000000e+09 9.959507533635425514e-02
1.278000000000000000e+09 9.673285183730273573e-02
1.280000000000000000e+09 9.628463334849379773e-02
1.282000000000000000e+09 9.829428865749756383e-02
1.284000000000000000e+09 9.698067700282064774e-02
1.286000000000000000e+09 9.745978194517634918e-02
1.288000000000000000e+09 9.613117124006376191e-02
1.290000000000000000e+09 9.479652156046347589e-02
1.292000000000000000e+09 9.679541620144849201e-02
1.294000000000000000e+09 9.753732670727088827e-02
1.296000000000000000e+09 9.745499737116458672e-02
1.298000000000000000e+09 9.751512488129787659e-02
1.300000000000000000e+09 9.638761887221203306e-02
1.302000000000000000e+09 9.666475624111825482e-02
1.304000000000000000e+09 9.521883711545742202e-02
1.306000000000000000e+09 9.476295008302859646e-02
1.308000000000000000e+09 9.417488486840541739e-02
1.310000000000000000e+09 9.409896907319048598e-02
1.312000000000000000e+09 9.463750354965261291e-02
1.314000000000000000e+09 9.325804263832715435e-02
1.316000000000000000e+09 9.263361603248521092e-02
1.318000000000000000e+09 9.101883542988553621e-02
1.320000000000000000e+09 9.354617188463498767e-02
1.322000000000000000e+09 9.320120737350112705e-02
1.324000000000000000e+09 9.498153107860574096e-02
1.326000000000000000e+09 9.416787290515105102e-02
1.328000000000000000e+09 9.386564497013194508e-02
1.330000000000000000e+09 9.518081032747494064e-02
1.332000000000000000e+09 8.935952684322323591e-02
1.334000000000000000e+09 8.592516501459013245e-02
1.336000000000000000e+09 8.321475834678637717e-02
1.338000000000000000e+09 7.457405182120790954e-02
1.340000000000000000e+09 6.723791082747410108e-02
1.342000000000000000e+09 5.818475134016354300e-02
1.344000000000000000e+09 4.473015906663924124e-02
1.346000000000000000e+09 3.782795400983696155e-02
1.348000000000000000e+09 3.249578621405579959e-02
1.350000000000000000e+09 2.774388953286111015e-02
1.352000000000000000e+09 2.617779428740751868e-02
1.354000000000000000e+09 3.508093756551633469e-02
1.356000000000000000e+09 3.724760861205211881e-02
1.358000000000000000e+09 4.747747110425071249e-02
1.360000000000000000e+09 5.862885185919464170e-02
1.362000000000000000e+09 6.967144267650837719e-02
1.364000000000000000e+09 7.696495777060363697e-02
1.366000000000000000e+09 8.585624331874541770e-02
1.368000000000000000e+09 8.562484944656478802e-02
1.370000000000000000e+09 8.956529278008351636e-02
1.372000000000000000e+09 8.970237290725369128e-02
1.374000000000000000e+09 8.925311473353403358e-02
1.376000000000000000e+09 8.586087519027252313e-02
1.378000000000000000e+09 8.080866486515791980e-02
1.380000000000000000e+09 7.880164067113482051e-02
1.382000000000000000e+09 7.660312351365317074e-02
1.384000000000000000e+09 7.741886251668850250e-02
1.386000000000000000e+09 8.148509060913589064e-02
1.388000000000000000e+09 7.886679745583824452e-02
1.390000000000000000e+09 8.005876648207144175e-02
1.392000000000000000e+09 8.404153623499499570e-02
1.394000000000000000e+09 8.377685382534860725e-02
1.396000000000000000e+09 8.371299659897957213e-02
1.398000000000000000e+09 8.110449278053943889e-02
1.400000000000000000e+09 7.655723050487861503e-02
1.402000000000000000e+09 6.648947596155718731e-02
1.404000000000000000e+09 6.160011464835557504e-02
1.406000000000000000e+09 5.480527392956879851e-02
1.408000000000000000e+09 5.458266157688729248e-02
1.410000000000000000e+09 5.401319931005077457e-02
1.412000000000000000e+09 5.563065458133142904e-02
1.414000000000000000e+09 5.929265604670808099e-02
1.416000000000000000e+09 6.205503016885438594e-02
1.418000000000000000e+09 6.701034920287929353e-02
1.420000000000000000e+09 6.894694630807518543e-02
1.422000000000000000e+09 7.536784291693165994e-02
1.424000000000000000e+09 7.887947429560715484e-02
1.426000000000000000e+09 7.863498306900107426e-02
1.428000000000000000e+09 7.923190390346634970e-02
1.430000000000000000e+09 7.509333565546438827e-02
1.432000000000000000e+09 7.368064838634391656e-02
1.434000000000000000e+09 6.697743088453511628e-02
1.436000000000000000e+09 6.518515302344718432e-02
1.438000000000000000e+09 5.917600083803220556e-02
1.440000000000000000e+09 5.687435082802727582e-02
1.442000000000000000e+09 5.463797216377774824e-02
1.444000000000000000e+09 5.479396720817375499e-02
1.446000000000000000e+09 5.863779469664298638e-02
1.448000000000000000e+09 6.360488384376072890e-02
1.450000000000000000e+09 6.505507284559475245e-02
1.452000000000000000e+09 7.070586256979038975e-02
1.454000000000000000e+09 7.231818187218164162e-02
1.456000000000000000e+09 7.156142043331115143e-02
1.458000000000000000e+09 6.661087561471890073e-02
1.460000000000000000e+09 6.292657922070543641e-02
1.462000000000000000e+09 5.681554235982333445e-02
1.464000000000000000e+09 5.455961954029309169e-02
1.466000000000000000e+09 4.939558792212062066e-02
1.468000000000000000e+09 4.949098665926576768e-02
1.470000000000000000e+09 4.890289769854627711e-02
1.472000000000000000e+09 4.750718144117394015e-02
1.474000000000000000e+09 4.944027592584443465e-02
1.476000000000000000e+09 4.962213562172823611e-02
1.478000000000000000e+09 5.695358492529445371e-02
1.480000000000000000e+09 5.688921235858657166e-02
1.482000000000000000e+09 6.016164596121309494e-02
1.484000000000000000e+09 6.217283478366519844e-02
1.486000000000000000e+09 5.644260174203408198e-02
1.488000000000000000e+09 5.247773773233277428e-02
1.490000000000000000e+09 5.053936612687104368e-02
1.492000000000000000e+09 4.671779586808166851e-02
1.494000000000000000e+09 4.472772681395964511e-02
1.496000000000000000e+09 4.668229440316662426e-02
1.498000000000000000e+09 4.973977005210239444e-02
1.500000000000000000e+09 5.187195373832220735e-02
1.502000000000000000e+09 5.814635704312831610e-02
1.504000000000000000e+09 6.363179854976408478e-02
1.506000000000000000e+09 6.302595387162479579e-02
1.508000000000000000e+09 6.153372929102651767e-02
1.510000000000000000e+09 5.889983280241850583e-02
1.512000000000000000e+09 5.349244352314563855e-02
1.514000000000000000e+09 4.393241596870056664e-02
1.516000000000000000e+09 3.714036230794537374e-02
1.518000000000000000e+09 3.082453858516898126e-02
1.520000000000000000e+09 2.715778541481372876e-02
1.522000000000000000e+09 2.672415688860296790e-02
1.524000000000000000e+09 2.421209902524956714e-02
1.526000000000000000e+09 2.739938837666655580e-02
1.528000000000000000e+09 3.087599998908685528e-02
1.530000000000000000e+09 3.733224320489714199e-02
1.532000000000000000e+09 4.080139291015649761e-02
1.534000000000000000e+09 4.788827511224291733e-02
1.536000000000000000e+09 5.886345166516981919e-02
1.538000000000000000e+09 6.314802814379993912e-02
1.540000000000000000e+09 6.982501287569609083e-02
1.542000000000000000e+09 6.988620743466733565e-02
1.544000000000000000e+09 6.710452657735632709e-02
1.546000000000000000e+09 6.633382616087080130e-02
1.548000000000000000e+09 6.168147047308580877e-02
1.550000000000000000e+09 6.141286707014392832e-02
1.552000000000000000e+09 5.781026532607091983e-02
1.554000000000000000e+09 5.472550567310119352e-02
1.556000000000000000e+09 5.653885152180193607e-02
1.558000000000000000e+09 5.442100574202057839e-02
1.560000000000000000e+09 5.457047970259365499e-02
1.562000000000000000e+09 5.729365733111579928e-02
1.564000000000000000e+09 5.814308715675964301e-02
1.566000000000000000e+09 5.818146550025971031e-02
1.568000000000000000e+09 6.306274609998396841e-02
1.570000000000000000e+09 6.322931896213956904e-02
1.572000000000000000e+09 6.412879949585881256e-02
1.574000000000000000e+09 6.199219338984973682e-02
1.576000000000000000e+09 6.087378960186839993e-02
1.578000000000000000e+09 5.883804447654827907e-02
1.580000000000000000e+09 6.029855275313866780e-02
1.582000000000000000e+09 6.381953209152346762e-02
1.584000000000000000e+09 6.710498303813172694e-02
1.586000000000000000e+09 6.940469336799692801e-02
1.588000000000000000e+09 7.336021473050491348e-02
1.590000000000000000e+09 7.253971742479703444e-02
1.592000000000000000e+09 7.223616747645844605e-02
1.594000000000000000e+09 6.806961349437057329e-02
1.596000000000000000e+09 6.336731987004728950e-02
1.598000000000000000e+09 5.345454752786937824e-02
1.600000000000000000e+09 4.446016510806560795e-02
1.602000000000000000e+09 3.830267792722807929e-02
1.604000000000000000e+09 3.109514438229987743e-02
1.606000000000000000e+09 2.824079458799155784e-02
1.608000000000000000e+09 2.585858645409433443e-02
1.610000000000000000e+09 2.613526380022779261e-02
1.612000000000000000e+09 2.573298606952756362e-02
1.614000000000000000e+09 2.861752891937752175e-02
1.616000000000000000e+09 3.364309374043095158e-02
1.618000000000000000e+09 4.040741628333788249e-02
1.620000000000000000e+09 4.348336116126017004e-02
1.622000000000000000e+09 5.219001247950139089e-02
1.624000000000000000e+09 5.853960626275811485e-02
1.626000000000000000e+09 6.262570419529334131e-02
1.628000000000000000e+09 6.270206482751383703e-02
1.630000000000000000e+09 6.463851899178219007e-02
1.632000000000000000e+09 6.607463672098246033e-02
1.634000000000000000e+09 6.695223010660844576e-02
1.636000000000000000e+09 6.535788792414887194e-02
1.638000000000000000e+09 6.824246007766876509e-02
1.640000000000000000e+09 6.710244156021327733e-02
1.642000000000000000e+09 6.841627809187800224e-02
1.644000000000000000e+09 7.139329305676456183e-02
1.646000000000000000e+09 7.437019317555726428e-02
1.648000000000000000e+09 7.428322104149642779e-02
1.650000000000000000e+09 7.991376162999375143e-02
1.652000000000000000e+09 8.342249907243481921e-02
1.654000000000000000e+09 8.300636102287362039e-02
1.656000000000000000e+09 8.362895295451122646e-02
1.658000000000000000e+09 8.162331518383347806e-02
1.660000000000000000e+09 8.515300380365697919e-02
1.662000000000000000e+09 8.670532672666919627e-02
1.664000000000000000e+09 8.943296356608909647e-02
1.666000000000000000e+09 8.720871145236686051e-02
1.668000000000000000e+09 8.937451368637228111e-02
1.670000000000000000e+09 8.892932052695279310e-02
1.672000000000000000e+09 9.129234927632257079e-02
1.674000000000000000e+09 9.308588396343853155e-02
1.676000000000000000e+09 9.316920915355109134e-02
1.678000000000000000e+09 9.409800126990019997e-02
1.680000000000000000e+09 9.381034998182502527e-02
1.682000000000000000e+09 9.458450030893417182e-02
1.684000000000000000e+09 9.285214776659145297e-02
1.686000000000000000e+09 9.242689984001606351e-02
1.688000000000000000e+09 9.167479408654999329e-02
1.690000000000000000e+09 9.062971030377575676e-02
1.692000000000000000e+09 8.996577043083697767e-02
1.694000000000000000e+09 9.115134247878209361e-02
1.696000000000000000e+09 9.272956259625630970e-02
1.698000000000000000e+09 9.343865723552746694e-02
1.700000000000000000e+09 9.404734012422932832e-02
1.702000000000000000e+09 9.694181501190757277e-02
1.704000000000000000e+09 9.467099765745268236e-02
1.706000000000000000e+09 9.768911760043197390e-02
1.708000000000000000e+09 9.869598834985904290e-02
1.710000000000000000e+09 9.761109970045722672e-02
1.712000000000000000e+09 9.647760395975069070e-02
1.714000000000000000e+09 9.806073415374572111e-02
1.716000000000000000e+09 9.789722007705503604e-02
1.718000000000000000e+09 9.633908234093224721e-02
1.720000000000000000e+09 9.668839922493177585e-02
1.722000000000000000e+09 9.802534986302957609e-02
1.724000000000000000e+09 1.003175701838928680e-01
1.726000000000000000e+09 9.841604621526889307e-02
1.728000000000000000e+09 9.607768896955193316e-02
1.730000000000000000e+09 9.803667524019898938e-02
1.732000000000000000e+09 9.619330957668870141e-02
1.734000000000000000e+09 9.921056928823490662e-02
1.736000000000000000e+09 9.876238843143703150e-02
1.738000000000000000e+09 1.006749132086958154e-01
1.740000000000000000e+09 9.971564605845872897e-02
1.742000000000000000e+09 9.778867196122997818e-02
1.744000000000000000e+09 9.941101497146476174e-02
1.746000000000000000e+09 9.996973875219039574e-02
1.748000000000000000e+09 1.008998788319097617e-01
1.750000000000000000e+09 9.771409632478966767e-02
