1.250000000000000000e+09 8.732861778423389731e-01 7.774534065274216754e-01
1.252000000000000000e+09 8.752372971727589990e-01 7.776625078756225218e-01
1.254000000000000000e+09 8.718676921198716956e-01 7.757696652515309044e-01
1.256000000000000000e+09 8.758585824664595343e-01 7.777658229421159364e-01
1.258000000000000000e+09 8.768836925739165178e-01 7.761985934601645098e-01
1.260000000000000000e+09 8.714811322867925814e-01 7.770627533160809897e-01
1.262000000000000000e+09 8.737362262796180001e-01 7.738361837197219595e-01
1.264000000000000000e+09 8.712190263834754811e-01 7.736453509238233606e-01
1.266000000000000000e+09 8.697041635726471265e-01 7.742251036463061453e-01
1.268000000000000000e+09 8.720478152403037253e-01 7.747816100943543116e-01
1.270000000000000000e+09 8.728411139696916621e-01 7.757424294604257087e-01
1.272000000000000000e+09 8.727459338800463984e-01 7.752384789761378459e-01
1.274000000000000000e+09 8.742036747701357191e-01 7.764313409873926375e-01
1.276000000000000000e+09 8.749993699104842149e-01 7.754042945741299597e-01
1.278000000000000000e+09 8.692121103553700490e-01 7.724792585180673132e-01
1.280000000000000000e+09 8.730995864123894945e-01 7.768149530638956968e-01
1.282000000000000000e+09 8.707210537821552521e-01 7.724267651246576882e-01
1.284000000000000000e+09 8.696598145749403486e-01 7.726791375721197008e-01
1.286000000000000000e+09 8.739009528690018236e-01 7.764411709238254744e-01
1.288000000000000000e+09 8.707112674933654706e-01 7.745800962533017087e-01
1.290000000000000000e+09 8.685150236673656599e-01 7.737185021069021840e-01
1.292000000000000000e+09 8.734975335127438401e-01 7.767021173112953480e-01
1.294000000000000000e+09 8.721331243085602702e-01 7.745957976012893820e-01
1.296000000000000000e+09 8.734418009820905660e-01 7.759868036109259792e-01
1.298000000000000000e+09 8.708275090120183304e-01 7.733123841307204538e-01
1.300000000000000000e+09 8.689063387559805562e-01 7.725187198837685232e-01
1.302000000000000000e+09 8.710087359851352851e-01 7.743439797440170302e-01
1.304000000000000000e+09 8.694418359911961769e-01 7.742229988757387549e-01
1.306000000000000000e+09 8.674148719927127216e-01 7.726519219096841251e-01
1.308000000000000000e+09 8.713774605436795939e-01 7.772025756752741765e-01
1.310000000000000000e+09 8.695610865005639623e-01 7.754621174273734763e-01
1.312000000000000000e+09 8.685364434027599279e-01 7.738989398531073149e-01
1.314000000000000000e+09 8.683347583226821431e-01 7.750767156843549888e-01
1.316000000000000000e+09 8.672369241521822314e-01 7.746033081196970205e-01
1.318000000000000000e+09 8.643487415876781599e-01 7.733299061577926237e-01
1.320000000000000000e+09 8.664954040118872935e-01 7.729492321272523059e-01
1.322000000000000000e+09 8.673823799884590180e-01 7.741811726149578909e-01
1.324000000000000000e+09 8.687423096028180636e-01 7.737607785242123226e-01
1.326000000000000000e+09 8.684568295935541915e-01 7.742889566884031405e-01
1.328000000000000000e+09 8.722672578923277298e-01 7.784016129221957847e-01
1.330000000000000000e+09 8.713055518749434070e-01 7.761247415474684663e-01
1.332000000000000000e+09 8.653897678661999215e-01 7.760302410229766856e-01
1.334000000000000000e+09 8.594843455758577333e-01 7.735591805612676009e-01
1.336000000000000000e+09 8.568654848506711552e-01 7.736507265038847780e-01
1.338000000000000000e+09 8.472218550236427781e-01 7.726478032024348686e-01
1.340000000000000000e+09 8.402133296260303474e-01 7.729754187985562464e-01
1.342000000000000000e+09 8.331165949464401921e-01 7.749318436062766491e-01
1.344000000000000000e+09 8.217928439467706569e-01 7.770626848801314157e-01
1.346000000000000000e+09 8.155929835336322986e-01 7.777650295237953371e-01
1.348000000000000000e+09 8.141970881647124791e-01 7.817013019506566796e-01
1.350000000000000000e+09 8.108680053888325245e-01 7.831241158559714144e-01
1.352000000000000000e+09 8.093876822300565266e-01 7.832098879426490079e-01
1.354000000000000000e+09 8.129362705528064836e-01 7.778553329872901489e-01
1.356000000000000000e+09 8.146794080004970962e-01 7.774317993884449773e-01
1.358000000000000000e+09 8.258650509607967649e-01 7.783875798565460524e-01
1.360000000000000000e+09 8.348141025232378443e-01 7.761852506640432026e-01
1.362000000000000000e+09 8.447671754355076112e-01 7.750957327589992341e-01
1.364000000000000000e+09 8.532537227180968520e-01 7.762887649474932150e-01
1.366000000000000000e+09 8.613311087335668859e-01 7.754748654148214682e-01
1.368000000000000000e+09 8.625647439093703239e-01 7.769398944628055359e-01
1.370000000000000000e+09 8.667692369176359657e-01 7.772039441375524493e-01
1.372000000000000000e+09 8.667923828861551216e-01 7.770900099789014304e-01
1.374000000000000000e+09 8.661759219809729293e-01 7.769228072474388958e-01
1.376000000000000000e+09 8.642891518390508621e-01 7.784282766487783389e-01
1.378000000000000000e+09 8.606874804237817367e-01 7.798788155586238169e-01
1.380000000000000000e+09 8.584623372590551860e-01 7.796606965879203655e-01
1.382000000000000000e+09 8.565730601242791398e-01 7.799699366106259690e-01
1.384000000000000000e+09 8.570652279040926746e-01 7.796463653874041722e-01
1.386000000000000000e+09 8.620237923817323233e-01 7.805387017725964327e-01
1.388000000000000000e+09 8.601320014381230727e-01 7.812652039822848282e-01
1.390000000000000000e+09 8.612456053614780949e-01 7.811868388794066531e-01
1.392000000000000000e+09 8.654030165403164832e-01 7.813614803053214874e-01
1.394000000000000000e+09 8.621737828953132121e-01 7.783969290699646049e-01
1.396000000000000000e+09 8.635094338105930856e-01 7.797964372116135134e-01
1.398000000000000000e+09 8.653008470774987693e-01 7.841963542969593304e-01
1.400000000000000000e+09 8.590497978294577841e-01 7.824925673245791691e-01
1.402000000000000000e+09 8.529481191359650216e-01 7.864586431744078343e-01
1.404000000000000000e+09 8.500826373594407848e-01 7.884825227110852097e-01
1.406000000000000000e+09 8.455681742519334243e-01 7.907629003223646258e-01
1.408000000000000000e+09 8.440871771311363458e-01 7.895045155542490534e-01
1.410000000000000000e+09 8.442754200237393425e-01 7.902622207136885679e-01
1.412000000000000000e+09 8.467934544098546512e-01 7.911627998285232222e-01
1.414000000000000000e+09 8.507261471273758202e-01 7.914334910806677392e-01
1.416000000000000000e+09 8.525998782774314444e-01 7.905448481085770585e-01
1.418000000000000000e+09 8.547867106332593945e-01 7.877763614303801010e-01
1.420000000000000000e+09 8.569674931161054277e-01 7.880205468080302422e-01
1.422000000000000000e+09 8.598602694693950887e-01 7.844924265524634288e-01
1.424000000000000000e+09 8.631028014208285137e-01 7.842233271252213589e-01
1.426000000000000000e+09 8.613631567102294495e-01 7.827281736412283752e-01
1.428000000000000000e+09 8.625569971922468770e-01 7.833250932887805273e-01
1.430000000000000000e+09 8.586846736512941947e-01 7.835913379958298064e-01
1.432000000000000000e+09 8.591029816399535779e-01 7.854223332536096613e-01
1.434000000000000000e+09 8.544017699025945323e-01 7.874243390180594160e-01
1.436000000000000000e+09 8.548402486776834897e-01 7.896550956542363053e-01
1.438000000000000000e+09 8.503128866523551599e-01 7.911368858143229543e-01
1.440000000000000000e+09 8.498388246155461623e-01 7.929644737875188865e-01
1.442000000000000000e+09 8.472690217074542174e-01 7.926310495436764691e-01
1.444000000000000000e+09 8.470758032368712609e-01 7.922818360286975059e-01
1.446000000000000000e+09 8.483238610661357759e-01 7.896860663694927895e-01
1.448000000000000000e+09 8.535722804375706074e-01 7.899673965938098785e-01
1.450000000000000000e+09 8.518719769853881907e-01 7.868169041397934382e-01
1.452000000000000000e+09 8.563141468339275919e-01 7.856082842641372022e-01
1.454000000000000000e+09 8.601133329659474969e-01 7.877951510937658552e-01
1.456000000000000000e+09 8.570261334801324571e-01 7.854647130468213057e-01
1.458000000000000000e+09 8.529982908741281511e-01 7.863874152594092504e-01
1.460000000000000000e+09 8.550038216361792731e-01 7.920772424154738367e-01
1.462000000000000000e+09 8.465866290330242849e-01 7.897710866732009505e-01
1.464000000000000000e+09 8.451503620870547406e-01 7.905907425467616489e-01
1.466000000000000000e+09 8.423618989005734470e-01 7.929663109784528263e-01
1.468000000000000000e+09 8.425967506373458482e-01 7.931057639780800805e-01
1.470000000000000000e+09 8.433938859555245582e-01 7.944909882569782811e-01
1.472000000000000000e+09 8.444150398491472309e-01 7.969078584079732908e-01
1.474000000000000000e+09 8.436851196285667376e-01 7.942448437027223029e-01
1.476000000000000000e+09 8.442456848320026852e-01 7.946235492102744491e-01
1.478000000000000000e+09 8.484715892115204383e-01 7.915180042862259846e-01
1.480000000000000000e+09 8.488685050265010190e-01 7.919792926679144474e-01
1.482000000000000000e+09 8.527364310776647249e-01 7.925747851164516300e-01
1.484000000000000000e+09 8.536388168205819582e-01 7.914659820369167598e-01
1.486000000000000000e+09 8.477809014503462359e-01 7.913382997083121539e-01
1.488000000000000000e+09 8.449633079242846456e-01 7.924855701919518713e-01
1.490000000000000000e+09 8.468090646282332434e-01 7.962696985013621997e-01
1.492000000000000000e+09 8.417040745049879646e-01 7.949862786369062961e-01
1.494000000000000000e+09 8.408247807793199913e-01 7.960970539653603462e-01
1.496000000000000000e+09 8.431412674474847435e-01 7.964589730443181192e-01
1.498000000000000000e+09 8.424039877101141549e-01 7.926642176580117605e-01
1.500000000000000000e+09 8.446506781985227974e-01 7.927787244602005901e-01
1.502000000000000000e+09 8.483739268454733029e-01 7.902275698023449868e-01
1.504000000000000000e+09 8.536862769960298358e-01 7.900544784462657510e-01
1.506000000000000000e+09 8.518300385514649964e-01 7.888040846798402006e-01
1.508000000000000000e+09 8.526618368290391770e-01 7.911281075380126593e-01
1.510000000000000000e+09 8.518009913947411915e-01 7.929011585923226857e-01
1.512000000000000000e+09 8.478916342071965984e-01 7.943991906840509598e-01
1.514000000000000000e+09 8.413124686328695701e-01 7.973800526641690034e-01
1.516000000000000000e+09 8.393735056528739413e-01 8.022331433449285676e-01
1.518000000000000000e+09 8.329728911746087094e-01 8.021483525894397282e-01
1.520000000000000000e+09 8.308237999832959186e-01 8.036660145684821899e-01
1.522000000000000000e+09 8.316802645342327160e-01 8.049561076456297481e-01
1.524000000000000000e+09 8.325545722360879752e-01 8.083424732108384081e-01
1.526000000000000000e+09 8.324140360421391494e-01 8.050146476654725936e-01
1.528000000000000000e+09 8.326142953177164685e-01 8.017382953286296132e-01
1.530000000000000000e+09 8.371746880557542347e-01 7.998424448508570928e-01
1.532000000000000000e+09 8.392435482745926878e-01 7.984421553644361902e-01
1.534000000000000000e+09 8.432052580965171407e-01 7.953169829842742233e-01
1.536000000000000000e+09 8.494316682111422434e-01 7.905682165459724242e-01
1.538000000000000000e+09 8.527476191397362904e-01 7.895995909959363512e-01
1.540000000000000000e+09 8.574528238656141665e-01 7.876278109899180757e-01
1.542000000000000000e+09 8.552281162766137701e-01 7.853419088419464344e-01
1.544000000000000000e+09 8.538447269954698715e-01 7.867402004181135444e-01
1.546000000000000000e+09 8.534187891186549857e-01 7.870849629577841844e-01
1.548000000000000000e+09 8.508339426900041191e-01 7.891524722169183104e-01
1.550000000000000000e+09 8.541528959313666736e-01 7.927400288612227452e-01
1.552000000000000000e+09 8.480713459459304771e-01 7.902610806198595572e-01
1.554000000000000000e+09 8.450402588352970978e-01 7.903147531621959043e-01
1.556000000000000000e+09 8.501724181668225411e-01 7.936335666450206050e-01
1.558000000000000000e+09 8.468389028512045558e-01 7.924178971091839774e-01
1.560000000000000000e+09 8.464368595810700668e-01 7.918663798784764118e-01
1.562000000000000000e+09 8.504783108927456148e-01 7.931846535616298155e-01
1.564000000000000000e+09 8.485148780662201684e-01 7.903717909094605254e-01
1.566000000000000000e+09 8.499694628429511623e-01 7.917879973426914519e-01
1.568000000000000000e+09 8.529467378204445005e-01 7.898839917204605321e-01
1.570000000000000000e+09 8.520782434616658296e-01 7.888489244995262606e-01
1.572000000000000000e+09 8.559275507753455470e-01 7.917987512794867344e-01
1.574000000000000000e+09 8.540597337381824472e-01 7.920675403483327104e-01
1.576000000000000000e+09 8.500341830849440505e-01 7.891603934830756506e-01
1.578000000000000000e+09 8.495510039471422248e-01 7.907129594705939457e-01
1.580000000000000000e+09 8.500455757673262003e-01 7.897470230141875325e-01
1.582000000000000000e+09 8.535149895051670210e-01 7.896954574136435534e-01
1.584000000000000000e+09 8.554617716833390340e-01 7.883567886452073070e-01
1.586000000000000000e+09 8.561933534227570419e-01 7.867886600547601139e-01
1.588000000000000000e+09 8.597732318487312231e-01 7.864130171182263096e-01
1.590000000000000000e+09 8.598944787936376732e-01 7.873547613688406388e-01
1.592000000000000000e+09 8.601897000451335096e-01 7.879535325686750635e-01
1.594000000000000000e+09 8.575846033903349319e-01 7.895149898959643586e-01
1.596000000000000000e+09 8.543015555650174120e-01 7.909342356949701225e-01
1.598000000000000000e+09 8.469128615738845678e-01 7.934583140460151895e-01
1.600000000000000000e+09 8.412393072569170904e-01 7.967791421488514825e-01
1.602000000000000000e+09 8.354817941970437145e-01 7.971791162698156352e-01
1.604000000000000000e+09 8.326800164931558168e-01 8.015848721108559394e-01
1.606000000000000000e+09 8.310364493236412908e-01 8.027956547356497330e-01
1.608000000000000000e+09 8.290165152731046039e-01 8.031579288190102695e-01
1.610000000000000000e+09 8.291814367210237346e-01 8.030461729207959420e-01
1.612000000000000000e+09 8.296065999625177323e-01 8.038736138929901687e-01
1.614000000000000000e+09 8.329022731575440597e-01 8.042847442381665379e-01
1.616000000000000000e+09 8.387182241943766936e-01 8.050751304539457420e-01
1.618000000000000000e+09 8.402269392944934356e-01 7.998195230111555531e-01
1.620000000000000000e+09 8.415197138021089929e-01 7.980363526408488228e-01
1.622000000000000000e+09 8.496244970377956340e-01 7.974344845582942432e-01
1.624000000000000000e+09 8.511686101227919909e-01 7.926290038600338761e-01
1.626000000000000000e+09 8.545984811313138696e-01 7.919727769360205283e-01
1.628000000000000000e+09 8.524725800886666649e-01 7.897705152611528279e-01
1.630000000000000000e+09 8.523067856138043519e-01 7.876682666220221618e-01
1.632000000000000000e+09 8.556441286247059574e-01 7.895694919037234971e-01
1.634000000000000000e+09 8.574776676077910942e-01 7.905254375011826484e-01
1.636000000000000000e+09 8.554499229996572751e-01 7.900920350755084032e-01
1.638000000000000000e+09 8.576228510301521224e-01 7.893803909524833573e-01
1.640000000000000000e+09 8.578824566206352253e-01 7.907800150604219480e-01
1.642000000000000000e+09 8.548707069385359514e-01 7.864544288466579491e-01
1.644000000000000000e+09 8.574254945619576018e-01 7.860322015051930400e-01
1.646000000000000000e+09 8.592879858809863158e-01 7.849177927054290516e-01
1.648000000000000000e+09 8.586250544080905600e-01 7.843418333665941322e-01
1.650000000000000000e+09 8.636073102690061676e-01 7.836935486390124161e-01
1.652000000000000000e+09 8.668520235623660142e-01 7.834295244899311950e-01
1.654000000000000000e+09 8.649313948350708658e-01 7.819250338121972455e-01
1.656000000000000000e+09 8.645460750306847020e-01 7.809171220761734755e-01
1.658000000000000000e+09 8.621874659661729057e-01 7.805641507823394276e-01
1.660000000000000000e+09 8.650574877318821798e-01 7.799044839282252006e-01
1.662000000000000000e+09 8.677013283680061750e-01 7.809960016413369788e-01
1.664000000000000000e+09 8.702831524473858549e-01 7.808501888812967584e-01
1.666000000000000000e+09 8.680170516960868943e-01 7.808083402437200338e-01
1.668000000000000000e+09 8.696508182513211782e-01 7.802763045649488971e-01
1.670000000000000000e+09 8.709090065052257357e-01 7.819796859782729426e-01
1.672000000000000000e+09 8.711173385778411271e-01 7.798249893015185563e-01
1.674000000000000000e+09 8.712473747539005720e-01 7.781614907904620404e-01
1.676000000000000000e+09 8.701294195560916878e-01 7.769602104025405964e-01
1.678000000000000000e+09 8.713975123222493790e-01 7.772995110523491791e-01
1.680000000000000000e+09 8.734386255775603569e-01 7.796282755957353316e-01
1.682000000000000000e+09 8.724713305875171354e-01 7.778868302785829636e-01
1.684000000000000000e+09 8.723642950285164233e-01 7.795121472619249703e-01
1.686000000000000000e+09 8.701783410275866215e-01 7.777514411875705580e-01
1.688000000000000000e+09 8.692644026431631810e-01 7.775896085566131877e-01
1.690000000000000000e+09 8.702549843984664912e-01 7.796252740946907345e-01
1.692000000000000000e+09 8.693275722646238712e-01 7.793618018337868936e-01
1.694000000000000000e+09 8.704315698469495821e-01 7.792802273681674885e-01
1.696000000000000000e+09 8.719907007611608085e-01 7.792611381649044988e-01
1.698000000000000000e+09 8.709895590853693470e-01 7.775509018498418801e-01
1.700000000000000000e+09 8.721873060770891639e-01 7.781399659528598356e-01
1.702000000000000000e+09 8.757865906962531977e-01 7.788447756843456249e-01
1.704000000000000000e+09 8.715287595664352738e-01 7.768577619089825914e-01
1.706000000000000000e+09 8.736939904479310570e-01 7.760048728474990831e-01
1.708000000000000000e+09 8.758969986195126456e-01 7.772010102696536027e-01
1.710000000000000000e+09 8.744545442661824097e-01 7.768434445657251830e-01
1.712000000000000000e+09 8.731025707813285797e-01 7.766249668215778890e-01
1.714000000000000000e+09 8.765938450711551200e-01 7.785331109174093989e-01
1.716000000000000000e+09 8.739992154001353653e-01 7.761019953230803292e-01
1.718000000000000000e+09 8.702534968731998610e-01 7.739144145322676138e-01
1.720000000000000000e+09 8.712152684569596239e-01 7.745268692320278481e-01
1.722000000000000000e+09 8.731045157152650393e-01 7.750791658522354632e-01
1.724000000000000000e+09 8.749996516862295071e-01 7.746820815023366391e-01
1.726000000000000000e+09 8.736072930846524587e-01 7.751912468693835656e-01
1.728000000000000000e+09 8.706835607297852553e-01 7.746058717602333221e-01
1.730000000000000000e+09 8.730608597671238869e-01 7.750241845269248975e-01
1.732000000000000000e+09 8.720210026186199226e-01 7.758276930419312212e-01
1.734000000000000000e+09 8.742893106250760882e-01 7.750787413368411816e-01
1.736000000000000000e+09 8.757908017959861180e-01 7.770284133645490865e-01
1.738000000000000000e+09 8.766862939755964979e-01 7.760113807669006825e-01
1.740000000000000000e+09 8.766374653775641512e-01 7.769218193191054223e-01
1.742000000000000000e+09 8.740083304561997446e-01 7.762196584949697664e-01
1.744000000000000000e+09 8.731046942803529776e-01 7.736936793088882158e-01
1.746000000000000000e+09 8.754751899004798998e-01 7.755054511482895041e-01
1.748000000000000000e+09 8.770920390355426699e-01 7.761921602036329082e-01
1.750000000000000000e+09 8.719228884394127910e-01 7.742087921146231233e-01
