1.250000000000000000e+09 8.365025809168675774e-01 7.632424939235931127e-01
1.252000000000000000e+09 8.352089925932077996e-01 7.618685964029596747e-01
1.254000000000000000e+09 8.356713491110142611e-01 7.619366609928496237e-01
1.256000000000000000e+09 8.346983129639941046e-01 7.618078836353797678e-01
1.258000000000000000e+09 8.359145808083898732e-01 7.629807053890189650e-01
1.260000000000000000e+09 8.355038148545048671e-01 7.626350859565845797e-01
1.262000000000000000e+09 8.363514703561705232e-01 7.598487749529333479e-01
1.264000000000000000e+09 8.358008997890171710e-01 7.605226039451510323e-01
1.266000000000000000e+09 8.354067957857909121e-01 7.610600575102470788e-01
1.268000000000000000e+09 8.322375781032309572e-01 7.615050708892378006e-01
1.270000000000000000e+09 8.366894316517362595e-01 7.621343275306241560e-01
1.272000000000000000e+09 8.362790789580860640e-01 7.619460947611257362e-01
1.274000000000000000e+09 8.366109434335996520e-01 7.604181097083967389e-01
1.276000000000000000e+09 8.358715099705293916e-01 7.617706399434608366e-01
1.278000000000000000e+09 8.350529341049833798e-01 7.612894539660222115e-01
1.280000000000000000e+09 8.356592687538562103e-01 7.611085387399192381e-01
1.282000000000000000e+09 8.341186202363131130e-01 7.614921086823825958e-01
1.284000000000000000e+09 8.363020938616102518e-01 7.604554667508331978e-01
1.286000000000000000e+09 8.342073924347315206e-01 7.617559854952445919e-01
1.288000000000000000e+09 8.365292756274032016e-01 7.610144989415345007e-01
1.290000000000000000e+09 8.345034756397393672e-01 7.613058002145796088e-01
1.292000000000000000e+09 8.349375819544995192e-01 7.625582005118551887e-01
1.294000000000000000e+09 8.361317805500848577e-01 7.612429892977119472e-01
1.296000000000000000e+09 8.357993734971833621e-01 7.630468950692615993e-01
1.298000000000000000e+09 8.357803090817556013e-01 7.612118721267764343e-01
1.300000000000000000e+09 8.362141293371831985e-01 7.613511951986429160e-01
1.302000000000000000e+09 8.353190328338083726e-01 7.600265662385188303e-01
1.304000000000000000e+09 8.363266101136588304e-01 7.627357577399963562e-01
1.306000000000000000e+09 8.348299040632294332e-01 7.612925555047600490e-01
1.308000000000000000e+09 8.334497378723479954e-01 7.608131367564674452e-01
1.310000000000000000e+09 8.338423937429763066e-01 7.619136984907144416e-01
1.312000000000000000e+09 8.317980504450173118e-01 7.617855831857689441e-01
1.314000000000000000e+09 8.316466533116741999e-01 7.626488819111034712e-01
1.316000000000000000e+09 8.318224652118597628e-01 7.618164916485185012e-01
1.318000000000000000e+09 8.317189538245778335e-01 7.625997235542193442e-01
1.320000000000000000e+09 8.329052103747830449e-01 7.623958220212234682e-01
1.322000000000000000e+09 8.353080480522705464e-01 7.616690188005773576e-01
1.324000000000000000e+09 8.345144220916524969e-01 7.618660125710116082e-01
1.326000000000000000e+09 8.321198042533131112e-01 7.643021140763762711e-01
1.328000000000000000e+09 8.342500534517366395e-01 7.624428624106355246e-01
1.330000000000000000e+09 8.299730164346428296e-01 7.627641033044709751e-01
1.332000000000000000e+09 8.242658877952706575e-01 7.623077051385790393e-01
1.334000000000000000e+09 8.202987267247533465e-01 7.621372535551161898e-01
1.336000000000000000e+09 8.113967812546194480e-01 7.653648147826757064e-01
1.338000000000000000e+09 8.062051651421577869e-01 7.644722802887476965e-01
1.340000000000000000e+09 7.997282746065704773e-01 7.694149542306052414e-01
1.342000000000000000e+09 7.952507125543856192e-01 7.713199302226045884e-01
1.344000000000000000e+09 7.945519532179193822e-01 7.709799990687116189e-01
1.346000000000000000e+09 7.936979461795765634e-01 7.717285498697628032e-01
1.348000000000000000e+09 7.939883393991904459e-01 7.696440664742274507e-01
1.350000000000000000e+09 7.982181470623986863e-01 7.696922434643211908e-01
1.352000000000000000e+09 8.042280255314191439e-01 7.671509123306021749e-01
1.354000000000000000e+09 8.106020568683154348e-01 7.645294646977722763e-01
1.356000000000000000e+09 8.148827995312805106e-01 7.646614366592606737e-01
1.358000000000000000e+09 8.201668669324936323e-01 7.645664659565601928e-01
1.360000000000000000e+09 8.258777421677514496e-01 7.640541848992079554e-01
1.362000000000000000e+09 8.291052654625241658e-01 7.650543891420993337e-01
1.364000000000000000e+09 8.304406047873091889e-01 7.661459747854453273e-01
1.366000000000000000e+09 8.307477032818152418e-01 7.640969983354894968e-01
1.368000000000000000e+09 8.297617410812724303e-01 7.655385014473912175e-01
1.370000000000000000e+09 8.283223631549244681e-01 7.644142238454243454e-01
1.372000000000000000e+09 8.276188627577111268e-01 7.651639292921185165e-01
1.374000000000000000e+09 8.286212851289749270e-01 7.648054176662737458e-01
1.376000000000000000e+09 8.286374672144576348e-01 7.639215182140710603e-01
1.378000000000000000e+09 8.295019291033094433e-01 7.664450256162766983e-01
1.380000000000000000e+09 8.273545819899371656e-01 7.684602022195118343e-01
1.382000000000000000e+09 8.265997849049540047e-01 7.653514550984784615e-01
1.384000000000000000e+09 8.262168165487456806e-01 7.672181204386218090e-01
1.386000000000000000e+09 8.265903435089996254e-01 7.667438627154797848e-01
1.388000000000000000e+09 8.271253144720753792e-01 7.677189036450526860e-01
1.390000000000000000e+09 8.275220186230656250e-01 7.685180770123157812e-01
1.392000000000000000e+09 8.258321012063498667e-01 7.675986028653660753e-01
1.394000000000000000e+09 8.263007213592210576e-01 7.673843460732923116e-01
1.396000000000000000e+09 8.260232264449148820e-01 7.668428501849898771e-01
1.398000000000000000e+09 8.271770176253939733e-01 7.671801526794161941e-01
1.400000000000000000e+09 8.267026256939169482e-01 7.687520268259944167e-01
1.402000000000000000e+09 8.226377986132058506e-01 7.709416435629717901e-01
1.404000000000000000e+09 8.201058647719376982e-01 7.723557788153199155e-01
1.406000000000000000e+09 8.185843677083903813e-01 7.740688893192623210e-01
1.408000000000000000e+09 8.187951387869483177e-01 7.750141517559259174e-01
1.410000000000000000e+09 8.176608873335534655e-01 7.749871675178641173e-01
1.412000000000000000e+09 8.149199325888171197e-01 7.754874477210464967e-01
1.414000000000000000e+09 8.162707267824600432e-01 7.765097164126044671e-01
1.416000000000000000e+09 8.190654946277836634e-01 7.739348502796010720e-01
1.418000000000000000e+09 8.183585583555952336e-01 7.742227209919877451e-01
1.420000000000000000e+09 8.202469435744349502e-01 7.726365939512153114e-01
1.422000000000000000e+09 8.228622729814658587e-01 7.704898513901381474e-01
1.424000000000000000e+09 8.235978059986793776e-01 7.700599692122083173e-01
1.426000000000000000e+09 8.264327812744860502e-01 7.689495180898424653e-01
1.428000000000000000e+09 8.264893858539188454e-01 7.681397624274657332e-01
1.430000000000000000e+09 8.263166367144352265e-01 7.676467347764525107e-01
1.432000000000000000e+09 8.251126614444685980e-01 7.676492372496875882e-01
1.434000000000000000e+09 8.234208653569916603e-01 7.697669770888391216e-01
1.436000000000000000e+09 8.220189306590794942e-01 7.724518006679743642e-01
1.438000000000000000e+09 8.200244181759843709e-01 7.745878981341495217e-01
1.440000000000000000e+09 8.158877593201526723e-01 7.748774234177672193e-01
1.442000000000000000e+09 8.154381336549993975e-01 7.764834870567908220e-01
1.444000000000000000e+09 8.141218251363152580e-01 7.759221975783103797e-01
1.446000000000000000e+09 8.153763024747313626e-01 7.757557980925379182e-01
1.448000000000000000e+09 8.166472110517569716e-01 7.756581086069781472e-01
1.450000000000000000e+09 8.181065371513592810e-01 7.748001970854746512e-01
1.452000000000000000e+09 8.181937070287446101e-01 7.731953005298825010e-01
1.454000000000000000e+09 8.222308338029180597e-01 7.723960700946905789e-01
1.456000000000000000e+09 8.245583293167084715e-01 7.713157152086063117e-01
1.458000000000000000e+09 8.234418351445870199e-01 7.717943212575590906e-01
1.460000000000000000e+09 8.231142202484909021e-01 7.715427457609180806e-01
1.462000000000000000e+09 8.230794144658766243e-01 7.731611923075796255e-01
1.464000000000000000e+09 8.208256448263824279e-01 7.733813332036322263e-01
1.466000000000000000e+09 8.185477523205344497e-01 7.739232613227200464e-01
1.468000000000000000e+09 8.178465899185498600e-01 7.761621822976578766e-01
1.470000000000000000e+09 8.157605242107014432e-01 7.766784838797368140e-01
1.472000000000000000e+09 8.153899871082100903e-01 7.775364089613306939e-01
1.474000000000000000e+09 8.144547559563702910e-01 7.764351645666168755e-01
1.476000000000000000e+09 8.153260156802847325e-01 7.759901563655744461e-01
1.478000000000000000e+09 8.168674042009359537e-01 7.765310765036808061e-01
1.480000000000000000e+09 8.175648813799955006e-01 7.758233959080884645e-01
1.482000000000000000e+09 8.175240749052198330e-01 7.753846666071712024e-01
1.484000000000000000e+09 8.179166247933160605e-01 7.753761101991533122e-01
1.486000000000000000e+09 8.181153138380862222e-01 7.758268524288916002e-01
1.488000000000000000e+09 8.190817304358624096e-01 7.766589251475359834e-01
1.490000000000000000e+09 8.174680549993593726e-01 7.768139336908100878e-01
1.492000000000000000e+09 8.137100178630445324e-01 7.772996540478575023e-01
1.494000000000000000e+09 8.149614934350845052e-01 7.794835726006749121e-01
1.496000000000000000e+09 8.146896835281919325e-01 7.807811606401583449e-01
1.498000000000000000e+09 8.144076562234501271e-01 7.786880421673814112e-01
1.500000000000000000e+09 8.153572015585142108e-01 7.774734396652078772e-01
1.502000000000000000e+09 8.165332371288830382e-01 7.761766824569936718e-01
1.504000000000000000e+09 8.182668610707591883e-01 7.744170405023147463e-01
1.506000000000000000e+09 8.193480750394651624e-01 7.735147857014131878e-01
1.508000000000000000e+09 8.227813598675405293e-01 7.726514926547517481e-01
1.510000000000000000e+09 8.222859244953193425e-01 7.723088415763825765e-01
1.512000000000000000e+09 8.209245017661540578e-01 7.739613088993702039e-01
1.514000000000000000e+09 8.189690322187898053e-01 7.750495651128199714e-01
1.516000000000000000e+09 8.145309744774016369e-01 7.762899674243732839e-01
1.518000000000000000e+09 8.116150820277153732e-01 7.821439749811902598e-01
1.520000000000000000e+09 8.097795091766183395e-01 7.832323779258312246e-01
1.522000000000000000e+09 8.071815868163990659e-01 7.847791280001695791e-01
1.524000000000000000e+09 8.056807920875893592e-01 7.853424932426212868e-01
1.526000000000000000e+09 8.065232049166281003e-01 7.851184018604391301e-01
1.528000000000000000e+09 8.064400416938636296e-01 7.861451388573466037e-01
1.530000000000000000e+09 8.058783058765335294e-01 7.844876078481801684e-01
1.532000000000000000e+09 8.074693179911505148e-01 7.843027605895900312e-01
1.534000000000000000e+09 8.098312366197700785e-01 7.810710865385414037e-01
1.536000000000000000e+09 8.140147525682882579e-01 7.807197768097852153e-01
1.538000000000000000e+09 8.174764665758458282e-01 7.771108965809238045e-01
1.540000000000000000e+09 8.186514691084314510e-01 7.733747030883267870e-01
1.542000000000000000e+09 8.210152868187686748e-01 7.722863209393708850e-01
1.544000000000000000e+09 8.218182914608630485e-01 7.718900633668913658e-01
1.546000000000000000e+09 8.230992311015700169e-01 7.730228702564190257e-01
1.548000000000000000e+09 8.220513417379199383e-01 7.722995144581401572e-01
1.550000000000000000e+09 8.219263702316226272e-01 7.740897053635238390e-01
1.552000000000000000e+09 8.194151135745793013e-01 7.733877524160077677e-01
1.554000000000000000e+09 8.210423099887155240e-01 7.738400205909883312e-01
1.556000000000000000e+09 8.196651109259172063e-01 7.752490486179306473e-01
1.558000000000000000e+09 8.189345994821033425e-01 7.758059696688098805e-01
1.560000000000000000e+09 8.204384986513718614e-01 7.751568367243025781e-01
1.562000000000000000e+09 8.183901273428423329e-01 7.746407460821865820e-01
1.564000000000000000e+09 8.188972262457732132e-01 7.735679559471545508e-01
1.566000000000000000e+09 8.194402568135605858e-01 7.749834313933541274e-01
1.568000000000000000e+09 8.204234421592969673e-01 7.751113949059668107e-01
1.570000000000000000e+09 8.217362619408637991e-01 7.738398688630235833e-01
1.572000000000000000e+09 8.211275785209224409e-01 7.729163132376497547e-01
1.574000000000000000e+09 8.225894026839751794e-01 7.747182096978454391e-01
1.576000000000000000e+09 8.220027779354319719e-01 7.743331119283580755e-01
1.578000000000000000e+09 8.205286711249560883e-01 7.742045587561231512e-01
1.580000000000000000e+09 8.207223344132524856e-01 7.748477707056568020e-01
1.582000000000000000e+09 8.208020967127864775e-01 7.742429385160444211e-01
1.584000000000000000e+09 8.201147023016009951e-01 7.732026883045977073e-01
1.586000000000000000e+09 8.224476147915831259e-01 7.716637685992330242e-01
1.588000000000000000e+09 8.210726762861005890e-01 7.716665633646238032e-01
1.590000000000000000e+09 8.248427228358424790e-01 7.701499628827387367e-01
1.592000000000000000e+09 8.242364295271720209e-01 7.713729047440759379e-01
1.594000000000000000e+09 8.250716061298165593e-01 7.702438750862289352e-01
1.596000000000000000e+09 8.252704052368671217e-01 7.703338733633801061e-01
1.598000000000000000e+09 8.220297856067960707e-01 7.730184113640466981e-01
1.600000000000000000e+09 8.196748136157909759e-01 7.752747023125526882e-01
1.602000000000000000e+09 8.170902281269870615e-01 7.790676799271755160e-01
1.604000000000000000e+09 8.120613388407769140e-01 7.799894235243763907e-01
1.606000000000000000e+09 8.095935417257743572e-01 7.824336691752966644e-01
1.608000000000000000e+09 8.081893548595819876e-01 7.856485407827623613e-01
1.610000000000000000e+09 8.059509024477312655e-01 7.859772816851086086e-01
1.612000000000000000e+09 8.068117295946237721e-01 7.868762664460301481e-01
1.614000000000000000e+09 8.083653033520962206e-01 7.879934252107713144e-01
1.616000000000000000e+09 8.083146044731428503e-01 7.860599768790081932e-01
1.618000000000000000e+09 8.081822675900932618e-01 7.840460054859402783e-01
1.620000000000000000e+09 8.099769810394319425e-01 7.823816561273754244e-01
1.622000000000000000e+09 8.121082615347826605e-01 7.799575844636107425e-01
1.624000000000000000e+09 8.164572569793739909e-01 7.784724953771622324e-01
1.626000000000000000e+09 8.176225995668489066e-01 7.758290809673492605e-01
1.628000000000000000e+09 8.200353892968005320e-01 7.739549634471183381e-01
1.630000000000000000e+09 8.194966361062845372e-01 7.728934171625064797e-01
1.632000000000000000e+09 8.194435502860371034e-01 7.727341350413559073e-01
1.634000000000000000e+09 8.226141363384368299e-01 7.710701798975727606e-01
1.636000000000000000e+09 8.233219496447533592e-01 7.708494240619326865e-01
1.638000000000000000e+09 8.219028220167500232e-01 7.725369998385014370e-01
1.640000000000000000e+09 8.223231175965339812e-01 7.724136032293461573e-01
1.642000000000000000e+09 8.240773497084676880e-01 7.734491465391019061e-01
1.644000000000000000e+09 8.249799368992084547e-01 7.706421036862541873e-01
1.646000000000000000e+09 8.241592616085582357e-01 7.688149299096588285e-01
1.648000000000000000e+09 8.266228703379555620e-01 7.682721374537655468e-01
1.650000000000000000e+09 8.260271568170215462e-01 7.684719075166135394e-01
1.652000000000000000e+09 8.264711765819657829e-01 7.658536573601517627e-01
1.654000000000000000e+09 8.274629311024386258e-01 7.665539112550745493e-01
1.656000000000000000e+09 8.290225635482981748e-01 7.665323941588210177e-01
1.658000000000000000e+09 8.296372856114699879e-01 7.665262389634358575e-01
1.660000000000000000e+09 8.288972501244192825e-01 7.666447779038387811e-01
1.662000000000000000e+09 8.312435693052693253e-01 7.664820664214984092e-01
1.664000000000000000e+09 8.311313785916166763e-01 7.654139252978001684e-01
1.666000000000000000e+09 8.296396082934788252e-01 7.664569023472497244e-01
1.668000000000000000e+09 8.313415152837290156e-01 7.674792493448088226e-01
1.670000000000000000e+09 8.305318681307705120e-01 7.646068924767690511e-01
1.672000000000000000e+09 8.310707446189654624e-01 7.638768007555192252e-01
1.674000000000000000e+09 8.293404022484787141e-01 7.657902963044637135e-01
1.676000000000000000e+09 8.322020695791113587e-01 7.642265243824420962e-01
1.678000000000000000e+09 8.339988565669612663e-01 7.641902335905910171e-01
1.680000000000000000e+09 8.333067319356867175e-01 7.650324927556633181e-01
1.682000000000000000e+09 8.336893943661510820e-01 7.632200505076635055e-01
1.684000000000000000e+09 8.361384158805206246e-01 7.633719622546948358e-01
1.686000000000000000e+09 8.353202646425328393e-01 7.629109693197054787e-01
1.688000000000000000e+09 8.338307856383201377e-01 7.643232530165953165e-01
1.690000000000000000e+09 8.330370524540081645e-01 7.639213045339735553e-01
1.692000000000000000e+09 8.323246766904018878e-01 7.641332464223806742e-01
1.694000000000000000e+09 8.324675466506737953e-01 7.631586517409887360e-01
1.696000000000000000e+09 8.350567293476406361e-01 7.632782752620589362e-01
1.698000000000000000e+09 8.331943169352575840e-01 7.648196873799880668e-01
1.700000000000000000e+09 8.340675061541839019e-01 7.647087230309395078e-01
1.702000000000000000e+09 8.361226388750656602e-01 7.625746289743802198e-01
1.704000000000000000e+09 8.352868724066068173e-01 7.619703624606535275e-01
1.706000000000000000e+09 8.364728150553940589e-01 7.620466213113280540e-01
1.708000000000000000e+09 8.366492114150660964e-01 7.615645197355671581e-01
1.710000000000000000e+09 8.335216029142011873e-01 7.611115853291535727e-01
1.712000000000000000e+09 8.334181753933681547e-01 7.625398924488470120e-01
1.714000000000000000e+09 8.370580883001023098e-01 7.608318001481749748e-01
1.716000000000000000e+09 8.371128677986835465e-01 7.628584818122595701e-01
1.718000000000000000e+09 8.361908862742304382e-01 7.629216580487749866e-01
1.720000000000000000e+09 8.378184849218981434e-01 7.611956809759923281e-01
1.722000000000000000e+09 8.347721435931289014e-01 7.614571968760420750e-01
1.724000000000000000e+09 8.361175538293873499e-01 7.612507492819572397e-01
1.726000000000000000e+09 8.370313940243887529e-01 7.608203248595772905e-01
1.728000000000000000e+09 8.357704697680820027e-01 7.625199352239530048e-01
1.730000000000000000e+09 8.359068860955755076e-01 7.612288392998897146e-01
1.732000000000000000e+09 8.373486865663273271e-01 7.625079795282861950e-01
1.734000000000000000e+09 8.363252384244242998e-01 7.607964049572006893e-01
1.736000000000000000e+09 8.372617993989324159e-01 7.622231206262389813e-01
1.738000000000000000e+09 8.362446108984334936e-01 7.611943649633827746e-01
1.740000000000000000e+09 8.357447374998359102e-01 7.615953009680674901e-01
1.742000000000000000e+09 8.358985715225765167e-01 7.612640073230190207e-01
1.744000000000000000e+09 8.393150543100001970e-01 7.602354472362143900e-01
1.746000000000000000e+09 8.387162342227137968e-01 7.610608787046823087e-01
1.748000000000000000e+09 8.361709956136510469e-01 7.627409821215733743e-01
1.750000000000000000e+09 8.363824479206132256e-01 7.620136241506900721e-01
