8.430532230494766077e-01
8.265061241145722493e-01
8.198680345760465116e-01
8.456296377359971972e-01
8.626561482904102629e-01
8.801131413892472333e-01
8.930212472379294164e-01
9.163771399497072645e-01
9.413012753801914823e-01
9.428470631955369052e-01
9.332984971788361728e-01
9.247834875121628828e-01
9.084599467746129475e-01
8.972189522715090515e-01
8.749024272344441133e-01
8.661084368761226004e-01
8.489545582957930270e-01
8.386124493164034410e-01
8.290843237913484431e-01
8.192676416551218921e-01
8.274228678235057144e-01
8.421167102250713965e-01
8.608506554162677071e-01
8.881042719800188445e-01
9.145140280797622312e-01
9.353613140676196869e-01
9.387913190705158284e-01
9.376197551780658390e-01
9.109194221374552480e-01
8.996689594249278610e-01
8.741008525145762542e-01
8.529117146790347048e-01
8.345204866188465909e-01
8.215633547847910334e-01
8.355107181404626271e-01
8.497432953557331192e-01
8.692551153735611491e-01
9.036979982769344222e-01
9.177311651352139110e-01
9.352829929300705558e-01
