8.642166476907154893e-01
8.583132566951180431e-01
8.845931191704238250e-01
8.792497738482893954e-01
8.741005945893585150e-01
8.739404884308594745e-01
8.979491365044849349e-01
9.033472734091014811e-01
9.247370649341725146e-01
9.534165630150474025e-01
9.560253278041352942e-01
9.732675220271810312e-01
9.554335484391736077e-01
9.491510094047282964e-01
9.341079245881223070e-01
9.111646263235277932e-01
9.049789176621380049e-01
8.805380848325838894e-01
8.747297526945565505e-01
8.741348361080151230e-01
8.738149439220431747e-01
8.896171871198008674e-01
9.066557809207680396e-01
9.198055562106761673e-01
9.441620668506480740e-01
9.492485988993738522e-01
9.599357389237272997e-01
9.627934845493433258e-01
9.562697658851113669e-01
9.379118941470032667e-01
9.172610443214973541e-01
9.011781109498760989e-01
8.814577393871868560e-01
8.803935918290343166e-01
8.709986750670630773e-01
8.747591271103818400e-01
8.944404886802741483e-01
9.102120216019938814e-01
9.277158783220826876e-01
9.349772761282854061e-01
9.658427671262744818e-01
