5.912820217177925386e+00
1.214738801741113289e-01
1.446609267758939832e-01
4.267600914708435250e-02
6.794496303305554152e-02
1.032238253397396721e-01
2.469588151828005021e-02
2.322824765976152367e-02
5.355830755032464641e-02
8.374389710660468111e-02
9.896977164638616487e-02
7.221729511961508252e-02
1.503716670260795644e-03
5.093379503160731792e-02
4.335717637795063334e-02
8.294525159360570388e-02
5.603143893566658179e-02
3.392892187502873080e-02
6.922364119521091930e-02
5.499522824873528948e-02
1.498108055965087157e-02
1.048518610410388227e-02
7.295779989915637809e-02
6.764928531337863205e-02
7.667210080145779594e-02
3.536295534871835428e-02
1.086624548739664603e-01
1.762689988392185381e-02
3.943343294600122617e-02
6.605888426466278995e-02
8.583952730862393077e-02
5.812505621951546270e-02
1.207041856352933651e-01
8.240923999561675095e-02
1.498841518858302635e-01
1.039756914728411363e-01
1.373825740362433212e-01
1.780897210195533931e-02
2.023529162283815297e-01
4.460525537791152489e-02
6.239765600169958071e-02
3.384165210390331635e-02
4.893791650653233488e-02
4.478274843592842253e-02
9.323627996349266589e-02
1.047411334953377987e-01
5.264723780592953789e-02
9.756001426765008311e-02
9.659934542216680464e-02
7.250462768567748906e-02
6.889084313221022216e-02
5.698304095200304453e-02
9.007090056156076552e-02
1.765123772988467371e-02
1.119696187838579576e-01
7.493053969009857984e-02
1.374525396058043913e-01
4.315958094180660093e-02
8.469038567764355929e-02
1.876826622144256718e-01
8.375989506552929120e-02
5.756510738699981838e-02
1.070263681852883925e-01
5.347771305678764020e-02
4.040261091087005152e-02
6.574486582688998659e-02
2.050452009768344644e-02
1.181768904440838736e-01
1.235638394843122934e-01
7.587786106744566494e-02
7.739768346070517724e-02
1.299584341446309577e-01
1.167780931153938190e-01
3.426478563627615576e-02
1.537029422447565574e-01
1.022564743547921123e-01
6.305070771504674154e-02
7.524179899524040260e-02
1.345306559420328674e-01
5.391750998653816601e-02
8.553166970491563048e-02
3.350764495185737379e-02
9.611160445781288808e-02
4.255130560753015573e-02
5.778317139455332874e-02
6.772577853158814887e-02
5.564463067375601674e-02
9.137743006564892634e-02
6.335450533561373665e-02
7.646942000821035923e-02
5.051771998723035562e-02
1.953403153803170145e-01
1.016714839802901893e-01
1.598035837464106476e-02
9.786811086991117903e-02
5.178519927894073560e-02
4.267085357830663339e-02
6.025232432436228303e-02
7.051186936153414075e-02
1.499285618461701775e-01
7.086257043562163571e-02
5.669182861086801556e-02
6.158112056474646101e-02
6.263756359180540356e-02
6.214583518351694119e-02
1.170202897086471683e-01
1.324854116636002554e-01
7.937794429864500345e-02
5.917985794742215006e-02
3.859941052675416179e-02
8.854705125093791096e-02
1.967667108365544690e-02
1.367062812757994794e-01
1.219531089238888449e-01
4.547885284482506771e-03
1.696501595960893949e-01
9.153137572005737299e-02
6.264636393186445718e-02
1.846062639711169295e-01
5.648946071409303993e-02
5.078041683513832838e-02
8.598417368942862238e-02
5.088252736977089130e-02
1.859751824345594606e-01
5.645408546440196240e-02
5.274130859348012679e-02
5.145434301298484198e-02
5.250922664952741709e-02
1.120685477971407468e-01
8.569824548328443259e-02
8.533754681901729866e-02
6.931318218087292871e-02
2.354933470869976023e-02
5.344549206509578709e-02
9.919621869634598355e-02
6.599746914335401227e-02
1.279162344615169811e-01
4.976162997951295158e-02
6.783161831869882752e-02
8.216296048791658924e-02
9.895965281855102769e-02
6.930914696400025665e-02
6.000806061470486535e-02
3.108809390035910739e-02
1.110658882017486887e-01
1.738117325366944285e-02
1.225097097248427913e-01
1.608256870614211964e-01
7.705577343071319529e-02
1.101692525404253387e-01
2.833232159453044283e-02
7.262095133578702622e-02
6.186646624683950907e-02
7.819454158009228606e-02
1.015845868049303352e-01
4.896039351409911533e-02
1.027726442242811733e-01
1.065654081024299676e-01
8.933984522241500414e-02
1.914222731023713930e-02
9.062920634132788644e-02
4.784647984815538352e-02
1.497449352492192798e-01
6.300776109869567210e-02
1.003984175096454406e-01
8.745056197554726407e-02
1.375665697072437077e-01
7.432737793590155073e-02
4.641223473902994501e-02
7.696520971864698191e-02
1.405238896745835131e-01
5.333974360610219123e-02
8.263602421404377119e-02
2.194758806005904159e-02
9.543606048210659387e-02
9.878163115107715941e-02
1.300025182322352979e-01
5.022162000833295392e-02
4.641397870683600796e-02
1.575108334876679228e-01
4.123039018444869981e-03
2.180568070848251661e-01
8.192565331586323940e-02
2.827784966196558378e-02
1.281435636567489489e-01
1.031121107070724630e-01
8.094536038576655157e-02
6.541762159971598045e-02
1.335787509116911909e-01
1.046802910802017289e-01
8.180629000747775825e-02
1.004569910296549407e-01
8.674669953241215259e-02
6.587501934342185339e-02
4.730295318680226291e-02
2.163950975107787819e-02
1.524312152156206621e-02
2.568750281001364391e-02
8.825606920514045273e-02
5.789694324141515108e-02
9.091462763139783465e-02
4.642274667910704922e-02
1.030488830709837822e-01
4.092715300106283122e-02
9.493180704811067516e-03
4.316346646185465624e-02
1.317435524098184985e-01
5.255756778997230233e-02
8.755226867590475137e-02
5.169193994392829589e-02
2.871920883111022879e-02
2.042802955422837463e-01
2.765761429248565426e-02
6.890098429102048394e-02
1.854871809861587950e-01
1.168619859804259642e-01
2.075704319201661929e-01
1.144280463179923740e-01
1.377096786674915085e-01
1.636495307456705545e-02
8.251891073891431949e-02
8.065522414051323752e-02
1.077703353408078213e-01
6.341466864548429838e-02
4.261452397661163322e-02
3.825576539392656905e-02
8.659260611380154016e-02
8.787174036262107579e-02
7.567938715051328313e-02
8.213942187874348488e-02
2.348461547689917675e-02
8.319175205197916478e-02
1.065963502370351063e-01
7.697494772867746748e-02
1.274911697173221337e-01
1.056123551255257337e-01
4.093504823537287562e-02
1.329471726203696087e-02
1.318905113721991207e-01
1.132979534650812303e-01
4.194887753591131779e-02
2.280930212165396820e-02
1.230406815993990571e-01
1.964924152403399807e-02
1.045592880567708799e-01
2.082680159465364125e-02
9.174467148864770549e-02
7.512498019903719737e-02
1.117611679005848235e-01
8.604608992183748750e-02
8.804091075195491500e-02
6.028379171897765149e-02
1.003513243055623033e-01
7.402618133959547320e-02
4.360158685870553497e-02
8.088202426977145199e-02
2.103221535583327945e-02
7.016648386519697134e-02
8.928036899628249978e-02
4.648879197664011753e-02
6.064131204532511449e-02
1.036776294949195987e-01
8.223248862960812200e-02
1.942447837737546201e-01
8.949481142210090334e-02
3.412001456741209360e-02
9.713746223238944877e-02
5.392111131599117840e-02
8.725707927406325948e-02
1.017326471835080792e-01
5.800219468719645943e-02
9.863533014519114406e-02
1.353291531174386220e-01
7.238697134478400130e-02
4.887131290830256519e-02
3.924469584143056716e-02
6.436016015794635003e-02
1.022347533297121164e-01
1.208246085040545620e-01
5.628481650878565390e-02
1.585626277824538355e-01
5.947944324951565803e-02
4.595141430092668233e-02
5.892846303688337173e-02
3.684733236195669726e-02
9.127693245799138599e-02
9.051468399179128654e-02
9.468596688515444615e-02
1.110698872087377553e-01
3.071282280215206079e-02
8.589605387254098390e-02
4.055977687512101609e-02
9.963124555641174329e-02
1.013183421963216868e-01
1.060681766378387403e-01
1.892515433811879991e-02
1.078006643691271499e-01
6.871548992947652812e-03
6.966774930699351498e-02
7.045605430484890019e-02
4.935131358352082970e-02
2.205139201787888886e-02
5.118118628158900563e-02
1.577680085730989723e-01
5.826222569115306615e-02
1.012280611193552560e-01
9.369293532538665314e-02
3.083468001445824683e-02
7.331279118914779680e-02
1.017482153052201854e-01
5.418792486062805336e-02
1.235322933708460635e-01
1.641355151546443625e-01
8.880198496634689187e-02
1.175810924060890217e-01
3.984193698367879954e-02
1.770329761006258773e-01
3.660668515004937562e-02
6.265738476623422537e-02
1.107267668237203045e-01
1.198078654228021261e-01
5.450864643864746645e-02
1.058736979547100499e-01
7.335389805911124439e-02
9.477405680114643627e-02
1.250113921160152242e-01
8.569123333322078984e-02
5.916416339971297678e-02
1.642359334204711863e-01
9.519230415225671260e-02
3.111546034031784785e-02
7.528440212363735062e-02
9.617702996546625277e-03
4.758347312558838804e-02
1.452676421820975339e-01
7.595713510366143562e-02
6.990624562167496725e-02
2.094194740452489864e-02
2.967388806963775633e-02
5.886938341719895329e-02
8.177367228321087700e-02
1.385604480544512240e-01
6.539665037453115670e-02
1.940308025828046123e-01
4.154060785515933940e-02
2.842268776717549530e-02
4.438905031370950216e-02
6.681852497896316467e-02
1.127808990316706561e-01
1.244826930416706584e-01
4.520081308839860035e-02
1.480394818673193280e-01
9.830650442232502506e-02
9.830763733721162301e-02
9.263719705540650329e-02
1.452054732552905680e-01
7.848838110057124173e-02
1.605614152917315685e-01
5.405872881369986477e-03
5.177529507695161071e-02
1.003292225019221523e-01
3.649914844500561778e-02
4.588381426782690842e-02
1.320530011821588745e-01
5.206196797169965890e-02
9.324752107526343425e-02
4.148330353550198912e-02
3.618940191016247615e-02
3.193781343204474266e-02
4.088038752438898776e-02
3.704124227746061204e-02
5.426009874484585827e-02
1.632548865560925488e-01
1.111102605033994911e-01
2.416750496614963883e-02
1.191343684421354160e-01
7.829609502437000212e-02
1.186266284332098686e-01
1.751508725360891583e-01
9.229407587526150536e-02
2.607975596419413733e-02
8.529475543504048962e-02
1.418149372988100898e-01
1.234388561293357917e-01
1.180323998354120829e-01
1.191474967283723124e-01
6.906172126664605893e-02
7.225905511529889802e-02
5.074019007916959895e-02
1.110713529481687500e-01
9.931315187588173055e-02
1.356576745998663291e-01
6.186880233883363528e-02
9.403041536531425715e-02
1.080438574467488567e-02
1.097765447809095629e-01
1.214677870287101530e-01
1.015429162200836566e-01
1.378223666569354799e-01
2.387189768604290052e-01
1.672833832307733526e-01
3.516731294241598471e-02
1.343851525647726253e-01
4.007939604353363133e-02
8.978169944790928558e-02
5.628189542629600389e-02
1.549576253950681326e-01
4.866940300472676062e-02
1.203525923307080386e-01
7.998213617289508248e-02
6.707800847731883176e-02
1.231146841482316096e-01
1.151733162389621118e-01
1.082930381980371226e-01
1.164666039881680354e-01
1.095579544054463006e-01
7.606610827608711878e-02
6.151393066822952171e-02
7.486999468415866943e-02
3.791623067278387244e-02
9.804665608033181698e-03
1.589415607489326129e-02
5.929497192366097597e-02
8.291075538129402678e-02
1.106243343343251834e-01
1.034907678192330954e-01
4.101816694013454834e-02
8.831201260285977128e-03
4.145488777736758279e-02
1.753373524519422078e-01
1.094103277771290711e-01
6.799013857933890181e-02
1.402160837074545308e-01
4.631997751208762754e-02
3.530491821378624329e-02
1.084217088389797246e-01
3.717666245286602167e-02
5.898701410869533479e-02
6.899824866135337298e-02
1.326636742787528911e-01
3.706519599513325575e-02
1.600995732742318822e-01
5.284839507866905678e-02
1.219904328510226510e-01
6.840315556431798838e-02
1.762829130383600229e-01
6.231752718011517728e-02
1.692427350904258665e-01
8.721569355232847154e-02
8.408823805266706086e-02
1.047953008765411809e-01
1.441123378963089230e-01
6.609769904943402219e-02
1.987692048587456906e-02
1.283787154435039601e-01
1.079984489010479276e-01
1.732071851062233769e-01
5.146927749304290589e-02
5.131371061233996195e-02
1.840685190184987441e-02
1.793891145293314837e-01
5.569048038870108575e-02
9.416520476765327663e-02
2.990300059826189738e-02
3.746376831549750978e-03
1.409792827994691966e-01
1.587723110353794209e-01
6.722710017396665849e-02
8.299082874832929002e-02
1.723973054876497268e-01
1.877740380924458607e-02
1.047171413035346277e-01
2.837598647724449627e-02
3.524818073752020164e-02
5.722379926129295136e-02
1.807680799600156207e-01
3.659914608063920272e-02
5.081384542300522444e-02
2.693494616442185935e-02
4.491490116148341011e-02
1.501642853808302924e-01
1.288875055144987070e-01
1.227888950863590956e-01
5.370805986266820320e-02
6.570376778267157658e-02
1.067479642413582813e-01
5.458197615633042510e-02
7.432104946218813513e-02
6.237287992399489361e-02
5.647085342736986313e-02
1.738063633684209797e-01
1.548467086692343897e-01
1.167560544758020208e-01
1.491738366967862717e-01
6.706676555783351590e-02
1.236795397351396486e-01
9.766162392934769898e-02
1.036723561780498182e-01
1.279975310901584062e-01
3.377056805590611388e-02
1.903597367381567318e-01
1.121133192145565977e-01
9.252473055993380713e-02
6.121632310940067212e-02
7.415137314027968329e-02
7.550234479934779530e-02
2.214665004010010763e-02
1.141377570869543667e-01
3.832424628113983295e-02
5.676788075117810556e-02
2.994847043771416834e-02
6.402477075467306877e-02
6.489053052886181727e-02
1.201593947334148871e-01
2.880598872594219428e-01
8.772815445446979776e-02
5.555114404913441550e-02
8.911135123403657321e-02
1.667753436631715935e-01
2.036748730392279605e-01
1.761681818467665805e-01
4.648153879556087692e-02
1.475787917055985110e-01
1.602885033637252987e-01
2.017342548838745309e-01
2.280675489729532823e-01
2.082029774462055560e-01
1.137012812289177888e-01
1.998868348891608138e-01
1.054734693554212344e-01
1.187562486658907124e-01
2.179280272671344776e-01
2.428974088602768588e-01
8.323147586407202148e-02
2.138192494641581384e-02
1.024983281922518669e-01
6.919647546078594447e-02
7.498627180518797897e-02
3.300074200840655975e-02
8.819811244671921235e-02
4.130463686390949130e-02
7.039218609973076080e-02
8.195797166125434741e-02
1.092439148172301422e-01
1.526179378702178790e-01
7.378254439200923609e-02
1.048633069047473082e-01
1.127512643898093553e-01
1.027352308174902529e-01
7.540023983308742628e-02
9.193505442523548787e-02
1.043330305222157778e-01
1.733144358028810839e-01
3.009725821433935633e-01
7.199324028163617273e-02
1.669068934589214848e-01
6.487891588956779150e-03
1.473408501140914539e-01
8.354467640069078438e-02
1.912803906943967291e-01
2.897631135102442246e-02
1.032089414344017492e-01
2.837464929016124127e-01
1.303655019317772890e-01
5.988644078072562216e-02
2.361565170818560044e-01
1.831154693685977108e-01
1.300498547183088216e-01
2.149665963762744658e-01
4.954649607638752368e-02
1.749123481510440337e-01
2.231266726493866606e-02
1.299355738286698814e-01
4.033047413663529146e-02
4.727396169844530482e-02
1.056593584882204728e-01
3.715278488762772252e-02
2.507845569543326603e-02
6.107122902617481697e-02
2.186164214082265619e-02
8.191807194293496130e-02
1.003974489377956608e-01
3.820153573752188298e-03
1.813925568103901542e-01
7.224469870097487145e-02
3.784773540802973540e-02
1.154293614307282945e-01
6.687752092741917898e-02
2.217814201617841763e-01
1.865003074289332263e-01
1.410716427943488893e-01
5.753802580121941679e-02
1.662893125256896254e-01
5.574429649050174213e-02
6.069231272339237204e-02
9.588323805731870098e-02
8.852415313356389037e-02
8.023043244384675532e-02
6.449813207128603232e-02
8.684355321496664559e-02
1.131939590094357267e-01
1.442124368486493169e-01
1.407800082034016131e-01
1.398665347853638441e-01
7.334694725436896601e-02
6.729308091689699400e-02
7.070108079144669933e-02
2.077080998756658525e-01
1.457259831132498573e-01
6.836060779201520721e-02
1.875769274015132992e-01
1.508063897418691346e-01
2.132072191911935088e-01
6.293841463802390956e-02
8.265738969682646931e-02
6.471419639281243696e-02
2.800822433885063675e-02
2.257139090057734554e-01
1.574225689468003730e-01
1.304570817157514606e-01
1.020948099151413047e-01
1.099234920386084058e-01
1.121138988320532215e-01
2.068916557593940553e-01
2.475831119413895165e-01
1.103650796359714886e-01
4.948766438783518823e-02
1.200666808026400190e-02
3.834908968926016570e-02
8.258594872152597022e-02
5.824155870693736164e-02
8.700301336063130664e-02
2.282918715313532118e-02
7.290089845938906021e-02
1.055030624031508824e-01
9.209277869605404787e-02
3.014807133639818559e-02
7.388792067096559835e-02
9.684746996032239652e-02
1.032471411837504321e-01
9.360749353704948816e-02
2.122221254129532178e-02
1.330113920424314811e-01
6.291308043886963131e-02
5.964790004833141895e-02
3.715572038014743061e-02
5.303806645897234107e-02
1.733504400798983047e-01
6.779948841267845194e-02
8.226071391699601998e-02
1.501521539456096010e-01
1.058925859073567288e-01
5.117078924471784446e-02
9.355493714842463837e-02
1.144036079940814327e-01
6.910939618333607204e-02
8.420103876679295440e-02
1.368142603869609009e-01
1.606253312330941652e-01
5.675654264383466624e-02
2.353457927178858114e-02
4.947855588479363464e-02
1.068209587610096378e-01
8.010088569615655962e-02
7.011460896736647352e-02
5.710393734833898310e-02
1.511422376384114197e-01
1.264826620631389620e-01
1.067780512436150159e-01
3.953655022394556018e-02
1.197540167667061894e-01
1.213909214131851100e-01
7.840592814434788060e-02
9.587208619499590356e-02
4.543201758488275843e-02
8.741070689356002232e-02
1.018362820071550129e-01
4.727650419557553885e-02
1.575245485102730880e-01
1.187680128727678780e-01
9.008356483334355180e-02
9.347926496629595239e-02
9.403409611268447044e-02
1.178940246930893637e-01
3.275330482283246580e-02
2.321260611430978060e-02
8.965855757964752426e-02
1.296872348922963325e-01
4.233979809609273587e-02
6.149781980453739721e-02
1.382434946525145369e-01
1.348270228721369091e-01
8.150280869121399874e-02
3.156114805661681955e-02
1.424213056632579744e-01
2.255192323995602877e-02
8.957062843238940142e-02
6.713873380208526531e-02
4.813490350472992424e-02
6.137347059635994001e-02
1.092639758424934771e-01
6.698634345946634372e-02
5.449236914470498294e-02
8.883425734621064329e-02
3.102317123320907227e-02
4.797776774820324691e-02
5.605849984041728212e-02
1.225304957652376264e-01
7.836293277839624649e-02
8.270934502608509598e-02
6.282002211049277085e-02
5.289902146819953910e-02
7.351044362914384289e-02
3.980772523186389827e-02
2.505620745662911694e-02
2.760903512449180974e-02
8.276142983050116531e-02
5.162014278054660732e-02
3.159241642652324544e-02
2.262285886662110043e-02
1.154019668253934428e-01
7.735546091067778407e-02
5.898317796069163510e-02
1.521757394476256145e-02
2.808442296578621614e-02
1.384227496878637498e-01
8.120182065862557863e-02
2.330780160633155393e-02
1.041123435023922350e-01
6.101330244273610315e-02
5.634489581288314695e-03
1.040823817077482089e-01
8.711529499404922772e-02
3.132538077152539208e-02
9.620220529524420305e-02
4.928425929920544207e-02
8.027381740595371240e-02
9.072963450339519009e-02
9.564861064687893433e-02
8.223238051460854403e-02
1.513407580763580507e-01
1.310268793066165505e-01
5.289925278042774404e-02
4.712898780965248113e-02
1.004147761835988695e-01
3.762558755058743876e-02
3.463997721874677305e-02
9.251647714303291858e-02
5.905333356016054247e-02
1.761358254470509199e-01
2.041984221093375365e-02
1.038666958285142383e-01
1.538157009496096406e-01
1.174542748917060120e-01
7.010085693883455482e-02
5.636140108063446286e-02
5.047131126678437718e-02
8.972979974526587577e-02
5.799398083138919413e-02
4.906942166113308079e-02
1.166911187522154114e-01
9.564695737641457085e-02
6.637701305852966582e-02
6.857478427688298850e-02
9.564775677723127978e-02
1.191066012686003012e-01
1.412437072484201139e-01
6.200785307110720512e-02
9.306251227435081985e-02
1.203226484986140710e-01
8.410451024290771516e-02
6.908019046652719153e-02
6.490865568807197006e-02
4.533143867479639405e-02
9.467760813404596520e-02
4.611315810081668271e-02
5.443184155207232006e-02
4.476333413020736063e-02
6.792490968984433997e-02
3.336361296661619763e-02
6.284510162479459150e-02
1.273533633897973583e-01
3.701310996895693789e-02
5.404179018582642297e-02
1.298492256698766389e-01
1.606406925645288697e-01
8.158356106524640439e-02
3.125535360219527936e-02
7.803257371292565692e-02
5.518519861550136296e-02
6.318050673164038455e-02
9.283939884978778534e-02
6.732138279040263129e-02
7.525018523874563159e-02
9.846871009901653204e-02
4.164945043047593026e-02
1.108134257968244607e-01
3.385249332748406503e-02
9.937678508946318212e-02
1.157265751735159220e-01
9.136360004165318752e-03
9.423520268637673725e-02
4.175556023467844047e-02
1.026978219138250659e-01
2.137221737478381123e-01
1.417003476629210001e-01
1.093222694854947691e-01
7.295518214270207968e-02
6.036426711350254687e-02
8.350079650220056104e-02
2.156177846422680650e-02
6.319315031915952174e-02
7.194307658469248357e-02
2.368781758706123980e-02
5.173790328559399465e-02
4.547776529255874445e-02
4.309630968457751204e-02
2.351671958645642352e-02
5.719828273484993397e-02
8.744280170852605782e-02
1.393855199355810946e-02
1.060410580441312478e-01
8.564611124316934276e-02
1.026756044620104613e-01
8.579599522739438100e-02
6.963495040081628396e-02
6.352217066395322853e-02
5.086771357552839767e-02
1.438680251377410235e-01
3.114906855079771844e-02
8.777588145819859022e-02
9.265844601217598786e-02
6.908730912957897208e-02
1.090375818027590760e-01
7.286226891556323026e-02
1.987561007201855412e-01
6.852790913072208390e-02
6.979026378963094912e-02
5.962801810667213431e-02
6.009809822798286433e-02
1.169354964086886245e-01
5.457705572079389611e-02
2.073656829670974810e-01
5.572523910266457409e-02
1.143258174207434780e-01
2.189124423102669151e-02
1.065580218239435134e-01
3.271428176338821159e-02
6.004393751360026510e-02
9.109954258187939746e-02
2.271188558294282012e-02
3.204964661078774785e-02
3.160484674608920325e-02
6.831196041835313482e-02
9.787090698415339129e-02
1.005723717462169986e-01
5.374867470325010721e-02
2.945976278981705943e-02
1.269190644826863612e-01
1.022478089827394132e-01
2.965748496687596950e-02
6.395371268421433386e-02
1.369424434012382341e-01
5.408671406045340718e-02
1.564946856710054957e-01
3.512432603097966066e-02
6.452878137321875485e-02
1.364578185214028738e-01
5.478310857690409791e-02
4.777569652802529654e-02
3.395682754201458098e-02
6.211532811284935923e-02
6.609774867362805395e-02
7.472809442687208814e-02
5.132852290111320631e-02
9.014142192264285036e-02
8.638517561367273223e-02
2.266562372693249616e-02
8.313385361790684436e-02
8.514244581773552922e-02
1.198441625983698716e-01
9.463020392904544775e-02
4.457998690246620099e-02
1.362917252618965902e-01
6.320767420776217393e-02
2.614826083464592485e-02
2.401396911608791665e-02
1.485890881045223155e-01
3.397094008874174120e-02
1.085076041220072590e-01
5.286597689928947824e-02
1.058899436925950094e-01
1.525819595412425955e-01
6.861097338900615239e-02
5.625503100205572066e-02
8.829206233831422140e-03
4.389335354441628589e-02
7.596790496417478444e-02
1.218612817564104778e-01
9.428556492270272205e-02
9.899693402324165337e-02
1.505229318085843926e-01
3.734634004409509433e-02
1.556911923885473670e-01
6.935715009209748871e-02
7.353773081510224519e-02
5.216469135574434285e-02
8.312483795774970596e-02
9.883827349443291554e-02
6.322773169545002625e-02
1.526106243306128152e-01
1.633822167000306691e-02
7.594044329757805578e-02
1.638747334689999724e-01
5.025060063625224477e-02
3.952995767486625067e-02
9.643737879504686583e-02
3.374143867756570353e-02
3.924460441356638490e-02
9.378998121457515769e-02
1.469229918388299805e-01
7.546070665921034148e-02
8.845860026509957952e-02
1.314192895379961701e-01
1.598751843069181888e-01
6.684112566399302846e-02
1.146992170429152746e-01
1.836908326815399339e-02
5.575219161591069006e-02
3.334925292859313578e-02
1.040815716076910341e-01
1.074676563956048075e-01
3.726862072486173544e-02
1.170465387149056680e-01
2.296647213421472780e-02
9.516310535541758209e-02
5.390981183739757682e-02
1.193167499216734040e-01
5.611562778648062494e-02
5.140079049031395092e-02
8.983053493390846800e-02
4.137076044292582744e-02
6.914631263874870815e-02
3.623594130352981307e-02
1.452823074911038514e-01
1.093658200382944673e-01
4.264233531042991437e-02
9.027259871286894000e-02
6.105961022228401786e-02
6.137470583549043540e-02
1.269836792986388241e-02
8.121990296360472039e-02
3.369867254021739755e-02
1.245883477519992427e-01
8.472391377331685292e-02
3.203171085567052545e-02
8.383309079752794546e-02
5.371781186755272830e-02
1.522082305349857501e-01
9.607415894599795336e-02
9.588415201542550836e-02
1.439494264597251383e-01
1.203305195872248351e-01
7.660933221781747460e-02
9.530742680701208280e-02
1.141762596469503982e-02
5.213847040342290545e-02
1.426997778406150774e-01
6.453375398239459548e-02
1.004004950328547668e-01
1.697716561638055663e-02
5.276708607822737374e-02
3.901408035449580036e-02
3.630007352280142235e-02
3.378920249594979941e-02
2.457701289882875673e-02
7.727972179853716261e-02
6.420973449375422248e-02
5.212629454104928534e-02
1.065529366473246670e-01
5.198813954092404432e-02
6.314227212315624838e-02
2.694154500132087821e-02
2.771442880134954850e-02
6.275361173074145427e-02
9.962283468309755807e-02
8.126514393118003388e-02
1.755442927105943518e-02
6.601987018207002011e-02
1.505509889994527117e-01
3.557851554410894346e-02
1.513118816701290725e-01
2.892333623594894182e-02
2.704503473204564884e-02
1.355314960283807990e-01
1.744883342767466344e-02
8.282312838296693180e-02
1.297061463441247231e-01
6.073244144262917449e-02
6.713389137656183836e-02
5.256953853186827758e-02
6.563976310743598053e-02
7.938494316427027742e-02
7.598257373125973102e-02
4.741494590605510595e-02
1.021075454617609152e-01
5.109142759735903899e-02
7.336250906725112764e-02
2.907407899348635888e-02
1.977262590859052427e-01
1.496377052769313210e-01
1.225716450012917687e-02
7.651813047262324627e-03
1.200047795416782775e-01
9.298820991511944078e-02
6.319457314799516168e-02
9.363381508103102435e-02
4.080229628419097115e-02
6.615495439680456335e-02
7.522974588203369672e-02
3.177026636749386013e-02
1.460193441632816613e-01
8.812655166541016882e-02
1.011899693356843773e-02
4.088265275903955887e-02
1.019559634477442828e-01
3.899472726325485528e-02
5.419142512246286764e-02
9.475799724606140395e-02
7.518131062896732386e-02
1.997114880932081282e-02
1.221793562029017399e-01
1.125277890504895045e-01
4.071131465371682912e-02
6.200240856216347046e-02
4.993403013955212411e-02
1.485959657031874770e-01
1.517140064607280792e-01
3.811191631966232701e-02
9.583401849070933426e-03
1.286519950330776152e-01
3.760496455466911386e-02
6.018226853412561583e-02
5.253319746858896300e-02
8.208316407771445999e-02
3.206432476125843645e-02
3.443632720924642149e-02
4.440072843664606694e-02
6.472492302290795696e-02
3.262853622593049618e-02
2.065013086541063816e-02
2.253864774464239829e-02
9.866222776241852233e-02
1.253763646513902374e-01
5.512108798031879753e-02
7.767918565912325379e-02
9.247521782072470886e-02
4.186875071930448028e-02
4.642272071790189830e-02
1.323239551498437416e-01
7.789548700193876796e-02
8.081035234024488978e-02
6.741995667631449363e-02
9.297724572723055358e-02
1.000435197635930890e-01
4.415073670362854030e-02
1.328513673602257916e-01
4.074922682777611105e-02
5.304423632199625066e-02
1.067067262992811849e-01
6.976425322944698748e-02
1.398885197768364452e-01
1.388269823953864890e-01
3.227921225544563844e-02
9.485736322199209147e-02
8.986844833873296190e-02
6.749577029836183184e-02
7.055033052789842773e-02
1.514495941489447384e-01
9.136502464247932276e-02
8.627177262850847794e-02
1.186986393500710640e-01
7.799942640089253809e-02
7.080157021186671285e-02
2.672727572382918582e-02
8.472232871175407187e-02
7.282052624687782028e-02
5.763975656481944154e-02
2.970319911835265364e-02
5.577422850323363046e-02
2.040195031015961183e-02
8.102087259070915592e-02
1.095902532485174830e-01
7.216702043218109486e-02
1.322697124061041063e-01
1.136029353576930023e-01
1.155099079009948987e-01
8.264032230237601528e-02
7.795697877626006633e-02
3.896526954308396351e-02
6.679679109687328142e-02
2.182268814446615135e-01
1.352510753792281195e-01
5.301920276332801329e-02
7.542595800258389271e-02
1.111474672652476292e-01
8.771777123352299255e-02
4.689406725110994295e-02
5.844723101593430475e-02
4.958868575667345346e-02
1.079650530673573749e-01
7.713058178834897305e-02
9.595518989320937775e-02
5.286285895639235982e-02
7.489245150247490768e-02
7.685287405486120049e-02
1.558207500851040983e-01
2.976905571718735724e-02
6.629185466846376773e-02
8.325451962631837122e-02
5.689622615139555001e-02
9.220259709308292750e-02
8.685826461682265298e-02
8.692983249223615316e-02
7.757605559870234258e-02
1.029833038172789234e-01
8.584636278051872849e-02
4.098445472942610635e-02
9.379175762753824697e-02
5.584588992731667756e-02
1.224759211796135200e-01
1.011389224766561928e-01
2.435629408526326228e-02
4.503241618663801626e-02
1.279613938136554274e-01
5.841697838879846699e-02
4.814225360857714298e-02
8.746540221965767858e-02
7.669606811248957934e-02
6.283085360510359818e-02
2.083488893744146059e-02
5.431902434384695832e-02
3.045453673749079493e-02
8.034077318041851767e-02
9.125341896595871860e-02
1.215962278015363385e-01
1.112524088053584576e-01
1.473113332971179856e-01
1.207977789336173308e-01
5.469872971616997898e-02
6.879950727084223339e-02
3.803938744211958489e-02
4.801920657464863601e-02
5.323257533261818025e-02
3.345308115612470601e-02
4.191038151222929720e-02
1.122996716157422109e-01
1.276784878979030646e-01
1.496531582485411960e-01
4.620374198108452568e-02
1.226491526161083562e-01
3.002797252596730790e-02
1.143415332093276615e-01
6.338941133791814453e-02
2.446185161548977000e-02
5.186074283518220945e-02
6.914594878409699441e-02
1.435705298664577689e-01
7.724338402583368068e-02
1.825041573790076033e-01
4.191179281223501862e-02
4.491576083139939279e-02
1.063095721888451389e-01
7.499569608959254230e-02
1.275121204856058121e-01
7.714581972966137735e-02
3.844307422796239965e-02
1.043978409409145880e-01
5.201279096214823927e-02
5.343094389775430997e-02
5.573169997419822469e-02
9.145845431753463206e-02
4.978406350521915463e-02
1.187220752441918992e-01
6.379932338953944737e-02
1.218723364232244394e-01
7.345688246843555536e-02
8.104194169871094255e-02
2.892146825138421778e-02
6.812680431294522443e-02
3.266829856448714986e-02
3.696007802657449992e-02
6.221075121048410400e-02
4.989724511137912100e-02
7.189418973876504637e-02
1.030956719855851966e-01
5.241800490880035163e-02
1.059292411315156807e-02
3.835244884360222706e-02
9.641467041962437090e-02
5.325014633528956515e-02
3.971757661602752509e-02
8.785373322350799319e-02
1.190381855183756249e-01
9.452760317919514654e-02
1.236367399993802130e-01
1.092041442125560313e-01
1.109445718990839796e-01
1.115773272572083419e-01
1.442075929458228600e-01
5.253223254432420886e-02
7.213193717119026349e-02
9.949704116100763218e-02
7.187193731652795348e-02
8.973734004637186346e-02
6.307033047511909074e-02
1.746603545439889132e-02
1.060035499100380335e-01
6.482153473367673058e-02
1.001080051854114361e-01
4.826179924060720883e-02
5.830989973243985020e-02
2.359421224334568024e-02
1.654088299129879147e-01
7.941789555962323888e-02
7.033168710613284247e-02
7.474856998755803617e-02
4.281553157632132789e-02
8.630455006573128918e-02
1.282773329168922782e-01
1.411026329212012875e-01
7.560689021116526187e-02
1.384097949291539578e-02
9.817607000584158139e-02
8.924108349122630846e-02
7.750618530210962032e-02
6.878451016613965074e-02
4.038069163476537549e-02
8.807752944894199632e-02
2.265455312846851796e-02
1.486005541950035647e-01
3.601105513851364515e-02
1.029238210746855064e-01
6.581495336896599213e-02
4.261184466221448752e-02
3.677140568381599695e-02
9.368474576298170542e-02
4.557267410878262232e-02
7.675143043090748574e-02
1.499735100280217420e-02
1.180998132397195199e-01
