5.921217362295447373e+00
1.022503066434336805e-01
1.601920598946398877e-01
3.130477479569874349e-02
5.215384503811401617e-02
1.151196843881431842e-01
1.217220189875776737e-01
3.946488028213330362e-02
5.710905645752845095e-02
8.210210787464178317e-02
1.449549439474068502e-01
8.802155727527700979e-02
4.830294645826811728e-02
1.002701593551816456e-01
4.136250325965833835e-02
9.160102113980089777e-02
6.442650053095164836e-03
8.112766506772364772e-02
5.731330344060270310e-02
3.488143325836879499e-02
1.020514397279872615e-01
5.331713264341842590e-02
1.069419858915176547e-01
1.072831943927959747e-01
9.840902905109785714e-02
6.418523067126001569e-02
1.381204076341766007e-01
6.688056193247515768e-02
3.453568858308374290e-02
1.395000439262793768e-01
3.698989446955994881e-02
4.572423032668653659e-02
1.493658030260631431e-01
1.295154286298902946e-01
2.044710108689349881e-01
5.499836239136630944e-02
8.838535884345606608e-02
8.273913746406043324e-02
1.785791582125529908e-01
1.299479759626347153e-01
2.969758659242868401e-02
4.294816580388809840e-02
3.886641312645313512e-02
6.281872718976672099e-02
1.605927887618313898e-01
5.574942102278642592e-02
6.211671108640945405e-02
1.079889736375500980e-01
1.780482661412620959e-01
9.883914829979040251e-02
6.407465495011967216e-02
1.364976465381632087e-01
9.172523794764424199e-02
8.658161094187723228e-02
1.347780935320109785e-01
1.520345558109195971e-01
1.171531068210874688e-01
5.566502726384094796e-02
1.736142185617915723e-01
1.164585200247493652e-01
1.353473218213693818e-01
6.796129372353405806e-02
3.665852784805146564e-02
7.032765087277541294e-02
7.369372572924326459e-02
1.060990901411245912e-01
2.077834555316961443e-02
2.355833496050897813e-01
9.775404025655111406e-02
1.541527079092129549e-01
1.049920688823367532e-01
9.609909878351373391e-02
1.291772852791697734e-01
6.074887080458947486e-02
4.319580737481092808e-02
5.556235764091594503e-02
1.091409618615383631e-01
7.471558234428687939e-02
1.340017480336134215e-01
8.470975116863213583e-02
3.313539713599650965e-02
2.118798147173617946e-02
1.004786100789153286e-01
5.353435623932935317e-02
4.701302132295631653e-02
9.761085160966870289e-02
6.281127439442950322e-02
7.207141942326902861e-02
3.186331374778821751e-02
1.655850985106090689e-01
1.702856692875391043e-01
5.324723278092361595e-02
9.322681305506216876e-02
1.211421056181537365e-01
8.531852169938379526e-02
7.013258368302342782e-02
4.373590658068472053e-02
6.460305719825738813e-02
7.365799616692086937e-02
5.820627886909632287e-02
1.118481366289541118e-01
8.571183295975749739e-02
9.721795138597462416e-02
9.356925559939084647e-02
9.530339367876994316e-02
2.858653035193068140e-02
1.701392236184126050e-01
1.408782893906544431e-01
8.162695711289581768e-02
2.757212913939781004e-02
6.576671636824139855e-02
8.697546867177029239e-02
8.449128612558484686e-02
4.264676168058055550e-02
3.528686726214840669e-02
9.622901240652376176e-02
2.007056351918787562e-01
3.875983608349911624e-02
1.389896323530758482e-01
1.152527769223923720e-01
4.720786387609762075e-02
6.371920720571475072e-02
1.940207158510239005e-01
8.094205749811356210e-02
1.160845552421416460e-01
1.101844266599961847e-01
1.351479668184734084e-01
1.043805534856702827e-01
4.632496791620267784e-02
7.381083637971312672e-02
1.606166434903485291e-02
4.917180693150319248e-02
5.548116712877604675e-03
4.486271723667685507e-02
6.677220035473865889e-02
6.107921201160852048e-02
6.767242150955475599e-02
6.121048749783369186e-02
3.288815248043579914e-02
1.345549117693938257e-01
8.979195853065220778e-02
1.770647278644428210e-02
6.650586378647843633e-02
9.777946015557860415e-02
2.654062247666812840e-02
1.303992976835634809e-01
1.843799342993537871e-01
4.826253280679082547e-02
1.414339877796274569e-01
6.342447508013915325e-02
5.124200739867020016e-02
8.818242359702314903e-02
4.841032130601258948e-02
1.122109410233521065e-01
2.610497350663142091e-02
1.183975575598852775e-01
9.870520288450823632e-02
1.926201152370268233e-01
3.363922638029268747e-02
1.338336854134555831e-01
5.159292068019339511e-02
1.507999436798684312e-01
9.686022788083450963e-02
5.703803145820664916e-02
1.140495590402102882e-01
7.044962213745563362e-02
2.000320513665613045e-02
6.068514533872525207e-02
8.788833459646777646e-02
1.531591666203646340e-01
2.051750901681655415e-01
9.971780219035202009e-02
2.719231500865131740e-02
8.307480466492958571e-02
1.064912900387342681e-01
8.815541273109134355e-04
3.411916596084219044e-02
4.723022649374380294e-02
1.143135151265629035e-01
1.117250370019730599e-01
1.338803543732956791e-01
9.217781657008364271e-02
8.664021371614639977e-02
1.142057001605063238e-01
6.877089825806373402e-02
1.645528617784947634e-01
8.988220850922047644e-02
1.087610233884148819e-01
1.656656164950512378e-01
1.549931465762336424e-01
7.257485986566991620e-02
4.392287600296906208e-02
9.939003448759634041e-02
9.172820535735140557e-02
6.867066460166561248e-02
1.581417038704293621e-01
9.814697655780489638e-02
2.627442855022963167e-02
9.817766199445313036e-02
1.036103206251220571e-01
5.969452344902413665e-02
7.997375829291539229e-02
2.308720863160942591e-02
5.086351346978146976e-02
1.159970472416123194e-01
6.404573619370586279e-02
9.564266737621227032e-02
7.405729739568409076e-02
1.509463431706124792e-01
1.071696587491276637e-01
8.214613007735534211e-02
7.364605211271146867e-02
1.016024605335687780e-01
4.260730189838173726e-02
1.578254898400048567e-01
6.417334309387999480e-02
1.917731996077600420e-01
5.216541060486976772e-02
1.052942936758357734e-01
1.717989871182235007e-01
1.140869360670143107e-01
3.435656551358991229e-02
5.027483908808697000e-02
1.142184543031408150e-01
1.207284435467795985e-01
5.600867241034476057e-02
3.794398651075845535e-02
9.212287403691005183e-02
4.913476302623162595e-02
1.498659087008754887e-01
4.599537487995161017e-02
1.129855854726644765e-01
1.215137270878665354e-01
7.046048091096664134e-02
9.432413211582817147e-02
1.150031327068051779e-01
9.592386569458161150e-02
7.337236091704503471e-02
3.208045045249525995e-02
5.625489149292259294e-02
8.719382008157192110e-02
5.975389947203355728e-02
1.332906683129046754e-01
9.003027130963238422e-02
1.145817456843204775e-02
1.097160189068957653e-01
4.805897144707683283e-02
5.403167628563452368e-02
3.694780605860179673e-02
1.028482352823136547e-01
1.134925259763112787e-01
6.438816672261687968e-02
5.444737638767163657e-02
3.742635430513676503e-02
3.371320708086740503e-02
5.508619553668955143e-02
1.182071494803906969e-01
2.333484767154592882e-02
3.040769181613544800e-02
6.675777677426517065e-02
6.037876915834197722e-02
1.537608252835180878e-01
6.126948783598964304e-02
9.737294144107694338e-02
4.893441198450770163e-02
1.040854052238522065e-01
1.583854895282968966e-01
9.124097916640670769e-02
6.294003774270169604e-02
7.178820755174455948e-02
5.964338964900547241e-02
2.987862528742459001e-02
1.064218873393366349e-01
7.937634540491000923e-02
5.774074751531971944e-02
7.166503699738129007e-02
3.329896743612873605e-02
1.455309611041403772e-01
1.051090079093415924e-01
5.684958568075721558e-02
5.560879359746363076e-02
6.709185859941518837e-02
1.033075953727979369e-02
2.087116211721180142e-02
6.777050534724318731e-02
1.407260645753969155e-02
3.967993665930189678e-02
3.778231581967833597e-02
6.814567284185032991e-02
6.207970285827215523e-02
1.293363101586905428e-01
5.286222856050662444e-02
4.449998869668506107e-02
2.158020954993955798e-01
8.169114527612728049e-02
9.814295261899425027e-02
1.953639216886364841e-02
9.605757555235210077e-02
7.429032630595347464e-02
1.203779880166333111e-01
1.236401459073257630e-01
4.885161949210266308e-02
1.364005482145926040e-01
1.209578084136676696e-01
7.190042441382410443e-02
1.633512063067926734e-02
1.554517439229209930e-01
7.965938537148579968e-02
1.142399693501206237e-01
1.897764260850725304e-01
3.283904009583163419e-02
5.961175196396549525e-02
7.562986751841187238e-02
1.645217920008721635e-01
4.109221411398038259e-02
2.392949447795357856e-02
1.288895911656383342e-01
1.312170220068143434e-01
9.678605087187179545e-02
9.988836558614255789e-02
6.327712320922362910e-02
3.072825609173127429e-02
1.229295152069014713e-01
8.581054425707720923e-02
8.305106592897555304e-03
4.376538895318178579e-02
1.298207088497395911e-01
1.012655855418002904e-01
1.042510131700461057e-01
6.257410750498912377e-02
5.386218917605790912e-02
7.991818341789395930e-02
3.390238967527273856e-03
6.516961642136545607e-02
4.425280799769736734e-02
1.530015811820148106e-02
7.416333847918117617e-02
1.348352965253684088e-01
4.904892547939485037e-02
1.714794250315401780e-01
1.531121241078240158e-01
5.079050929789548363e-02
5.090655015872769945e-02
4.805378842152693147e-02
4.258400760845981736e-02
1.073380182576304381e-01
1.275648460820630048e-01
5.431328889612891536e-02
5.447573424276201670e-02
1.037510646905749762e-01
1.175633974891472228e-01
1.113970294314335779e-01
8.727634506294838779e-02
1.113729256768057341e-01
3.214560392434617081e-02
3.825248778003452477e-02
3.679934561094130863e-02
1.316431486502713799e-01
6.433822530382489469e-02
6.488381990323306703e-02
7.196824932588677393e-02
1.213751930326842920e-01
7.168793489677303954e-02
6.345100283001678387e-02
6.894178442829979048e-02
9.483760135612061271e-02
6.574849541664784525e-02
1.168465179413427230e-01
2.737455442923976412e-02
4.651182590820328311e-02
1.034597431039040311e-01
8.272503557449193204e-03
7.868091297080702373e-02
1.169634143869553444e-01
1.000812371530263034e-01
6.923365589924118657e-02
1.114410768649276851e-01
7.721099994774147102e-02
3.110077079186457025e-02
1.863204410151958201e-01
6.521389453914741563e-02
2.025951138092632053e-01
1.424251352445744523e-01
2.366246366417365174e-02
6.548064372326138638e-02
1.158328283891161548e-01
1.397947851236226550e-02
8.050816469058395819e-02
8.828127409103604661e-02
4.018983555738264019e-02
6.767460474554078120e-02
9.782667578595749536e-02
7.989653032159346746e-02
6.967483302326590855e-02
3.168021410809000044e-02
1.786129229819906072e-01
6.762200756472949714e-02
5.024850565804724750e-02
4.805225205222739965e-02
1.396028019841443479e-01
4.722930446580994590e-02
4.834649733446889225e-02
5.371475176225434800e-02
4.319112768792428975e-02
1.563404764837488803e-01
1.068778312314117435e-01
5.419831673556454316e-02
6.524401706592460048e-02
1.151921669415085364e-01
4.852561294907083156e-02
1.211520766598972315e-01
1.761650454008389932e-01
6.051606515384749807e-02
6.067226747361322697e-02
7.256926117543836818e-02
3.805282821942443383e-02
8.270104560065801025e-02
6.375528199201450918e-02
6.331432755855710692e-02
9.118422290505232009e-02
1.135538116721462459e-01
7.021196788170219749e-02
1.050875187205005251e-01
8.806640304606640213e-02
9.612466579490752672e-02
6.185600396547907137e-02
1.032089466944561551e-01
8.193934663427825116e-02
5.364337261089091591e-02
6.495631015504613193e-02
4.924033501872565610e-02
9.767680676846415833e-02
7.320655027999174724e-02
1.081360836740590109e-01
7.279415326688907714e-03
1.402032823383923543e-01
1.098204982526396339e-01
1.212980889857266931e-01
2.430231712168964137e-02
5.285650015752449415e-02
2.754653555225394790e-02
9.616096663975365333e-02
4.585941931021788459e-02
1.457691120513360528e-01
7.342450235129795166e-02
6.499349522617496600e-02
1.041308800312053529e-01
1.892294958027788965e-01
6.046305994977135834e-02
7.843338105863027765e-02
1.556584482797672142e-01
1.030040081325251794e-01
5.305091107387427396e-02
9.821836566689370884e-02
5.672790670625229431e-02
1.188015159821880079e-01
6.823114239811789439e-02
3.224488187354316443e-02
3.036314392531707512e-02
8.530609800256879621e-03
5.370520783617818011e-02
3.635413739386671172e-02
4.962096415032573454e-02
9.834282665387263089e-02
6.983389229651915109e-02
8.518982409773225017e-02
1.192150787379870625e-01
6.186396405796289882e-02
6.570135898323894996e-02
9.755824456051630233e-02
1.562901982201744464e-02
1.355934576520693990e-01
7.136290533307737549e-02
6.940413953943655456e-02
3.008552174465707607e-02
1.595864923177489902e-01
1.456868931996954664e-01
9.175131644258685548e-02
7.853186959129930533e-02
8.049076856705525418e-02
6.413642258762507209e-02
1.048449322909108042e-02
3.985188511023484564e-02
4.985984973818200633e-02
1.186548513379921538e-01
8.753003446393649301e-02
5.282377688182007813e-02
7.947245481576123427e-02
6.246682410338071784e-02
5.298099701565745639e-02
7.057843691526308194e-02
5.436389257925312857e-02
1.286755896698835444e-01
2.136411065682515542e-01
1.888488481995218848e-01
9.994628395851788694e-02
5.256879871687868133e-02
3.593090023677422001e-02
1.137636703738645894e-01
8.667201557334316964e-02
7.623723792834392887e-02
8.554908347312693839e-02
6.070669070881495877e-02
5.856920032745963067e-02
1.238828411535256441e-01
6.017575448765773855e-02
1.694125287250555223e-01
8.493420036972107456e-02
1.546209611641263526e-01
7.635343752737541734e-02
1.238779343063726307e-01
2.970889173187340679e-02
6.416219594881672483e-02
5.253201164533104206e-02
3.825412720529269839e-02
8.754749371022597926e-02
1.175343780004683564e-01
9.514452566824210811e-02
8.791985977719871115e-02
1.378066814309799881e-01
1.659134696653637997e-01
1.694666861130061652e-01
1.264214936504594600e-01
1.622946696684615386e-01
1.290804487465299910e-01
1.832238026764867467e-01
1.334574618060982987e-01
7.838459065026215367e-02
9.330874351233872654e-02
1.517181023227365255e-01
5.123253214406783829e-02
5.792555100608848262e-02
1.859362222476116933e-01
6.083770823698606001e-02
3.745897238708610633e-02
5.667027434266777575e-02
6.972918186307799915e-02
7.396379905445486791e-02
5.198292183742734412e-02
1.688126118345096849e-01
1.260252393471915644e-01
1.534701611532180709e-01
5.872816515739055776e-02
6.241392059509506818e-02
1.498677390653427831e-02
5.176543735723966588e-02
7.362280859572403746e-02
4.473574226397959014e-02
3.948113959407499596e-02
1.521576582511984660e-02
1.220268590221144506e-01
5.863567494956380133e-02
8.268234257311986302e-02
6.668320288279595831e-02
7.246409991032774778e-02
7.448057720763844036e-02
8.585140582359879202e-02
4.803908839331416658e-02
1.336816093672528738e-01
9.723879517293203267e-02
2.701450984850504167e-01
1.546299441115069340e-01
1.302338167708016747e-01
5.446879494171294467e-02
1.749634240133940769e-02
1.161461430988525861e-01
1.182874656626707738e-01
1.333681289231340716e-01
1.356623537057278228e-01
7.409632602698550119e-02
5.747117202905029087e-02
6.515400222539370623e-02
9.618912003034582603e-02
1.364492070762604072e-02
1.337434298892812429e-02
4.185169190370284509e-02
9.195706426131951272e-02
1.877034434398250351e-02
6.784693688297221970e-02
1.063400038320233727e-02
1.108657816027184412e-01
6.506549293976893189e-02
2.845131831210153533e-02
1.922424136196616007e-01
5.503528139854448054e-02
6.954993169647948059e-02
8.949298902620732299e-02
1.251657786227454994e-01
9.476894433508996352e-02
1.414911723039451695e-02
7.357813186590914101e-02
6.236958526690674492e-02
8.949734062166961671e-03
6.129964230109416490e-02
1.115027875111415795e-01
3.659152536410459344e-02
9.407212322567856666e-02
2.393754738556227654e-02
9.796190951488403797e-02
7.469452630743887711e-02
9.240564332055201113e-02
7.309844490204769896e-02
1.063156683326246521e-01
9.377565310012685174e-02
2.547221769850658776e-02
1.074471944406642093e-01
5.821014962904901696e-02
6.486457043906183884e-02
9.091694427785035337e-02
4.763794968502079591e-02
7.473896331608356758e-02
8.940621413925403660e-02
9.504488119340342989e-02
8.193511184399339398e-02
6.289880887276529109e-02
9.144954503340860241e-02
6.967937781248363660e-02
5.395819600532698185e-02
5.767964017277533301e-02
1.249670104748931698e-01
1.281673118786474108e-01
1.133804111450492230e-01
7.268307142456947867e-02
6.209375752907907858e-02
9.977626703031768074e-02
1.397615240338940211e-02
3.505051038403814850e-02
9.811383425683480042e-02
2.005788071417418175e-02
2.582881608089151668e-02
1.069352526755285027e-01
1.313019760414088632e-02
1.835286699305507460e-02
3.560132305885894272e-02
1.303348831141039887e-01
7.405697654454511392e-02
1.909024292017559923e-02
6.636270531032424647e-02
6.747676156594768770e-02
4.461622658904605687e-02
6.093453147046731105e-02
5.293457227395992337e-02
9.257890889141157098e-02
2.011111104714440045e-02
3.349998406223764214e-02
1.362764926739218618e-01
5.373098067771557573e-02
7.892357114646882110e-02
3.013737384861599200e-02
5.048978995247114382e-02
5.302958200618906881e-02
3.582637145686100311e-02
9.597945244662782482e-02
7.370564552328021102e-02
5.973084455147144312e-02
1.114831025679370730e-01
8.357833590966810833e-02
3.393543987659759786e-02
1.217689724583831123e-01
8.599503135342621840e-02
7.255861239100229454e-02
1.342879306433568225e-02
5.486694791252585968e-02
5.530530328830277759e-02
5.964765848522039782e-02
4.261363436407535760e-02
4.445766066709388314e-02
5.170000202390206967e-02
2.828763111701542571e-02
7.825994223634112623e-02
4.706543604767622624e-02
2.925709479772775623e-02
1.198287677558663306e-01
3.231696318607354262e-02
8.799172578421429747e-02
3.180935808543365606e-02
9.323466240113621739e-02
1.074143230240112851e-01
5.506421413617611227e-02
3.194531311256792322e-02
3.316352976462920432e-02
2.479515392419507150e-02
3.918685583140265466e-02
1.267494487322412267e-01
3.817008482618194920e-02
8.769016300666264419e-02
1.208632777767705696e-01
4.310771137221138666e-02
7.307875260975692233e-02
4.877207517246199414e-02
3.589333036854011616e-02
3.475221651546320928e-02
3.110048044384281299e-02
7.582628674534205859e-02
3.972898466356166586e-02
6.170720452028603809e-02
7.814689297130368584e-02
1.407655384729646075e-02
3.507449546952877417e-02
2.600116881431559918e-02
4.681610532658216778e-02
9.656793098374348572e-02
2.626153393384689921e-02
5.672250268607995777e-02
2.798892486118061476e-02
5.352217963058836236e-02
5.676299256557248291e-02
4.192081958497748811e-02
6.380698703420123116e-03
5.912227061144703644e-02
8.424956066944228050e-02
1.114182100554486632e-01
6.099285308475826256e-02
6.669809047824017123e-02
3.071741347725782251e-02
1.141967937463374827e-01
5.959442989361162651e-02
1.254148852202633668e-01
7.587765219899872404e-02
4.945188995296964651e-02
1.781851047492685747e-02
2.812386370726478735e-02
2.835890034807934598e-02
4.839454283128195172e-02
9.882832194226076616e-02
6.079419518584858184e-02
7.009446800128345256e-02
1.224144903601533108e-02
4.177305948771265626e-02
5.185057041792449917e-02
3.554319715695376108e-02
6.507721695999542366e-02
8.911024379439072551e-02
1.274515721662650494e-02
1.142828919015724393e-01
3.689523559270735387e-02
3.638960540450896647e-02
8.954552271589424906e-02
6.734281098795691367e-02
8.284854737127446411e-02
2.617643319148921580e-02
3.141324768180018406e-02
5.541286521445398794e-02
8.070499645469450534e-02
2.865625260767557664e-02
8.500262621241112815e-02
6.103938469440016445e-02
2.909922724318634440e-02
4.234175160134898835e-02
9.983786135191549671e-02
1.079222941778426176e-01
4.670543884836512311e-02
6.599135293703277394e-02
8.627223758374888418e-02
8.686267891736222657e-02
4.286728418739273183e-02
2.344061543817755472e-02
2.602802634393477227e-02
5.612020362201230322e-02
4.289710916327047624e-02
7.261907641458283102e-02
7.727345774538152412e-02
4.318831711511430388e-02
4.923098456155858976e-02
3.518358346581686863e-02
5.047721722756117607e-02
1.886963802420002154e-02
6.113336324435489355e-02
5.528633130050286670e-02
6.076087598673249324e-02
2.740457541145802436e-02
6.515274197967685366e-02
4.716182501496380547e-02
7.038700337368135329e-02
7.013259017030319675e-02
8.577055363427248114e-02
7.192712666367706217e-03
6.553321615260083999e-02
5.212380932641210579e-02
1.084930890095805733e-01
6.242329467111025487e-02
7.658914143121241247e-02
7.093595243006724227e-02
4.190016184618883255e-02
1.353604742551083318e-01
3.445676818589425705e-02
1.194835140783910218e-02
1.053727915775366612e-02
3.945830022749932664e-02
7.627650568519396546e-02
4.033277133457683489e-02
8.379196205253244822e-02
6.461384184295730637e-02
5.308000813116980909e-02
6.143172968109375520e-02
1.118265675011245047e-01
8.294940038529841075e-02
5.554931583167498597e-03
6.723297123940749631e-02
9.800262737168211058e-02
8.626000764286533007e-02
6.438442498414430337e-02
5.903273060044226389e-02
2.268753452627439438e-02
6.741323985607049207e-02
1.402829714654831722e-02
5.357015424130814191e-02
8.899350071420589203e-02
5.183810494771499272e-02
4.747083167072482790e-02
6.992755190662157394e-02
3.258500247229718927e-02
4.264584334198898846e-02
7.352816890177177322e-02
1.953349059615249600e-02
6.993384698652646558e-02
1.028186442775154419e-02
8.649392465491448356e-02
5.201952324179111298e-02
2.745151694042674562e-02
2.876171525322880965e-02
3.184599735228440393e-02
3.909008072302013609e-02
3.011507757654189113e-02
7.417688567354481510e-02
8.906795824497100444e-02
5.930774430893813454e-02
6.590344315513109452e-02
2.260146116555771661e-02
6.100478766734572511e-02
7.254868952272178206e-02
4.655597954236109087e-02
5.515147357214691265e-02
7.709242847387930142e-02
2.706306076601616359e-02
1.356009693423342564e-02
1.834679150704207964e-02
8.602518647350110292e-02
8.445728556946947851e-02
4.428488787252983505e-02
3.841392612258796163e-02
5.009224454588460940e-02
1.840720733418447358e-02
5.047538229009673749e-02
2.455249307275041842e-02
9.829829134882944741e-02
8.050908751519882112e-02
6.197358748138569878e-02
5.584937327108106114e-02
3.399060669373534654e-02
1.924888303572518805e-02
6.244036472083944883e-02
2.032651336096422470e-02
8.470849352593803894e-03
4.664256784939691675e-02
6.294254099374867184e-02
6.688029494622432791e-02
4.383320385282468701e-02
4.964645752472497675e-02
5.563148637380719436e-02
4.629456857331083058e-02
2.538232408378300262e-02
4.775878721493904272e-02
2.665212873430132870e-02
8.557895470563285645e-02
7.723685180013717400e-02
5.533453193277946408e-02
1.186093974765169562e-01
4.253806968983080139e-02
4.311027774996666756e-02
6.964760940046760274e-02
5.623785440845152639e-02
3.747049909000396695e-02
2.127428354976901304e-02
3.652589581110845390e-02
5.944202632516734641e-02
4.230880041750757076e-02
6.054814128896217340e-02
4.734515821024234267e-02
8.763684917769284932e-02
5.102648238295012795e-02
3.512858291229851992e-02
4.633558157012565570e-02
3.662886838892968205e-02
4.313946588005502375e-02
5.805217127379209974e-02
5.457403745370171394e-02
4.328193781152149533e-02
9.034525220733403972e-02
3.023700942908241415e-02
7.215154586622767041e-02
8.244051890025057283e-02
2.203011246491795236e-02
3.289635212169771117e-02
2.272938118775041927e-02
2.202269392458675035e-02
1.319096854021215015e-02
4.179100872401692729e-02
1.661699403831026420e-02
3.385770101460343351e-02
7.608192279810924163e-02
4.695977691850242164e-02
4.945096076693012571e-02
6.975566766272622843e-02
2.828745916531201846e-02
5.972809619306355261e-02
3.514382149414834594e-02
6.935111709755797937e-02
3.692463944544786825e-02
4.305495622885077700e-02
6.413819382752648790e-02
2.352201085848331860e-02
2.851911100848386615e-02
2.276005086084601642e-02
1.940010835109193948e-02
2.871579286846884238e-02
4.619256268899259166e-02
7.481858018626325046e-02
8.832287695903578983e-03
2.407521639932612770e-02
2.120665327624413760e-02
4.154073888888359933e-02
3.985716793308310968e-02
4.683163784524636136e-02
8.899010041782895453e-03
5.693805673336763823e-02
1.236451320041885224e-02
2.981884480672016002e-02
5.319286404134773022e-02
5.304942143047382958e-02
2.020028314718812223e-02
6.039011360572649201e-02
5.224810333364979936e-02
8.494823915977421647e-02
8.183974990279024864e-02
8.071567141501739817e-02
2.217082874417770563e-02
2.877609357948154520e-02
5.259692739396279459e-02
4.586441983222139251e-02
1.280167508960393212e-02
3.680859863445509056e-02
5.806371565591809947e-02
4.386563719394565714e-02
5.155814607601388877e-02
5.098895103184749450e-02
4.645458039437236342e-02
5.450933047243719520e-02
4.008271271719951456e-02
2.882190321260279242e-02
3.627261564206928079e-02
5.862642665436511302e-02
4.887644222314236481e-02
3.075241070340603219e-02
4.912467906412491120e-02
1.360658276080719577e-02
4.049573763299398055e-02
6.161961521613866337e-03
4.560037399854918738e-02
6.495606150132088308e-02
5.091261095091902805e-02
1.227937428371611399e-02
3.625455217748688175e-02
9.950963903648838219e-03
3.760369115029454229e-02
2.909247608765065662e-02
3.998244380497532197e-02
6.197821578673024662e-02
9.849567846071247135e-02
3.345145592163850656e-02
1.572281731487496642e-02
2.168049225656976629e-03
8.393207599874852320e-02
6.291919878419456602e-02
2.470434536297781355e-02
4.836444440954382196e-02
9.779693391658470306e-03
3.212088254073731941e-02
7.010657472828383217e-03
5.139847371346602245e-02
8.583565645687753209e-02
5.863452666543920999e-02
6.034439506415932575e-02
1.315445127347858283e-02
1.843993638307067640e-02
7.311358205157565682e-02
5.260296102351103703e-02
5.885035632418629536e-02
7.186453368933622132e-02
3.616952589375243415e-02
3.850958173428142145e-02
7.894934537592707136e-02
8.953998129388017480e-02
5.102074532428552828e-02
1.098020417547827116e-02
5.905171915819935891e-02
5.418598942983915423e-02
6.145506494247157669e-02
1.726764712084035217e-02
4.158423650059827476e-02
1.908749464126913500e-02
5.362971840343842139e-02
3.676103663243211056e-02
4.328716571056599738e-02
3.402171837640556584e-02
7.039651117622804100e-02
4.448400611672612137e-02
5.182055651052333567e-02
7.306303639511974035e-02
4.624383995712777473e-02
5.870963487435826994e-02
6.431027308795128627e-02
8.856411946623425624e-02
5.517856351197878567e-02
3.535452093085970221e-02
1.275082448924913514e-02
4.580344053482615641e-02
3.202991599243761728e-02
1.844351719393082928e-02
3.283432432538533480e-02
4.895030316421631472e-02
2.710743340530126153e-02
2.853656616190664366e-02
4.062909034554580689e-02
5.757223864179081968e-02
5.464445213266498277e-03
5.314433018719509627e-02
4.793917460066109137e-02
5.815349525905870454e-02
6.561786005675583622e-02
5.947206631247514003e-02
6.105392198603738080e-02
4.121607019709577768e-02
3.391155541840080306e-02
6.575523001074357055e-02
1.309216336265394028e-02
8.050651113852222429e-02
6.677486111803931923e-02
6.345455366566243871e-02
6.580909106559922062e-02
2.237627353565289912e-02
5.287073075962718527e-02
5.381976383791395313e-02
4.215706221899606643e-02
4.589411092304469114e-02
2.464080990958607970e-02
2.321004634568022904e-02
9.593596133660778347e-02
2.946303677752942426e-02
1.420377844991135667e-02
7.344223872566586764e-02
3.082739684377362038e-02
7.249548059808277878e-02
4.390299717570014804e-02
3.277208131487444748e-02
2.200260185100104751e-02
2.555636623316011671e-02
2.628336248893898761e-02
1.320297478360020135e-02
6.024690989757906096e-02
3.672149056895138153e-02
4.527676702409638709e-02
4.692130791914266713e-02
3.550288005825658760e-02
3.393780419985116537e-02
1.191195617357558058e-02
6.835896657718441849e-02
6.260501615666165531e-02
7.401325253128805681e-02
7.619589655783116922e-02
7.787474561683840890e-02
1.762194989158243422e-02
5.102322504715454954e-02
7.086571259054524896e-02
7.251448893168073451e-02
4.526460212229069940e-02
1.822300617684268279e-02
4.330905638361181448e-02
1.642132696761618160e-02
6.259374723952396136e-02
1.832946246325844672e-02
3.474537913362563818e-02
7.906955171238710944e-02
1.883779132391751043e-02
1.937355579549973617e-02
5.260569363487389849e-02
9.699427375922711758e-02
1.537287310020186114e-02
6.423166890965931360e-03
4.479722951089185751e-02
2.511055740344894302e-02
4.363381946051170940e-02
2.404349375721506407e-02
5.266775629177376100e-02
5.901273385411334033e-02
3.430826132355490471e-02
5.496180021600982624e-02
2.399492704296368045e-02
9.725584560235226925e-03
6.808156555149867672e-02
2.873995499745445395e-02
2.601350041563032373e-02
5.385016645511826044e-02
6.351776173241609202e-02
3.446286002231158802e-02
3.680481433670591829e-02
6.512474553453184711e-02
1.410572809322447642e-02
4.995686792634986689e-02
2.908874157555616305e-02
8.793193216497737635e-03
3.855667208380490069e-02
5.518115805428163573e-02
4.487267086583137526e-02
1.852517729735626145e-02
3.682690222588200224e-02
8.126801404722529265e-02
7.001645922692667501e-02
5.056599651399380779e-02
9.490569732424820881e-02
6.839070288229462391e-02
3.979780271050911006e-02
3.489168387581897263e-02
1.267503537378474321e-01
3.475939978029824601e-02
6.387467940334275174e-02
4.328156749182221485e-02
3.038621646844716709e-02
1.061898894308473985e-02
5.608838647527939619e-02
3.712993962023346944e-02
2.586460714504697916e-02
1.934940876861930212e-02
3.505117654436344654e-02
1.182943773229627044e-02
4.668025287620668727e-03
4.525763530262777445e-02
6.595211189085259385e-02
1.290085516998905335e-02
2.597398779346599129e-02
1.818189961164896895e-02
2.202288324383715190e-02
6.621008259075418512e-02
5.268354340659186369e-02
3.087583630648423408e-02
7.225278661315560902e-02
2.711357295162226955e-02
2.797687501303241370e-02
2.561126972744879465e-02
7.480704975916732669e-02
3.781238967920006605e-02
8.001448215156815869e-02
8.676121171458039960e-02
5.954115931012438079e-02
7.250143835382769075e-02
7.840974881206891345e-02
7.910414275171540055e-02
2.009629097174134293e-02
6.912689675900512976e-02
2.582461280257142625e-02
4.079939426356271603e-02
5.480273776343917019e-02
5.069716337490560304e-02
1.990861637263003150e-02
4.830892973422114961e-02
4.052384913988160697e-02
5.234797458796168479e-02
4.683295988647771801e-02
4.190584396109960780e-02
1.076567948911670708e-01
5.336755265979958168e-02
4.369918781137165087e-02
4.626779478561481029e-02
2.807825398077862591e-02
5.832439833963322384e-02
4.232084216742175442e-02
4.167884561837504470e-02
1.194555291658444367e-02
7.350590158301673060e-02
6.485959531610739626e-02
4.927085186836990816e-02
3.807068837595806166e-02
5.882561466975759490e-02
4.613057992109966671e-02
3.553094800783067331e-02
8.232389983387931529e-03
5.588941959085359790e-02
3.192416778785318876e-02
5.282519304593623344e-02
3.782968848954491869e-02
7.738051844559363547e-03
1.142401621124041963e-02
7.362217283404688672e-02
9.039288802567371772e-02
5.426129149706169358e-02
2.643202328557440334e-02
2.433960605867538027e-02
1.181501000685007408e-01
2.611899745924525090e-02
1.575972599856909073e-02
3.180044778053059407e-02
5.774364026689078611e-02
1.650552872621834088e-02
6.506458843844932505e-02
4.484083663275434395e-02
2.992326408653537759e-02
1.400589011483674082e-02
5.013340020541696279e-02
3.377751533163902281e-02
4.470612014290521741e-02
4.233767601330704761e-02
1.262083507734716899e-02
6.332099570705625180e-02
2.093622856238628108e-02
3.494285780903418070e-02
3.292598734286116685e-02
3.977983050516541164e-02
7.018313589641766992e-02
6.379105980545661525e-02
6.666763862494413939e-02
4.843409910591341128e-02
1.857048365500230808e-02
3.776001863006839265e-02
6.446804586699414474e-02
4.169873862368898149e-02
5.968058845115369049e-02
4.728387618043878443e-02
2.143452533999447990e-02
7.314634028197007642e-02
8.907995175893924575e-03
1.611111059757506722e-02
3.034665027725638731e-02
5.615176536812976210e-02
6.888393186370689314e-02
1.255083807734562809e-02
5.186192509426999775e-02
4.257880923868108403e-02
1.710574709452239092e-02
3.645125055276860621e-02
3.053574409733082404e-02
1.394885676634123432e-02
6.126989650722935304e-02
3.189147778094599678e-02
1.522571510204127031e-02
5.573441090258995922e-02
4.074363016900618695e-02
2.502785963957853896e-02
4.375734010174014976e-02
2.642223252133197101e-02
6.075523303866161434e-02
7.690310482746953724e-02
