4.371443493479996920e+06
4.371763943479997106e+06
4.410395666479997337e+06
4.409791693479997106e+06
4.448840891479996964e+06
4.448773343479997478e+06
4.472560229479997419e+06
4.472142877479997464e+06
4.497405946479996666e+06
4.497145954479997046e+06
4.532216723479997367e+06
4.532021570479996502e+06
4.569767018479996361e+06
4.569612059479996562e+06
4.608370900479996577e+06
4.608264248479996808e+06
4.648499591479997151e+06
4.648248213479996659e+06
4.681383519479997456e+06
4.681895534479997121e+06
4.713255027479996905e+06
4.713490310479996726e+06
4.747234578479996882e+06
4.747502983479997143e+06
4.780419426479996182e+06
4.780605163479996845e+06
4.815815534479998052e+06
4.815502843479997478e+06
4.854651341479997151e+06
4.854600669479996897e+06
4.889673658479996957e+06
4.889389937479997054e+06
4.923788813479996286e+06
4.923462880479997024e+06
4.958829087479996495e+06
4.958822951479996555e+06
4.991831780479996465e+06
4.991233363479997963e+06
5.026277654479996301e+06
5.026527642479997128e+06
5.064691106479996815e+06
5.064601728479997255e+06
5.099823176479997113e+06
5.099997098479997367e+06
5.135202074479997158e+06
5.134959502479996532e+06
5.171668506479997188e+06
5.171916358479997143e+06
5.204612025479997508e+06
5.204910434479997493e+06
5.238638110479996540e+06
5.238429547479997389e+06
5.274892461479997262e+06
5.274705836479997262e+06
5.308539304479998536e+06
5.308073008479996584e+06
5.343295999479996972e+06
5.343027445479997434e+06
5.381110587479995564e+06
5.380829187479997054e+06
5.415436057479996234e+06
5.415263889479996637e+06
5.450186740479996428e+06
5.450200937479997054e+06
5.486886198479996994e+06
5.486715132479996420e+06
5.520317436479996890e+06
5.520510177479997277e+06
5.555128038479997776e+06
5.555499968479997478e+06
5.592454067479997873e+06
5.592730003479996696e+06
5.626859931479997933e+06
5.627174184479996562e+06
5.661985348479996435e+06
5.661772296479997225e+06
5.699860722479997203e+06
5.699831418479996733e+06
5.734292534479997121e+06
5.733998246479997411e+06
5.769638069479997270e+06
5.769353024479996413e+06
5.806760764479996637e+06
5.806496274479997344e+06
5.840955900479996577e+06
5.840545729479996487e+06
5.876129156479996629e+06
5.876425713479996659e+06
5.914140441479996778e+06
5.913875723479997367e+06
5.948612867479996756e+06
5.948908999479996972e+06
5.984286747479996644e+06
5.984205472479997203e+06
6.021788219479997642e+06
6.022095797479996458e+06
6.056545085479996167e+06
6.056901579479997046e+06
6.092506440479996614e+06
6.092308226479996927e+06
6.130406914479997009e+06
6.130184084479996935e+06
6.165134248479996808e+06
6.164885490479996428e+06
6.200889094479996711e+06
6.200660650479997508e+06
6.239173627479996532e+06
6.239173661479997449e+06
6.274389277479997836e+06
6.273946528479997069e+06
6.310072778479998000e+06
6.309897073479996994e+06
6.347977369479997084e+06
6.347854611479996704e+06
6.382906035479997285e+06
6.383285654479996301e+06
6.419066072479996830e+06
6.419538183479996398e+06
6.457484892479996197e+06
6.457660370479997247e+06
6.492687520479996689e+06
6.492924150479997508e+06
6.528653678479996510e+06
6.528628418479997665e+06
6.567429994479997084e+06
6.567462169479996897e+06
6.602833747479996644e+06
6.602543064479997382e+06
6.639088578479996882e+06
6.638724925479997881e+06
6.677429163479996845e+06
6.677081339479996823e+06
6.712864236479996704e+06
6.712637410479996353e+06
6.748926190479997545e+06
6.749396287479997613e+06
6.788198050479996949e+06
6.787974011479996145e+06
6.823272729479996487e+06
6.823646567479996942e+06
6.859878166479997337e+06
6.859926785479996353e+06
6.898519582479996607e+06
6.898979399479997344e+06
6.934695409479997121e+06
6.934771291479997337e+06
6.971365776479996741e+06
6.971321988479997031e+06
7.010218118479997851e+06
7.010137957479996607e+06
7.045894215479997918e+06
7.045782808479998261e+06
7.082569497479996644e+06
7.082675607479996979e+06
7.122215991479996592e+06
7.122075399479997344e+06
7.158096079479997978e+06
7.157503900479997508e+06
7.194477338479997590e+06
7.194499581479996443e+06
7.233674325479997322e+06
7.233508963479997590e+06
7.269776003479997627e+06
7.270194488479997031e+06
7.306955508479997516e+06
7.307154883479997516e+06
7.346277537479997613e+06
7.346390348479997367e+06
7.382385996479997411e+06
7.382951596479996108e+06
7.419680341479996219e+06
7.419829670479997993e+06
7.459310448479997925e+06
7.459482667479997501e+06
7.495707567479997873e+06
7.495425806479997933e+06
7.532923125479996204e+06
7.532753313479997218e+06
7.572394423479997553e+06
7.572287509479996748e+06
7.609117372479996644e+06
7.608884763479996473e+06
7.646472651479996741e+06
7.646458500479997136e+06
7.686198243479996920e+06
7.685863764479997568e+06
7.722011366479996592e+06
7.722505088479997590e+06
7.759640815479997545e+06
7.759941273479998112e+06
7.799571110479996540e+06
7.800136234479996376e+06
7.836733228479996324e+06
7.836970928479997441e+06
7.874222496479997411e+06
7.874129878479997627e+06
7.914232577479997650e+06
7.913814335479997098e+06
7.950850867479996756e+06
7.951001368479996920e+06
7.988840007479997352e+06
7.988703324479996227e+06
8.029117726479996927e+06
8.028785119479997084e+06
8.065614255479997024e+06
8.065278608479997143e+06
8.103328803479997441e+06
8.103456769479997456e+06
8.143624695479997434e+06
8.143496317479997873e+06
8.180880702479997650e+06
8.181202603479997255e+06
8.218647268479998223e+06
8.219118265479996800e+06
8.258783205479997210e+06
8.258853773479996249e+06
8.295821808479996398e+06
8.296174898479998112e+06
8.334002198479996994e+06
8.333740755479996093e+06
8.374325832479998469e+06
8.374591256479997188e+06
8.411769804479997605e+06
8.411725397479996085e+06
8.449853494479997084e+06
8.449796284479998052e+06
8.490363093479996547e+06
8.490352018479997292e+06
8.528345835479997098e+06
8.528099513479998335e+06
8.566248612479997799e+06
8.566470022479997948e+06
8.607175052479997277e+06
8.607308116479996592e+06
8.644633148479996249e+06
8.644907464479997754e+06
8.682959700479997322e+06
8.683255067479996011e+06
8.723701052479997277e+06
8.724311305479995906e+06
8.761543165479997173e+06
8.761571765479996800e+06
8.799591127479996532e+06
8.799805121479997411e+06
8.840966148479998112e+06
8.840923158479997888e+06
8.878680848479997367e+06
8.878766343479996547e+06
8.917646106479996815e+06
8.917391442479997873e+06
8.958822644479997456e+06
8.958618397479996085e+06
8.996281697479996830e+06
8.995985978479996324e+06
9.034679087479997426e+06
9.034949281479995698e+06
9.076094439479997382e+06
9.076117471479997039e+06
9.114395181479996070e+06
9.114647395479997620e+06
9.153030191479995847e+06
9.153264485479995608e+06
9.194134537479996681e+06
9.194420317479997873e+06
9.232165011479996145e+06
9.232820285479996353e+06
9.271394934479996562e+06
9.271533520479995757e+06
9.313074815479997545e+06
9.313176342479996383e+06
9.351211427479997277e+06
9.350837653479997069e+06
9.390049316479995847e+06
9.390139943479998037e+06
9.431887947479996830e+06
9.431810426479997113e+06
9.470574352479996160e+06
9.470263751479996368e+06
9.509416709479996935e+06
9.509278004479994997e+06
9.551054241479996592e+06
9.550789053479997441e+06
9.588803190479997545e+06
9.589245568479998037e+06
9.628399302479997277e+06
9.628969749479997903e+06
9.670104376479998231e+06
9.670765572479996830e+06
9.708996134479995817e+06
9.709326672479996458e+06
9.747918053479997441e+06
9.747926708479996771e+06
9.789885284479996189e+06
9.789762550479996949e+06
9.828277246479997411e+06
9.828915697479996830e+06
9.868392590479996055e+06
9.868283481479996815e+06
9.910166889479996637e+06
9.910405391479998827e+06
9.949244010479997844e+06
9.948687836479999125e+06
9.988396934479996562e+06
9.988680002479998395e+06
1.003082771747999638e+07
1.003083000747999735e+07
1.006987106147999689e+07
1.007036551547999680e+07
1.010931069947999716e+07
1.010962000547999702e+07
1.015153152847999707e+07
1.015193900247999653e+07
1.019073347047999501e+07
1.019119024547999725e+07
1.023075701147999614e+07
1.023071476647999696e+07
1.027314855847999640e+07
1.027352780847999640e+07
1.031244000047999807e+07
1.031216749047999643e+07
1.035185198747999594e+07
1.035193853247999772e+07
1.039466594547999650e+07
1.039498494447999820e+07
1.043448858447999693e+07
1.043440578447999619e+07
1.047424502747999690e+07
1.047436691847999766e+07
1.051685443047999591e+07
1.051679218047999777e+07
1.055546002447999641e+07
1.055580937447999790e+07
1.059585854647999629e+07
1.059647803547999822e+07
1.063893536047999747e+07
1.063949720047999732e+07
1.067855715647999756e+07
1.067901578147999570e+07
1.071821024947999790e+07
1.071840988647999614e+07
1.076137476947999746e+07
1.076170157547999732e+07
1.080091036247999594e+07
1.080145747447999753e+07
1.084179397247999720e+07
1.084155534547999687e+07
1.088464974447999708e+07
1.088479615247999877e+07
1.092427699247999676e+07
1.092383813947999664e+07
1.096387867547999695e+07
1.096450911247999780e+07
1.100762266147999838e+07
1.100782806947999634e+07
1.104773258347999677e+07
1.104805112547999620e+07
1.108786532347999699e+07
1.108818771347999759e+07
1.113102895147999749e+07
1.113144743547999859e+07
1.117095540947999805e+07
1.117150560547999665e+07
1.121185570447999611e+07
1.121208335547999665e+07
1.125503608547999710e+07
1.125542394947999716e+07
1.129513156047999859e+07
1.129480272547999769e+07
1.133522601247999817e+07
1.133534141547999717e+07
1.137880837947999686e+07
1.137898744147999585e+07
1.141898502147999592e+07
1.141910166047999635e+07
1.145974576447999477e+07
1.146006003047999740e+07
1.150320055847999826e+07
1.150348193647999689e+07
1.154331822747999802e+07
1.154370961447999626e+07
1.158455641947999597e+07
1.158510099147999659e+07
1.162831115547999740e+07
1.162887056847999804e+07
1.166894896147999726e+07
1.166904215247999690e+07
1.170957783247999661e+07
1.170975764847999625e+07
1.175372838347999752e+07
1.175401364547999762e+07
1.179424666747999564e+07
1.179456025947999768e+07
1.183580335247999802e+07
1.183557303247999586e+07
1.187978675947999768e+07
1.187982430647999793e+07
1.192000778647999838e+07
1.191981208847999573e+07
1.196108073547999747e+07
1.196167275447999686e+07
1.200550298847999796e+07
1.200566634247999825e+07
1.204586631747999787e+07
1.204650788747999817e+07
1.208677195247999951e+07
1.208781779947999679e+07
1.213119120747999847e+07
1.213194178647999838e+07
1.217196585147999972e+07
1.217296376647999696e+07
1.221405301347999834e+07
1.221428305247999728e+07
1.225839322347999550e+07
1.225863864247999713e+07
1.229905550047999807e+07
1.229888407647999749e+07
1.234031755547999591e+07
1.234063895947999693e+07
1.238518029747999832e+07
1.238501211947999895e+07
1.242613700347999670e+07
1.242600174947999790e+07
1.246724043147999607e+07
1.246748578547999635e+07
1.251158112247999571e+07
1.251176984847999737e+07
1.255221200847999752e+07
1.255309000447999686e+07
1.259467417547999695e+07
1.259538887147999741e+07
1.263908882247999683e+07
1.263987761347999796e+07
1.268054609147999622e+07
1.268090693947999738e+07
1.272207177047999762e+07
1.272237608647999726e+07
1.276714945947999880e+07
1.276737383347999677e+07
1.280834672647999786e+07
1.280844362447999790e+07
1.285016323747999594e+07
1.285013178047999553e+07
1.289502443847999722e+07
1.289510471047999710e+07
1.293634441747999750e+07
1.293597777347999811e+07
1.297803233747999743e+07
1.297887943847999722e+07
1.302338292148000002e+07
1.302351068447999656e+07
1.306466383647999726e+07
1.306524191347999685e+07
1.310662530047999695e+07
1.310753424847999588e+07
1.315197548847999796e+07
1.315264210247999616e+07
1.319338015047999844e+07
1.319456692747999728e+07
1.323637470047999546e+07
1.323695574647999927e+07
1.328141262347999588e+07
1.328198634147999622e+07
1.332325392347999848e+07
1.332313849947999604e+07
1.336567140747999772e+07
1.336591675047999620e+07
1.341090482047999837e+07
1.341091469747999869e+07
1.345265241447999701e+07
1.345285005947999656e+07
1.349531049147999845e+07
1.349555910247999802e+07
1.354085396147999540e+07
1.354107095447999798e+07
1.358229232447999716e+07
1.358325946247999743e+07
1.362543306547999568e+07
1.362598288547999784e+07
1.367069201747999527e+07
1.367149282447999716e+07
1.371284340747999772e+07
1.371366494947999716e+07
1.375524736447999626e+07
1.375575228547999635e+07
1.380127906647999585e+07
1.380149278247999586e+07
1.384318005647999793e+07
1.384354277147999778e+07
1.388601711047999747e+07
1.388588158447999693e+07
1.393151600347999856e+07
1.393175952547999844e+07
1.397361345447999611e+07
1.397300812247999571e+07
1.401614738747999631e+07
1.401683721847999468e+07
1.406239058547999710e+07
1.406205187747999653e+07
1.410422678947999701e+07
1.410514612647999823e+07
