9.668226104124640896e-01
1.010765578919605723e+00
1.003813578111835358e+00
1.007319648093841558e+00
9.932891717539074072e-01
9.599233506706816854e-01
9.502640202032851535e-01
9.386526848376040011e-01
9.225305800341970786e-01
9.370007411677510056e-01
9.575567140374681152e-01
9.561446606711810903e-01
9.974455837380823420e-01
1.018499699276188997e+00
1.013980114492317064e+00
9.952738340548613616e-01
9.792493502830549312e-01
9.544878117514442595e-01
9.193955646029478013e-01
9.293787591329270015e-01
9.394669235709698363e-01
9.448151678847579449e-01
9.766177689534861761e-01
9.912477967543913415e-01
9.913977218794494117e-01
1.017993478606648683e+00
1.005829326923076916e+00
9.732804532577903345e-01
9.632191525493931650e-01
9.277145912316515641e-01
9.336120536435611461e-01
9.338017824887353546e-01
9.592088998763905749e-01
9.674745926762381432e-01
9.886553755185295556e-01
1.001363569615473459e+00
1.006101734691881910e+00
9.907219192142814324e-01
9.737057548759933123e-01
9.637760203617853350e-01
9.536910716992572645e-01
