1.200000000000000000e+03
1.202564102564102541e+03
1.205128205128205082e+03
1.207692307692307622e+03
1.210256410256410163e+03
1.212820512820512931e+03
1.215384615384615472e+03
1.217948717948718013e+03
1.220512820512820554e+03
1.223076923076923094e+03
1.225641025641025635e+03
1.228205128205128176e+03
1.230769230769230717e+03
1.233333333333333258e+03
1.235897435897435798e+03
1.238461538461538566e+03
1.241025641025641107e+03
1.243589743589743648e+03
1.246153846153846189e+03
1.248717948717948730e+03
1.251282051282051270e+03
1.253846153846153811e+03
1.256410256410256352e+03
1.258974358974358893e+03
1.261538461538461434e+03
1.264102564102564202e+03
1.266666666666666742e+03
1.269230769230769283e+03
1.271794871794871824e+03
1.274358974358974365e+03
1.276923076923076906e+03
1.279487179487179446e+03
1.282051282051281987e+03
1.284615384615384528e+03
1.287179487179487296e+03
1.289743589743589837e+03
1.292307692307692378e+03
1.294871794871794918e+03
1.297435897435897459e+03
1.300000000000000000e+03
