8.231163802111262084e-01
8.859604196548753752e-01
8.956217267172571495e-01
8.893156976768367139e-01
8.864902929444633539e-01
8.538924977532368343e-01
8.468092902613815198e-01
8.310605381453780582e-01
8.299473885066930290e-01
8.327010116042390386e-01
8.377687713265514757e-01
8.630377123560316610e-01
8.703254509595871324e-01
8.849021993636499994e-01
8.990005992653716804e-01
8.838211375791816815e-01
8.750694786638092415e-01
8.532962393261076528e-01
8.390453260399352020e-01
8.276222025972618246e-01
8.330748977031616764e-01
8.385599289612583052e-01
8.526785795525487766e-01
8.723356558134282013e-01
8.892655462642516939e-01
8.880673974888783073e-01
8.955031777274850002e-01
8.772493578576223694e-01
8.454251805618234750e-01
8.370885265985814616e-01
8.374933442557958019e-01
8.371176084511692261e-01
8.430281670148339623e-01
8.597617959098863283e-01
8.666867918840086560e-01
8.897266212281108588e-01
8.862143051209282474e-01
8.863232022528196863e-01
8.753056655116256968e-01
8.608146281334509986e-01
