1.500000000000000000e+03
1.502564102564102541e+03
1.505128205128205082e+03
1.507692307692307622e+03
1.510256410256410163e+03
1.512820512820512931e+03
1.515384615384615472e+03
1.517948717948718013e+03
1.520512820512820554e+03
1.523076923076923094e+03
1.525641025641025635e+03
1.528205128205128176e+03
1.530769230769230717e+03
1.533333333333333258e+03
1.535897435897435798e+03
1.538461538461538566e+03
1.541025641025641107e+03
1.543589743589743648e+03
1.546153846153846189e+03
1.548717948717948730e+03
1.551282051282051270e+03
1.553846153846153811e+03
1.556410256410256352e+03
1.558974358974358893e+03
1.561538461538461434e+03
1.564102564102564202e+03
1.566666666666666742e+03
1.569230769230769283e+03
1.571794871794871824e+03
1.574358974358974365e+03
1.576923076923076906e+03
1.579487179487179446e+03
1.582051282051281987e+03
1.584615384615384528e+03
1.587179487179487296e+03
1.589743589743589837e+03
1.592307692307692378e+03
1.594871794871794918e+03
1.597435897435897459e+03
1.600000000000000000e+03
