1.016949152542372836e+00
1.023015363046906989e+00
1.054204275534441848e+00
1.061225270730494108e+00
1.080943157267376886e+00
1.079287927577617046e+00
1.095338838463113307e+00
1.077945196770296876e+00
1.086341313689380028e+00
1.061131386861313919e+00
1.055589743589743668e+00
1.049581028715265152e+00
1.052874004414163789e+00
1.060925938497047083e+00
1.077976052080911407e+00
1.090574962446866358e+00
1.078571900389721838e+00
1.083831107987819120e+00
1.079532666975574262e+00
1.067268197427782672e+00
1.065213557648220677e+00
1.045434425192867112e+00
1.051776370145965256e+00
1.069839499287352114e+00
1.064959226070509413e+00
1.083488310308182712e+00
1.090815732721733378e+00
1.081219040715234891e+00
1.073945193562418465e+00
1.072818581293157658e+00
1.046901509705248090e+00
1.035037371093380454e+00
1.049969078540507139e+00
1.052266542775602387e+00
1.072993129367549425e+00
1.065413127167446072e+00
1.081775990099009821e+00
1.093561091775050453e+00
1.053033458281271706e+00
1.097317073170731794e+00
1.096396197214238422e+00
