9.066988044453441198e-01
8.786436994452646587e-01
8.817371290269724327e-01
8.898451960316985376e-01
8.905761329098108581e-01
8.966730162992643249e-01
8.975515769377615527e-01
9.114861015410403722e-01
9.150904198665590350e-01
9.082572736566714156e-01
8.878536878005662825e-01
8.808013555431616348e-01
8.711000750158851558e-01
8.822819009846216698e-01
8.870812405220582786e-01
9.013131962501607086e-01
9.048266801749627053e-01
9.104841808652385238e-01
9.095272610434506078e-01
9.195557877937517999e-01
9.003629725692051666e-01
8.883901238551805690e-01
8.735257790134767220e-01
8.792100899270165471e-01
8.804768685347937884e-01
8.794087692525458522e-01
9.020100522386358399e-01
8.940797834707132630e-01
9.083728057914056686e-01
9.030252499383408793e-01
9.022719756618469145e-01
8.976800593136462503e-01
8.864394683466350067e-01
8.797152604347276972e-01
8.707109783469472175e-01
8.772900185543969220e-01
8.911055959497069523e-01
8.908116306779156890e-01
9.110266594985364508e-01
9.047723008234968001e-01
