8.852340813490339189e-01
8.299972325964212194e-01
8.301366858207298582e-01
8.521865151448813069e-01
8.632535730918244887e-01
8.812847878560017278e-01
8.766314964105526020e-01
8.832752738532378967e-01
8.759411934017462542e-01
8.559958701397125669e-01
8.493158547596800778e-01
8.425332851937668011e-01
8.407820629423558012e-01
8.467679808203945058e-01
8.694439546283881937e-01
8.714803932752075433e-01
8.747852414459199588e-01
8.743059923539151512e-01
8.763705467032916197e-01
8.651093948781257703e-01
8.542983511756343518e-01
8.419456271229054378e-01
8.450944393869015414e-01
8.488315617606257968e-01
8.523354828766449565e-01
8.754400431884620248e-01
8.782721670345864373e-01
8.788387866685781757e-01
8.796473071788045717e-01
8.748954737194674092e-01
8.685014041697832754e-01
8.489601325737853310e-01
8.374319674952422909e-01
8.411723285679281181e-01
8.395821757824698528e-01
8.612944366094437143e-01
8.645530031303439999e-01
8.949325790161410943e-01
8.743200700793071212e-01
8.839143315601969420e-01
