8.999000922225638410e-01
9.502288720366195429e-01
9.821959395357662270e-01
1.010079492907985710e+00
1.024314723249003967e+00
1.018856524256690488e+00
1.006824160007940838e+00
9.715471250740960185e-01
9.503267973856208695e-01
9.308226282613899505e-01
9.501215021168925023e-01
9.515921518173046101e-01
9.891173821675172118e-01
9.999026456056659962e-01
1.027266746818501497e+00
1.025626781314912250e+00
1.013186600087264244e+00
9.716440558965415697e-01
9.625961257665726079e-01
9.306128929818989759e-01
9.411082315191904302e-01
9.501090192952430513e-01
9.712887601737654197e-01
9.974800503989920131e-01
1.020983199650663087e+00
1.027598427108112000e+00
1.012017346778828486e+00
9.893244450885201324e-01
9.782506796662604476e-01
9.448069738480697755e-01
9.334365325077399467e-01
9.251921939680661788e-01
9.518573409188698653e-01
9.852799916924115387e-01
9.976659940191097142e-01
1.033804448563484746e+00
1.034725583196205667e+00
1.016561192201694386e+00
9.658018490674685763e-01
9.616758687885677004e-01
9.586820778530623643e-01
