1.800000000000000000e+03
1.802564102564102541e+03
1.805128205128205082e+03
1.807692307692307622e+03
1.810256410256410163e+03
1.812820512820512931e+03
1.815384615384615472e+03
1.817948717948718013e+03
1.820512820512820554e+03
1.823076923076923094e+03
1.825641025641025635e+03
1.828205128205128176e+03
1.830769230769230717e+03
1.833333333333333258e+03
1.835897435897435798e+03
1.838461538461538566e+03
1.841025641025641107e+03
1.843589743589743648e+03
1.846153846153846189e+03
1.848717948717948730e+03
1.851282051282051270e+03
1.853846153846153811e+03
1.856410256410256352e+03
1.858974358974358893e+03
1.861538461538461434e+03
1.864102564102564202e+03
1.866666666666666742e+03
1.869230769230769283e+03
1.871794871794871824e+03
1.874358974358974365e+03
1.876923076923076906e+03
1.879487179487179446e+03
1.882051282051281987e+03
1.884615384615384528e+03
1.887179487179487296e+03
1.889743589743589837e+03
1.892307692307692378e+03
1.894871794871794918e+03
1.897435897435897459e+03
1.900000000000000000e+03
