8.437835004972923381e-01
8.801580498218022353e-01
8.836477559489306355e-01
8.760071181819023556e-01
8.607789864113012390e-01
8.437839414390206905e-01
8.429619481361554367e-01
8.400354021570271001e-01
8.427425162126243041e-01
8.531764267876204011e-01
8.607963018188115045e-01
8.869331384148353425e-01
8.815097565489669051e-01
8.742823076593876364e-01
8.607307425349400853e-01
8.493809920408414982e-01
8.451938001852131732e-01
8.382628636056117521e-01
8.447620172919557691e-01
8.532405700465420795e-01
8.677859569017166708e-01
8.782261627079671618e-01
8.786404592419152504e-01
8.845828051023556515e-01
8.690927709227318498e-01
8.455970343607667195e-01
8.461362365640580085e-01
8.345833670698979967e-01
8.439033991305877613e-01
8.535655537344942756e-01
8.701155282505975697e-01
8.853479493242074616e-01
8.774273375233407890e-01
8.615271425628652224e-01
8.674437200752804777e-01
8.531648955564601344e-01
8.406079350429042085e-01
8.400659867949120674e-01
8.448832440183141612e-01
8.555245832124501737e-01
