2.100000000000000000e+03
2.102564102564102541e+03
2.105128205128205082e+03
2.107692307692307622e+03
2.110256410256410163e+03
2.112820512820512704e+03
2.115384615384615245e+03
2.117948717948717785e+03
2.120512820512820326e+03
2.123076923076922867e+03
2.125641025641025863e+03
2.128205128205128403e+03
2.130769230769230944e+03
2.133333333333333485e+03
2.135897435897436026e+03
2.138461538461538566e+03
2.141025641025641107e+03
2.143589743589743648e+03
2.146153846153846189e+03
2.148717948717948730e+03
2.151282051282051270e+03
2.153846153846153811e+03
2.156410256410256352e+03
2.158974358974358893e+03
2.161538461538461434e+03
2.164102564102563974e+03
2.166666666666666515e+03
2.169230769230769056e+03
2.171794871794871597e+03
2.174358974358974592e+03
2.176923076923077133e+03
2.179487179487179674e+03
2.182051282051282215e+03
2.184615384615384755e+03
2.187179487179487296e+03
2.189743589743589837e+03
2.192307692307692378e+03
2.194871794871794918e+03
2.197435897435897459e+03
2.200000000000000000e+03
