9.099091793707427822e-01
9.269398430688753354e-01
8.840146227982718097e-01
1.000217060994139429e+00
9.606034295637073672e-01
1.020245141689801516e+00
1.021684353345932106e+00
9.719446747240281237e-01
9.399786353318200227e-01
8.998397970762966880e-01
8.829954489035994891e-01
9.080415425687875519e-01
9.614179832594443864e-01
1.002788809460771313e+00
1.012972670514783902e+00
9.918727562824092292e-01
9.415652766168229881e-01
9.023554738446549761e-01
8.941528239202657380e-01
9.093177659140061486e-01
9.440647091264602331e-01
9.983442833741391631e-01
1.014422428898773321e+00
1.002236150556589322e+00
9.555095036104005457e-01
8.991544100407946605e-01
8.922335025380710993e-01
9.070498045040892299e-01
9.352079160203021768e-01
9.874754253948885285e-01
1.010622340588361423e+00
9.893733793608119331e-01
9.741792506313456945e-01
9.189072990045308309e-01
8.911345108695651884e-01
8.995882112714402856e-01
9.310351783120864866e-01
9.621928756517124093e-01
9.905074680583048075e-01
9.918334013883217670e-01
9.435909745559289963e-01
