2.400000000000000000e+03
2.402564102564102541e+03
2.405128205128205082e+03
2.407692307692307622e+03
2.410256410256410163e+03
2.412820512820512704e+03
2.415384615384615245e+03
2.417948717948717785e+03
2.420512820512820326e+03
2.423076923076922867e+03
2.425641025641025863e+03
2.428205128205128403e+03
2.430769230769230944e+03
2.433333333333333485e+03
2.435897435897436026e+03
2.438461538461538566e+03
2.441025641025641107e+03
2.443589743589743648e+03
2.446153846153846189e+03
2.448717948717948730e+03
2.451282051282051270e+03
2.453846153846153811e+03
2.456410256410256352e+03
2.458974358974358893e+03
2.461538461538461434e+03
2.464102564102563974e+03
2.466666666666666515e+03
2.469230769230769056e+03
2.471794871794871597e+03
2.474358974358974592e+03
2.476923076923077133e+03
2.479487179487179674e+03
2.482051282051282215e+03
2.484615384615384755e+03
2.487179487179487296e+03
2.489743589743589837e+03
2.492307692307692378e+03
2.494871794871794918e+03
2.497435897435897459e+03
2.500000000000000000e+03
