9.280394873571181646e-01
9.808598771604056799e-01
9.877627028465016945e-01
1.053590800607506983e+00
1.017511520737327091e+00
9.407863571766934552e-01
9.215406562054208051e-01
9.410834321866350383e-01
9.883423372192209344e-01
9.838459148803976317e-01
9.740513392857143016e-01
9.585629270443023486e-01
9.669684365059946218e-01
9.970729111229377217e-01
9.451600312256049907e-01
1.000229673863114455e+00
9.898656610888522112e-01
9.923057194152347105e-01
9.921377761138150397e-01
9.391602399314481486e-01
9.508712996010917351e-01
9.339758047980315503e-01
9.869121561668146025e-01
9.703885326291965541e-01
9.838747370881046894e-01
9.813841436706088883e-01
1.011690209449585875e+00
1.035853468433359348e+00
9.485896269335759579e-01
9.195867026055705162e-01
9.249413604378420306e-01
9.371402256504720585e-01
9.430876092314586234e-01
9.770780273211391309e-01
9.750633981403211692e-01
9.806654676258992342e-01
9.888291270169631275e-01
9.663079082826392385e-01
9.760242085661080536e-01
9.347930702598652442e-01
9.233963047539962554e-01
