9.181661408427485016e-01
8.824597645939052937e-01
9.012046481727834513e-01
9.168047766448532698e-01
9.260704425895552871e-01
8.831733276030826474e-01
8.746965786610991778e-01
8.384081460396566321e-01
8.293117326005650103e-01
8.308236417664930373e-01
8.478533976610425071e-01
8.759748781956703256e-01
9.215849432982755607e-01
9.292472696290542400e-01
9.031408033846355377e-01
8.890972232159506383e-01
8.706391973457873190e-01
8.475098866845992562e-01
8.288507879940820722e-01
8.239949765729320807e-01
8.545826522182842222e-01
8.873121095965582628e-01
9.165518773612508774e-01
9.234236972339988636e-01
9.013696695844809481e-01
8.833438688821625417e-01
8.694758722242871274e-01
8.351102362579675420e-01
8.279313338860306848e-01
8.401456366190291902e-01
8.602458896653358833e-01
8.924688660002227936e-01
9.153308223333498361e-01
9.140113420696287516e-01
9.078751416364924109e-01
8.831733522208681242e-01
8.494034307723853372e-01
8.359403590681678820e-01
8.249624033901556963e-01
8.443615667018812276e-01
