9.661969536531725966e-01
1.011399145064120209e+00
1.015156537198300457e+00
9.952189809014905242e-01
9.719179540561641018e-01
9.032804232804232392e-01
8.883393526718962319e-01
8.983043871923614976e-01
9.168718978517030882e-01
9.542455405897342091e-01
9.983214892967694487e-01
1.012412639883376819e+00
9.989593979373780908e-01
9.686550278400142266e-01
9.278271967085087724e-01
8.979607873953872055e-01
8.929974679123373615e-01
9.012300213596523557e-01
9.407454149449385739e-01
9.815509834953651813e-01
1.002217199440318618e+00
1.003553122087604832e+00
9.744719211620808119e-01
9.403224369822749118e-01
9.033986952263024506e-01
8.874104614359487053e-01
9.004443055214449432e-01
9.281412567185443052e-01
9.673783768477091094e-01
9.946609275086397695e-01
1.001851191007226305e+00
9.883147839489577757e-01
9.596250581691669890e-01
9.212936587931109811e-01
9.015270604087132211e-01
9.055316354083047248e-01
9.104354971240755656e-01
9.545007817735090550e-01
1.000461217070457653e+00
1.031937661197387834e+00
1.035651377439582799e+00
