8.894470465885243593e-01
8.917571798315641063e-01
8.990634451155816720e-01
8.784829639991519334e-01
8.508389249108033736e-01
8.269034618444520701e-01
8.234895285076325733e-01
8.126585459068251804e-01
8.379194153470141959e-01
8.490053361074011429e-01
8.733915409614451120e-01
8.951305792333867917e-01
8.785134509550917015e-01
8.780529578815828851e-01
8.376499356115288952e-01
8.298575686508211646e-01
8.191197002807210081e-01
8.228360873754337890e-01
8.491840548660228860e-01
8.569401962399740835e-01
8.824433370651150188e-01
8.941680293454782325e-01
8.742844810281265033e-01
8.636523240329091466e-01
8.416610408246772979e-01
8.229525451982464546e-01
8.198115434262125412e-01
8.310806108793723501e-01
8.502352983279274357e-01
8.838375359418835231e-01
8.833843195355864930e-01
8.901411778471148839e-01
8.700389189872892448e-01
8.618559324686422274e-01
8.276435660828096452e-01
8.242510587775604414e-01
8.356691170136574254e-01
8.398448185759094242e-01
8.615285691317843275e-01
8.898491695560288850e-01
