2.700000000000000000e+03
2.702564102564102541e+03
2.705128205128205082e+03
2.707692307692307622e+03
2.710256410256410163e+03
2.712820512820512704e+03
2.715384615384615245e+03
2.717948717948717785e+03
2.720512820512820326e+03
2.723076923076922867e+03
2.725641025641025863e+03
2.728205128205128403e+03
2.730769230769230944e+03
2.733333333333333485e+03
2.735897435897436026e+03
2.738461538461538566e+03
2.741025641025641107e+03
2.743589743589743648e+03
2.746153846153846189e+03
2.748717948717948730e+03
2.751282051282051270e+03
2.753846153846153811e+03
2.756410256410256352e+03
2.758974358974358893e+03
2.761538461538461434e+03
2.764102564102563974e+03
2.766666666666666515e+03
2.769230769230769056e+03
2.771794871794871597e+03
2.774358974358974592e+03
2.776923076923077133e+03
2.779487179487179674e+03
2.782051282051282215e+03
2.784615384615384755e+03
2.787179487179487296e+03
2.789743589743589837e+03
2.792307692307692378e+03
2.794871794871794918e+03
2.797435897435897459e+03
2.800000000000000000e+03
