3.000000000000000000e+03
3.002564102564102541e+03
3.005128205128205082e+03
3.007692307692307622e+03
3.010256410256410163e+03
3.012820512820512704e+03
3.015384615384615245e+03
3.017948717948717785e+03
3.020512820512820326e+03
3.023076923076922867e+03
3.025641025641025863e+03
3.028205128205128403e+03
3.030769230769230944e+03
3.033333333333333485e+03
3.035897435897436026e+03
3.038461538461538566e+03
3.041025641025641107e+03
3.043589743589743648e+03
3.046153846153846189e+03
3.048717948717948730e+03
3.051282051282051270e+03
3.053846153846153811e+03
3.056410256410256352e+03
3.058974358974358893e+03
3.061538461538461434e+03
3.064102564102563974e+03
3.066666666666666515e+03
3.069230769230769056e+03
3.071794871794871597e+03
3.074358974358974592e+03
3.076923076923077133e+03
3.079487179487179674e+03
3.082051282051282215e+03
3.084615384615384755e+03
3.087179487179487296e+03
3.089743589743589837e+03
3.092307692307692378e+03
3.094871794871794918e+03
3.097435897435897459e+03
3.100000000000000000e+03
