9.408919597989949812e-01
9.336455252492058543e-01
9.622244407868109084e-01
9.778636089318044622e-01
1.016545704884366685e+00
1.005497671292072681e+00
1.014034559834938065e+00
9.811044876841750195e-01
9.567384319579022023e-01
9.263250494831757331e-01
9.342420452377419027e-01
9.560371384562724728e-01
9.909748946307495032e-01
1.009356247176994348e+00
1.008710877653753446e+00
9.920036307838603351e-01
9.743679391648274457e-01
9.578865505620625109e-01
9.320430314090865087e-01
9.456027209682406065e-01
9.687212511499539991e-01
9.920433145009416309e-01
1.022191874359849706e+00
1.019428670887452926e+00
9.959644090047162779e-01
9.803793487201819534e-01
9.408113211642393781e-01
9.461352709552505180e-01
9.476194908549355755e-01
9.587538777471927842e-01
1.006002105216008635e+00
9.951177484204479784e-01
1.003356799850808834e+00
9.827873034181399126e-01
9.702552820935881339e-01
9.462301843021008185e-01
9.337333075285465522e-01
9.583579009433962348e-01
9.796757518796992414e-01
1.004202416389423869e+00
1.042917390225750474e+00
