8.608952956526964018e-01
8.403219849043265244e-01
8.420891885928908360e-01
8.435887424021153436e-01
8.551796501613132540e-01
8.585050537311115226e-01
8.728363875758581303e-01
8.703845803434435702e-01
8.605173812975883685e-01
8.526619700060082963e-01
8.476874133719310977e-01
8.336574661201838765e-01
8.414123102657040665e-01
8.576784682482111455e-01
8.677256239388015935e-01
8.714280304861773407e-01
8.636970402704270411e-01
8.598773564165310690e-01
8.520329416714181869e-01
8.458929355737148104e-01
8.415787887710302062e-01
8.497098552611352940e-01
8.548829738336856110e-01
8.660510378067932669e-01
8.671488954237239755e-01
8.616657558648790349e-01
8.630815440171127895e-01
8.496471871187577518e-01
8.425062985090689960e-01
8.373632420347744132e-01
8.443187942889890385e-01
8.517364010061589941e-01
8.557901864859704943e-01
8.626400690767080937e-01
8.651911117856175837e-01
8.458455273009382047e-01
8.521593681945942578e-01
8.519516677750824662e-01
8.474849801608986821e-01
8.485435483883202457e-01
