3.000000000000000000e+02
3.025641025641025408e+02
3.051282051282051384e+02
3.076923076923076792e+02
3.102564102564102768e+02
3.128205128205128176e+02
3.153846153846153584e+02
3.179487179487179560e+02
3.205128205128204968e+02
3.230769230769230944e+02
3.256410256410256352e+02
3.282051282051282328e+02
3.307692307692307736e+02
3.333333333333333144e+02
3.358974358974359120e+02
3.384615384615384528e+02
3.410256410256410504e+02
3.435897435897435912e+02
3.461538461538461888e+02
3.487179487179487296e+02
3.512820512820512704e+02
3.538461538461538680e+02
3.564102564102564088e+02
3.589743589743590064e+02
3.615384615384615472e+02
3.641025641025640880e+02
3.666666666666666856e+02
3.692307692307692264e+02
3.717948717948718240e+02
3.743589743589743648e+02
3.769230769230769056e+02
3.794871794871795032e+02
3.820512820512820440e+02
3.846153846153846416e+02
3.871794871794871824e+02
3.897435897435897232e+02
3.923076923076923208e+02
3.948717948717948616e+02
3.974358974358974592e+02
4.000000000000000000e+02
