8.803056337510979379e-01
9.171340590967341777e-01
9.205883240113155175e-01
9.370981639757670623e-01
9.196011736413972626e-01
9.011594741066332181e-01
8.790331292118956918e-01
8.525693017082432990e-01
8.448785174043770274e-01
8.289112305981010120e-01
8.334768747867405958e-01
8.348576572763917181e-01
8.699293650091470820e-01
8.858574675823417399e-01
9.080241016755773442e-01
9.216094378167600798e-01
9.298290460494299525e-01
9.231398507311592283e-01
8.907411818509480828e-01
8.911857566622368720e-01
8.649377733009012692e-01
8.355388842424384954e-01
8.248145299391212992e-01
8.317743927323130171e-01
8.417865166028482005e-01
8.634516227503598040e-01
8.774581926631410678e-01
9.040969541027757961e-01
9.140112356001977023e-01
9.185040746784129961e-01
9.288834490867367011e-01
8.984817370250181012e-01
8.789977656023229002e-01
8.582884832965249622e-01
8.495864246092784677e-01
8.222476273203159769e-01
8.392613277546874251e-01
8.421070741675233950e-01
8.598519456850521880e-01
8.794196821798638819e-01
