1.012652068126520755e+00
1.058072415602588690e+00
1.059974236841316975e+00
1.077560867395041866e+00
1.085538353272343493e+00
1.090915213145666307e+00
1.061904480085222202e+00
1.035993339310874894e+00
1.017510858784500094e+00
9.944553642150966155e-01
9.882899095010823087e-01
9.818623154204032533e-01
9.842264554032401636e-01
9.941801102715948080e-01
1.022211697845133882e+00
1.043703346978088087e+00
1.070858051900705821e+00
1.084214592689168866e+00
1.082986565212222141e+00
1.070241305163998735e+00
1.049486647847917897e+00
1.024150812266527710e+00
1.002548437772735168e+00
9.842731806763987956e-01
9.825988983475212324e-01
9.766685205784204626e-01
9.719692405825861581e-01
1.014688586942922299e+00
1.042199628293429603e+00
1.064204682597151841e+00
1.067501149181429243e+00
1.073465504384273128e+00
1.079765239429105073e+00
1.059646923639402383e+00
1.031828024314523473e+00
1.006161097072769017e+00
9.976715518422133444e-01
9.738604524021048370e-01
1.000324895885636556e+00
9.815690751916490431e-01
1.004771144120360171e+00
