8.724384291305853356e-01
8.920458959222350437e-01
9.203084531730382212e-01
9.185137086735898349e-01
9.385689960209684379e-01
9.320496805974101129e-01
9.241158751933612470e-01
9.269989548127418599e-01
8.936956285995268923e-01
8.594103284780248986e-01
8.504389601940630650e-01
8.226895415687595081e-01
8.140420452034230481e-01
8.024749439482005142e-01
8.102548931119857301e-01
8.232078953667610888e-01
8.664691101257859795e-01
8.762072803477082283e-01
9.082978089825185508e-01
9.253112235751357328e-01
9.359836521267916876e-01
9.319201784996741234e-01
9.067120274535099833e-01
8.785261136599608056e-01
8.537454469022148773e-01
8.234268082313070947e-01
8.047421223034724180e-01
8.039266271999344626e-01
8.109129772675841563e-01
8.380463677310012738e-01
8.834221296717824634e-01
8.972481505876122032e-01
9.110390949894413559e-01
9.337445459040841778e-01
9.409446966306135307e-01
9.188962628155400436e-01
8.751890711180780880e-01
8.471541550734210668e-01
8.245474090114884858e-01
8.099702956429635226e-01
