5.000000000000000000e+01
5.256410256410256210e+01
5.512820512820513130e+01
5.769230769230769340e+01
6.025641025641025550e+01
6.282051282051281760e+01
6.538461538461538680e+01
6.794871794871795601e+01
7.051282051282051100e+01
7.307692307692308020e+01
7.564102564102563520e+01
7.820512820512820440e+01
8.076923076923077360e+01
8.333333333333334281e+01
8.589743589743589780e+01
8.846153846153846700e+01
9.102564102564102200e+01
9.358974358974359120e+01
9.615384615384616041e+01
9.871794871794872961e+01
1.012820512820512846e+02
1.038461538461538538e+02
1.064102564102564088e+02
1.089743589743589780e+02
1.115384615384615472e+02
1.141025641025641022e+02
1.166666666666666714e+02
1.192307692307692406e+02
1.217948717948717956e+02
1.243589743589743648e+02
1.269230769230769340e+02
1.294871794871795032e+02
1.320512820512820440e+02
1.346153846153846416e+02
1.371794871794871824e+02
1.397435897435897516e+02
1.423076923076923208e+02
1.448717948717948616e+02
1.474358974358974592e+02
1.500000000000000000e+02
