1.022760526743618836e+00
1.022241992882562345e+00
1.047720418662409170e+00
1.063651160798423811e+00
1.082529720904127801e+00
1.066924233781050724e+00
1.072697384170962609e+00
1.040156410976866175e+00
1.011100487395349967e+00
9.904099685293867861e-01
9.640457415248865347e-01
9.498614592954215397e-01
9.454013129303049379e-01
9.400286873083391059e-01
9.602450573851627480e-01
1.000095158343483615e+00
1.015686527661222582e+00
1.045559996645889722e+00
1.053630691623523186e+00
1.062380976890215711e+00
1.078033771834193466e+00
1.050554729497884088e+00
1.025790251107828732e+00
9.970057337014227583e-01
9.707989169551358710e-01
9.535463007472796404e-01
9.387622149837133723e-01
9.256933279742765031e-01
9.416735497807993127e-01
9.762925668759855347e-01
1.016051635577182921e+00
1.029646407953816567e+00
1.050389257910149254e+00
1.067757437910414886e+00
1.074353409296437079e+00
1.064536574453806672e+00
1.036027864451055880e+00
1.015311111731999727e+00
9.855660234772533057e-01
9.603701418877236273e-01
9.494991886296234584e-01
