9.787486643713640966e-01
1.015047129391602354e+00
1.043369265480070140e+00
1.032044536474422181e+00
9.942729753622631117e-01
9.801894384943973249e-01
9.377227576607546355e-01
8.936695067875357612e-01
8.682800280255259517e-01
8.737070992007521797e-01
9.076485510031516712e-01
9.281823722099489249e-01
9.706918538050878231e-01
1.007267532144853650e+00
1.023628115276121742e+00
1.037559749853577351e+00
1.004778273022588264e+00
9.770130434131512054e-01
9.432167032128896400e-01
9.058273219116320663e-01
8.704154618779486041e-01
8.737317012811482986e-01
8.893066688703412659e-01
9.311674114420513959e-01
9.677325269023532295e-01
9.936869644346705277e-01
1.031316252829781899e+00
1.030499960756612543e+00
1.018988683901066006e+00
9.921357104623872436e-01
9.411337868480725843e-01
9.126908620178735276e-01
8.757684524036809526e-01
8.728966138079080617e-01
8.930026100979202575e-01
9.127949924186462560e-01
9.509841996606912540e-01
9.923959802224086024e-01
1.013499663709444887e+00
1.027940776434927983e+00
1.015609065745384898e+00
