6.000000000000000000e+02
6.025641025641025408e+02
6.051282051282050816e+02
6.076923076923077360e+02
6.102564102564102768e+02
6.128205128205128176e+02
6.153846153846153584e+02
6.179487179487178992e+02
6.205128205128205536e+02
6.230769230769230944e+02
6.256410256410256352e+02
6.282051282051281760e+02
6.307692307692307168e+02
6.333333333333333712e+02
6.358974358974359120e+02
6.384615384615384528e+02
6.410256410256409936e+02
6.435897435897436480e+02
6.461538461538461888e+02
6.487179487179487296e+02
6.512820512820512704e+02
6.538461538461538112e+02
6.564102564102564656e+02
6.589743589743590064e+02
6.615384615384615472e+02
6.641025641025640880e+02
6.666666666666666288e+02
6.692307692307692832e+02
6.717948717948718240e+02
6.743589743589743648e+02
6.769230769230769056e+02
6.794871794871794464e+02
6.820512820512821008e+02
6.846153846153846416e+02
6.871794871794871824e+02
6.897435897435897232e+02
6.923076923076923777e+02
6.948717948717949184e+02
6.974358974358974592e+02
7.000000000000000000e+02
