9.034423141928653589e-01
9.252372999165822121e-01
9.148881076923038869e-01
8.818473102322997859e-01
8.417755519552804211e-01
7.957933282596800773e-01
7.860815501910988212e-01
7.787997351585149719e-01
7.968672607079110293e-01
8.188762796581182668e-01
8.517374810524791506e-01
8.897091346229564213e-01
9.201621140776010677e-01
9.242584793682986355e-01
9.164823941826848452e-01
8.843825967054227410e-01
8.649724633804071194e-01
8.231667123401753550e-01
7.921697129180133023e-01
7.878285710464243419e-01
7.887376115427157108e-01
8.148552274697293818e-01
8.505155543005091801e-01
8.761340404936962534e-01
9.075290902505060986e-01
9.270742004059930874e-01
9.154023357948960493e-01
9.078997559249849525e-01
8.661030923449286600e-01
8.241462640029133535e-01
8.119683029354648474e-01
7.892282587431825869e-01
7.859716497390925039e-01
8.014822521096258701e-01
8.291810596695756708e-01
8.665787360691395991e-01
9.037135017298167927e-01
9.159642392014767376e-01
9.142812025708382251e-01
9.027149004141630240e-01
