8.235543590355079990e-01
8.677675233739569061e-01
8.722283388330768217e-01
9.083830762052542696e-01
9.198532862234009011e-01
9.173073878609000475e-01
9.121800447668765299e-01
8.818211727812159673e-01
8.612948605845017758e-01
8.470531178813577311e-01
8.362233989948290036e-01
8.357789517671537771e-01
8.532402391472785341e-01
8.640611527632570121e-01
8.855003844468026797e-01
9.122530543184074192e-01
9.201093968245598331e-01
9.212880172932401690e-01
9.085347575269314691e-01
8.956186304758385619e-01
8.625945775245879021e-01
8.422297043229762803e-01
8.307098154917355037e-01
8.330341477923381976e-01
8.527317061332870818e-01
8.766209918088632147e-01
8.856321942206457631e-01
9.020946064434408607e-01
9.174614555039817265e-01
9.118295075021507490e-01
9.011598170221549742e-01
8.756291487508097715e-01
8.524463340628101182e-01
8.363077907527399768e-01
8.321447466647817759e-01
8.436770251816259059e-01
8.607420398086724767e-01
8.732410567163780835e-01
9.023039206711207516e-01
9.218923824098941289e-01
