9.021969632708457532e-01
9.473046805114019309e-01
9.928106903056446164e-01
1.028304434721547089e+00
1.014008513461219563e+00
9.881883149610369843e-01
9.561700486404250965e-01
9.124090367402825086e-01
8.995143072825421138e-01
9.126034337179848022e-01
9.517234478963430000e-01
9.982803095442820407e-01
1.014684714107728203e+00
1.018210321690600217e+00
1.009143037746071947e+00
9.644791898946705189e-01
9.173733181237201384e-01
9.077612291374868025e-01
9.112817123392139562e-01
9.389073540093768599e-01
9.793326996661061434e-01
1.010813614779936920e+00
1.018287614297589405e+00
9.949458044087200470e-01
9.564645421461591690e-01
9.262324320468002803e-01
9.046125083235158071e-01
9.118388595881543601e-01
9.337327007586523342e-01
9.730366726869820182e-01
1.004115093517517376e+00
1.033460138258273098e+00
1.033186177500380554e+00
9.302820649281532406e-01
8.976303317535545556e-01
9.104477611940298143e-01
9.331823329558324165e-01
1.020094562647754222e+00
1.057562076749435587e+00
9.222343921139102285e-01
9.558359621451104626e-01
