9.527740892498013370e-01
8.990659615369546165e-01
9.568267173201217002e-01
8.904067482816998558e-01
9.169134985723305098e-01
9.185813361644690200e-01
9.184158704042097998e-01
9.320111756250621937e-01
9.132269483231029161e-01
9.213751804263271561e-01
8.928992394376835673e-01
8.984848329105652454e-01
8.968744402648258784e-01
9.097118735117112331e-01
9.237807490651201991e-01
9.255515968596986776e-01
9.297230571865805482e-01
9.128483338141840653e-01
8.969060037022572596e-01
9.099161468191117041e-01
9.135632154998134524e-01
9.155517746375526622e-01
9.356747693398677068e-01
9.160580662710197108e-01
9.229784058386284462e-01
9.135836605713484326e-01
9.054004305262461916e-01
9.083732492893199506e-01
9.136508427562937129e-01
9.179148169377654431e-01
9.310093751598991219e-01
9.272900135710507863e-01
9.214410534421210164e-01
9.176771005733970199e-01
9.051587751606107179e-01
9.113666469811751991e-01
9.176369133491411034e-01
9.173168388471193424e-01
9.236416277955686871e-01
9.276821781224665608e-01
9.228360776005090083e-01
