8.776797431547368467e-01
8.627701369698659306e-01
8.608618578447903014e-01
8.647978922851139449e-01
8.736998002206135538e-01
8.667628896904158164e-01
8.681056497555591500e-01
8.609763258862441759e-01
8.518018583055818604e-01
8.613618231881776666e-01
8.638815688487865296e-01
8.662691413569543197e-01
8.567375467400921707e-01
8.781920571738075498e-01
8.656488852412115298e-01
8.704884327594595295e-01
8.612363826031999015e-01
8.664366865277542962e-01
8.616442317632790893e-01
8.693292475091493055e-01
8.590580967363894427e-01
8.634832623569286270e-01
8.752504362668812599e-01
8.682448477081330385e-01
8.630982940374096746e-01
8.641822536538729116e-01
8.638080756448871522e-01
8.715816566072621674e-01
8.650430985008183971e-01
8.627821293914429424e-01
8.789137841898735370e-01
8.662527948350546847e-01
8.667721727878111571e-01
8.611219009140448355e-01
8.652997015580925488e-01
8.596687106916356402e-01
8.594066596027664096e-01
8.595512774645264198e-01
8.584548405246626990e-01
8.684828148075396381e-01
