1.400000000000000000e+04
1.401025641025641016e+04
1.402051282051282033e+04
1.403076923076923049e+04
1.404102564102564065e+04
1.405128205128205082e+04
1.406153846153846098e+04
1.407179487179487114e+04
1.408205128205128131e+04
1.409230769230769147e+04
1.410256410256410345e+04
1.411282051282051361e+04
1.412307692307692378e+04
1.413333333333333394e+04
1.414358974358974410e+04
1.415384615384615427e+04
1.416410256410256443e+04
1.417435897435897459e+04
1.418461538461538476e+04
1.419487179487179492e+04
1.420512820512820508e+04
1.421538461538461524e+04
1.422564102564102541e+04
1.423589743589743557e+04
1.424615384615384573e+04
1.425641025641025590e+04
1.426666666666666606e+04
1.427692307692307622e+04
1.428717948717948639e+04
1.429743589743589837e+04
1.430769230769230853e+04
1.431794871794871869e+04
1.432820512820512886e+04
1.433846153846153902e+04
1.434871794871794918e+04
1.435897435897435935e+04
1.436923076923076951e+04
1.437948717948717967e+04
1.438974358974358984e+04
1.440000000000000000e+04
