8.726462240201845466e-01
8.626324195807507644e-01
8.835112935250449828e-01
8.706027993332302595e-01
8.671951018416272916e-01
8.744039254707391962e-01
8.724453851598111820e-01
8.703109139667304373e-01
8.668249013578156470e-01
8.769534023196925432e-01
8.681684386470609471e-01
8.685431304018773613e-01
8.817260034091518595e-01
8.695751356457801506e-01
8.661618548064021761e-01
8.657313985601338135e-01
8.801365454388238030e-01
8.676757233401513059e-01
8.714262509102107535e-01
8.696965928308448834e-01
8.795544626683058365e-01
8.742706551931703762e-01
8.718062698283708389e-01
8.799523602063714645e-01
8.736129788826708653e-01
8.740229512774732035e-01
8.741813637453856867e-01
8.721635111817584995e-01
8.700164284153872885e-01
8.738671889820672778e-01
8.723555256205166586e-01
8.623500428477260948e-01
8.696694990506024237e-01
8.719104359066154331e-01
8.752253262330367267e-01
8.685051951088917921e-01
8.855614330540320100e-01
8.825461231769853310e-01
8.699525173625690666e-01
8.712693692961819281e-01
