1.600000000000000000e+04
1.601025641025641016e+04
1.602051282051282033e+04
1.603076923076923049e+04
1.604102564102564065e+04
1.605128205128205082e+04
1.606153846153846098e+04
1.607179487179487114e+04
1.608205128205128131e+04
1.609230769230769147e+04
1.610256410256410345e+04
1.611282051282051361e+04
1.612307692307692378e+04
1.613333333333333394e+04
1.614358974358974410e+04
1.615384615384615427e+04
1.616410256410256443e+04
1.617435897435897459e+04
1.618461538461538476e+04
1.619487179487179492e+04
1.620512820512820508e+04
1.621538461538461524e+04
1.622564102564102541e+04
1.623589743589743557e+04
1.624615384615384573e+04
1.625641025641025590e+04
1.626666666666666606e+04
1.627692307692307622e+04
1.628717948717948639e+04
1.629743589743589837e+04
1.630769230769230853e+04
1.631794871794871869e+04
1.632820512820512886e+04
1.633846153846153902e+04
1.634871794871794918e+04
1.635897435897435935e+04
1.636923076923076951e+04
1.637948717948717967e+04
1.638974358974358984e+04
1.640000000000000000e+04
