9.253900258656930777e-01
9.534556880154676506e-01
9.334762662471254302e-01
9.415994319098436316e-01
9.254878986414734054e-01
9.376554233421352524e-01
9.329065749927307749e-01
9.426869271691291630e-01
9.470793294008581498e-01
9.365805597865912713e-01
9.176528611889605003e-01
9.190525345425424320e-01
9.219742564446580246e-01
9.244919548747299043e-01
9.137886674150031974e-01
9.537891512761043078e-01
9.508912050008934136e-01
9.487436679146311613e-01
9.330344057854194073e-01
9.222095554699375475e-01
9.110588869755543717e-01
9.402530934156256848e-01
9.218116815973118605e-01
9.573749977221484020e-01
9.473751537738850370e-01
9.402757166961344115e-01
9.427202246768979776e-01
9.407280072517236746e-01
9.272723185156189762e-01
9.216246199188995458e-01
9.325765053100424362e-01
9.210393125922946567e-01
9.457923659649114523e-01
9.496864248179426315e-01
9.357699864012486435e-01
9.349754934367741077e-01
9.342742478923902194e-01
9.231159579866865528e-01
9.212603402996313307e-01
9.505545490421478672e-01
9.344459494243867459e-01
