8.991785970565411290e-01
9.239582672040673739e-01
9.239658213077687199e-01
9.388756029449585316e-01
9.220117341281047763e-01
9.280610020934778603e-01
9.167415574699466774e-01
9.184115187844852368e-01
9.141214824174335174e-01
9.220653610754288021e-01
9.262796231042882411e-01
9.504996541221550910e-01
9.355206811427854152e-01
9.319459166608679013e-01
9.118819053128216501e-01
9.039094929478272977e-01
8.985021030053976787e-01
9.073356856912540014e-01
9.105605467811699327e-01
9.334991207051869244e-01
9.520713900114439188e-01
9.328275452569718684e-01
9.229170052083123243e-01
9.086133955472446289e-01
9.053850737441987429e-01
8.971075728762807344e-01
9.156975978003920602e-01
9.303179872403403161e-01
9.323313542873548077e-01
9.354087453577595301e-01
9.107169911828829623e-01
9.155513133164643325e-01
9.049619995312276899e-01
9.149277457713997919e-01
9.337469705821854760e-01
9.657293497571520779e-01
9.609339169316427620e-01
9.323045020474255429e-01
8.986216280001991796e-01
9.081663984788874711e-01
9.010019288810596771e-01
