8.645958211250084346e-01
8.751204135951834440e-01
8.549946150249247978e-01
8.681436549425732840e-01
8.757376922936132013e-01
8.688577270006032638e-01
8.686272041696051494e-01
8.621049525828098359e-01
8.658646809130893240e-01
8.640899292620142225e-01
8.646591104620375834e-01
8.642442931186081756e-01
8.692395196722886297e-01
8.628961370939108866e-01
8.707539402289260488e-01
8.609627322779470626e-01
8.739578334615096811e-01
8.707651106406887331e-01
8.694592913930898614e-01
8.661460417295426817e-01
8.741884230287819690e-01
8.620008422098429657e-01
8.754663783306064762e-01
8.650122927819783314e-01
8.726573835462081430e-01
8.775779357092707844e-01
8.679638035406103125e-01
8.788937329980670565e-01
8.731924193455320449e-01
8.691055811057871727e-01
8.702875975703465716e-01
8.727446404277898750e-01
8.665279164595768302e-01
8.754466945238587039e-01
8.689235906277786858e-01
8.713856165397444453e-01
8.639891197614530949e-01
8.663171070236005411e-01
8.780175916325372310e-01
8.700713902063614835e-01
