1.800000000000000000e+04
1.801025641025641016e+04
1.802051282051282033e+04
1.803076923076923049e+04
1.804102564102564065e+04
1.805128205128205082e+04
1.806153846153846098e+04
1.807179487179487114e+04
1.808205128205128131e+04
1.809230769230769147e+04
1.810256410256410163e+04
1.811282051282051179e+04
1.812307692307692196e+04
1.813333333333333212e+04
1.814358974358974228e+04
1.815384615384615245e+04
1.816410256410256261e+04
1.817435897435897277e+04
1.818461538461538294e+04
1.819487179487179310e+04
1.820512820512820690e+04
1.821538461538461706e+04
1.822564102564102723e+04
1.823589743589743739e+04
1.824615384615384755e+04
1.825641025641025772e+04
1.826666666666666788e+04
1.827692307692307804e+04
1.828717948717948821e+04
1.829743589743589837e+04
1.830769230769230853e+04
1.831794871794871869e+04
1.832820512820512886e+04
1.833846153846153902e+04
1.834871794871794918e+04
1.835897435897435935e+04
1.836923076923076951e+04
1.837948717948717967e+04
1.838974358974358984e+04
1.840000000000000000e+04
