2.000000000000000000e+04
2.001025641025641016e+04
2.002051282051282033e+04
2.003076923076923049e+04
2.004102564102564065e+04
2.005128205128205082e+04
2.006153846153846098e+04
2.007179487179487114e+04
2.008205128205128131e+04
2.009230769230769147e+04
2.010256410256410163e+04
2.011282051282051179e+04
2.012307692307692196e+04
2.013333333333333212e+04
2.014358974358974228e+04
2.015384615384615245e+04
2.016410256410256261e+04
2.017435897435897277e+04
2.018461538461538294e+04
2.019487179487179310e+04
2.020512820512820690e+04
2.021538461538461706e+04
2.022564102564102723e+04
2.023589743589743739e+04
2.024615384615384755e+04
2.025641025641025772e+04
2.026666666666666788e+04
2.027692307692307804e+04
2.028717948717948821e+04
2.029743589743589837e+04
2.030769230769230853e+04
2.031794871794871869e+04
2.032820512820512886e+04
2.033846153846153902e+04
2.034871794871794918e+04
2.035897435897435935e+04
2.036923076923076951e+04
2.037948717948717967e+04
2.038974358974358984e+04
2.040000000000000000e+04
