8.610502347769906084e-01
8.680696219238756006e-01
8.591759532896343643e-01
8.620794989402457142e-01
8.665355379117400947e-01
8.561627542779749467e-01
8.585186877470448730e-01
8.638401558580570683e-01
8.609144929363529153e-01
8.741095167102985730e-01
8.640601374216732022e-01
8.561166589788431480e-01
8.609678547125365622e-01
8.707443535433909698e-01
8.623005861953728646e-01
8.570135685946087545e-01
8.600219170535291502e-01
8.596389156926633746e-01
8.547629490459229817e-01
8.650819765694883756e-01
8.721117193891270158e-01
8.725467452846318306e-01
8.653069065190095444e-01
8.561827298066310155e-01
8.681303002763496313e-01
8.675507268710305198e-01
8.546918573108410744e-01
8.702671306746874169e-01
8.614037694412477464e-01
8.624706348255163357e-01
8.621212623106488948e-01
8.556935130326517314e-01
8.684050332117433380e-01
8.639192753083436704e-01
8.600276451013206813e-01
8.628287122288392785e-01
8.564984138370412836e-01
8.752007955998232225e-01
8.649534103830334164e-01
8.578081694590495854e-01
