9.012631043877838977e-01
9.222121752175924669e-01
9.263625554036722942e-01
9.214336815944259573e-01
9.263823018057282255e-01
9.342384535373435828e-01
9.445727935018728427e-01
9.180929420543272323e-01
9.240038606117725317e-01
9.274096366242587930e-01
9.064991924980076998e-01
9.144030878601328016e-01
9.199184015019457039e-01
9.210772046459967388e-01
9.427800095840126460e-01
9.331168584490917572e-01
9.370802592878948456e-01
9.277822248210100264e-01
9.280206657828642403e-01
9.262279301783415963e-01
9.039964678941482257e-01
9.169251720931870242e-01
9.215049810332210933e-01
9.177082452559035541e-01
9.313221270455738221e-01
9.534676513222712924e-01
9.512784109691200252e-01
9.083550926281784843e-01
9.218760547863155130e-01
8.896932106011876673e-01
9.327343785445638691e-01
9.132071679235315154e-01
9.226059839800928586e-01
9.640683327358379184e-01
9.266814458397384380e-01
9.415184146247683739e-01
9.240152125672208561e-01
9.019520501696630665e-01
9.161845977134552843e-01
9.249168156239349070e-01
9.108904376851091333e-01
