8.735331965788631914e-01
8.905334592231701762e-01
8.829643647739405798e-01
8.936768207411752707e-01
8.873078803567706618e-01
8.883521478408876737e-01
8.843871557960714114e-01
8.880256906158392471e-01
9.024947215257155264e-01
8.950197617663239180e-01
8.886811014662898689e-01
8.962923290151202371e-01
8.888160284720996174e-01
8.831011636901537898e-01
8.807304590553262091e-01
8.868002638589629338e-01
8.794598558031599955e-01
8.920885402575148282e-01
8.785229540675590920e-01
8.885693341299825132e-01
8.887000842545115242e-01
8.886924485901366300e-01
8.839785560756032723e-01
8.991436213721127890e-01
8.992989939887504613e-01
8.960544458650068211e-01
8.799280000951643643e-01
8.965649811667416591e-01
8.926386370134442583e-01
8.807051683681130783e-01
8.886291800174277444e-01
8.858953362959658406e-01
9.111628000572785657e-01
8.894572450639049999e-01
9.096741369937072497e-01
8.982392684906301827e-01
8.823601337502736675e-01
9.032519262417288974e-01
8.870192177300080250e-01
8.921968336155208235e-01
