9.498710348625536426e-01
9.752528223965908349e-01
9.662402419562626799e-01
9.681684209448778722e-01
9.614726812470415496e-01
9.685733802514816526e-01
9.786784336267453366e-01
9.791942099416448553e-01
9.968255519056008485e-01
9.756458733969848307e-01
9.907652929850137014e-01
9.626774655409986448e-01
9.791961453987051422e-01
9.835805162191629814e-01
1.006495519291398022e+00
9.770798983083551770e-01
9.800211576701377547e-01
9.905012946691025277e-01
9.587238248450701272e-01
1.018244469553833742e+00
9.670810243159524422e-01
9.890359683322966777e-01
9.748496258622344479e-01
9.593062316331086858e-01
1.002929577559996011e+00
9.660699752561680009e-01
9.816156288407071884e-01
9.426381918641373314e-01
9.584112082534248511e-01
9.798005985333215762e-01
9.701715984451103614e-01
9.544673323501384754e-01
9.741943176134919558e-01
9.534578872852005338e-01
9.822838140066096901e-01
9.611877728676079258e-01
9.886837397121508442e-01
1.020105778353618264e+00
1.001045523698393946e+00
9.859716385561030361e-01
9.754499272356531581e-01
