2.200000000000000000e+04
2.201025641025641016e+04
2.202051282051282033e+04
2.203076923076923049e+04
2.204102564102564065e+04
2.205128205128205082e+04
2.206153846153846098e+04
2.207179487179487114e+04
2.208205128205128131e+04
2.209230769230769147e+04
2.210256410256410163e+04
2.211282051282051179e+04
2.212307692307692196e+04
2.213333333333333212e+04
2.214358974358974228e+04
2.215384615384615245e+04
2.216410256410256261e+04
2.217435897435897277e+04
2.218461538461538294e+04
2.219487179487179310e+04
2.220512820512820690e+04
2.221538461538461706e+04
2.222564102564102723e+04
2.223589743589743739e+04
2.224615384615384755e+04
2.225641025641025772e+04
2.226666666666666788e+04
2.227692307692307804e+04
2.228717948717948821e+04
2.229743589743589837e+04
2.230769230769230853e+04
2.231794871794871869e+04
2.232820512820512886e+04
2.233846153846153902e+04
2.234871794871794918e+04
2.235897435897435935e+04
2.236923076923076951e+04
2.237948717948717967e+04
2.238974358974358984e+04
2.240000000000000000e+04
