1.047058865003827277e+00
7.911759930631508952e-01
6.020308280997125339e-01
6.149141632770597221e-01
7.608664488433761752e-01
7.608403818565627752e-01
7.597123468203669239e-01
6.566675910569774732e-01
5.651691562041183392e-01
7.812211407111889772e-01
5.454957956624517657e-01
7.831233212891064444e-01
5.031996110898139252e-01
5.361134404630756300e-01
8.074528010264349076e-01
6.254728876340986954e-01
9.817175720511157611e-01
6.337431950580757478e-01
9.463327318222305440e-01
1.366884402866822334e+00
1.356150380232339581e+00
1.347662280588021733e-01
1.692211147532677873e-01
3.784792996957959677e-01
3.928698519123328681e-01
4.156049593963288546e-01
3.538906202329457074e-01
5.891719459808273385e-01
4.244096129498335923e-01
4.739152930021096055e-01
5.403711963560686726e-01
3.817414479924935433e-01
5.940570300974237217e-01
2.076130729163561395e-01
6.738031810111939635e-01
2.783578370387678746e-01
5.411061097922919005e-01
5.278332089468363852e-01
4.350856556801437347e-01
5.767358151858563708e-01
4.690148495570247711e-01
4.628683281998259846e-01
3.582024515894150496e-01
5.401590821244319773e-01
3.813640197357986428e-01
3.522259026319936592e-01
4.549166989285750029e-01
3.872602689187572000e-01
7.055880487940194845e-01
5.265271100040674890e-01
4.603813217954851322e-01
1.779267850584010102e-01
4.035800062084238249e-01
5.729436650190337099e-01
5.228181803555486118e-01
3.978228546419326772e-01
4.094638419411649188e-01
3.487231130732436624e-01
5.580280145642968481e-01
5.026208213262992608e-01
3.206964079734646589e-01
3.484745140943717456e-01
2.468142399633707629e-01
3.945582328612179390e-01
4.754707612594840094e-01
3.370611666835736653e-01
4.568458517418552689e-01
4.143972063318871468e-01
5.393762620561887156e-01
3.690961220751211025e-01
2.998846474876725732e-01
4.266821417011510409e-01
5.366658776974364553e-01
4.947130350293955647e-01
4.797503006204985598e-01
3.915569630259490008e-01
2.962818959637349980e-01
5.310775303828020322e-01
3.596090759756960242e-01
3.415398723328637032e-01
4.541440607122000928e-01
3.636069527297609572e-01
3.644221755777881655e-01
4.415328427687066903e-01
3.622048715180878342e-01
3.000111365549408271e-01
4.219934568784783346e-01
4.857192769801239596e-01
3.059158746663853679e-01
3.578093605441212133e-01
3.165679179436987067e-01
5.369420238577644611e-01
4.486561177034202874e-01
5.432961565678200433e-01
2.823652093088264703e-01
4.260591088951449779e-01
4.643602292441926238e-01
3.738100594062428450e-01
4.881860205262162911e-01
2.990890163090825227e-01
3.105695709891915790e-01
4.100448485189536751e-01
4.318807107796386879e-01
3.112251604612629174e-01
2.570331452588121568e-01
3.394296668066391631e-01
4.264894589880058873e-01
4.756772314264650081e-01
4.177590131611312874e-01
2.801074218741838040e-01
1.623122451119791976e-01
4.025967705222586734e-01
3.985507820289410086e-01
4.330308649147927014e-01
4.251615101185101664e-01
2.773400411016924139e-01
4.442815487273981123e-01
4.281252516604521774e-01
3.584277631960542942e-01
3.002451542648668092e-01
5.784815525485378362e-01
3.901866654270389478e-01
4.349323890244737312e-01
4.125804956785102950e-01
3.215436035697631922e-01
4.045040397165382551e-01
2.552452589832209795e-01
4.815756929318288360e-01
3.394119785709692194e-01
3.085145439115746235e-01
4.173939954357914761e-01
3.917289685397707943e-01
3.815040305952128175e-01
3.334465239420716376e-01
3.510510880562556224e-01
4.375154533282576419e-01
3.733063415077331193e-01
1.412562883732444430e-01
3.428237517554915681e-01
4.846842923605572118e-01
4.302782301389891928e-01
4.163882823186258464e-01
3.024872553639397221e-01
4.609040804489268339e-01
2.430992041805634107e-01
4.258729087317986717e-01
4.669233749365463981e-01
2.060438009749742116e-01
2.932269873869247645e-01
3.546639333122301174e-01
4.334837375128942072e-01
