4.473405119116806161e-01
3.851012784183039384e-01
2.273205567973383134e-01
2.508134484450574853e-01
2.095064140899433880e-01
1.639879066681180220e-01
2.114107043006481779e-01
2.463464733477272184e-01
2.060030423231184182e-01
3.188256885494516468e-01
2.661901355933823932e-01
2.822494839708487580e-01
1.049951822147556363e-01
1.567270331366401315e-01
1.963701032085187481e-01
2.202375504739915724e-01
3.010228860155528818e-01
3.480081900338252709e-01
4.261386955482162620e-01
8.865585105801531141e-01
1.302030382101985406e+00
3.938116914213551922e-01
2.570545740361618314e-01
1.177105344360798306e-01
1.033165833978977599e-01
1.427864592061919846e-01
8.017782904825354606e-02
8.619511416513157831e-02
6.514987844783445836e-02
5.095859084200972389e-02
4.619521918896857954e-02
5.874524738463562934e-02
5.137675929008236886e-02
1.131321311586675760e-01
4.337430328866184737e-02
1.976894980389410847e-02
1.336561126145452971e-01
3.118696034279127074e-02
3.955587487041636180e-02
6.818058821206561537e-02
1.149054570448667795e-01
8.367061905066362770e-02
4.584448802646860777e-02
7.805596244845643128e-02
2.269327221605265191e-02
9.002537545515391926e-02
3.906686955104930747e-02
4.775657433286352449e-02
1.066341530926137454e-01
1.183699840179586737e-01
5.128248185350464672e-02
1.102259353386159518e-01
6.064845963974518916e-02
3.200152267152045482e-02
8.273728500073179726e-02
6.732232893702866372e-02
3.345966955346166283e-02
4.754308392386131371e-02
5.850356925281223475e-02
1.023770428173318703e-01
1.014503429501523862e-02
4.430266225277962322e-02
3.606736600121606545e-02
3.712206097229265450e-02
3.422863961981954806e-02
4.903632953868872907e-02
3.872178953726981843e-02
5.107767059611010435e-02
4.149460191384664320e-02
5.024796459541113619e-02
7.170609636990947500e-02
9.211566648590018003e-02
7.550720368315054498e-02
5.229771438363281510e-02
5.072600326143517774e-02
7.970764047916216455e-02
2.525613536151187499e-02
5.226832354801227293e-02
2.482579953646510407e-02
4.469197618810930028e-02
2.850862756534720127e-02
4.272874819099548721e-02
9.170501918785657625e-02
6.440223604525241452e-02
5.559799827607056488e-02
3.569794010696775849e-02
4.812299880986623847e-03
2.988726743826844792e-02
2.606318729999101969e-02
2.871877201639709554e-02
5.649343595112904515e-02
3.352383280460612819e-02
6.643226152176676114e-02
5.768353339160431012e-03
2.694978218334089307e-02
8.673793873669337351e-02
1.271089835176251667e-02
2.538601185097723312e-02
4.097804299489516550e-02
6.953038566357885863e-02
1.849652180688617087e-02
5.654409161998307648e-02
4.983869419380575899e-02
7.630840669983685043e-02
1.906924027694907250e-02
5.169602515730848530e-02
4.073927150307465189e-02
2.664430792641999876e-02
3.403443468608408767e-02
7.499595546532977774e-02
5.510153141742948207e-02
9.499948788473502881e-03
4.468520814467864810e-02
8.061766421435369312e-02
6.660392886772305288e-02
7.109384574363981912e-02
4.450930380476332549e-02
2.243091007591010641e-02
5.586705004131349572e-02
2.689127863570075008e-02
5.805933775246092943e-02
2.249175788132882700e-02
4.506660119832581191e-02
9.606006442780777588e-02
4.331316277988411095e-02
3.513200869470472359e-02
2.690528785006805063e-02
1.280879477806496324e-02
3.493896953155253837e-02
3.207001185563299051e-02
1.663522313768776503e-02
7.935392894090054217e-02
8.860074608730154899e-02
2.727505882248485586e-02
3.575930746424402229e-02
5.275329806576031094e-02
5.882895481746589633e-02
8.885233075903448130e-02
2.212260763439530958e-02
4.986621154255887339e-02
2.650474996424249247e-02
3.391460726258175434e-02
4.898698640649710306e-02
7.381817757760179843e-02
4.553748120715526981e-02
4.263223628343296157e-02
5.594474719584378863e-02
3.678103932724265113e-02
2.256908473082723868e-02
4.462345022792180843e-02
2.067939762181305458e-02
