1.927489998581186428e-02
3.882820550133753157e-02
4.874421337583575292e-02
4.502966111895782830e-02
3.874041425050233495e-02
3.375023078245099201e-02
2.584780093531475337e-02
2.240374055230467260e-02
1.071948847799926614e-02
-4.760129990679636512e-03
-9.434303948560396683e-03
-1.804668067967334089e-02
-1.870915059712265419e-02
-1.225730466955310231e-02
-1.196734221540949120e-02
-5.886918227146468617e-04
1.062134969526080247e-02
1.219388533358843271e-02
2.169629369421801485e-02
2.300000018792959511e-02
2.316979426271873269e-02
1.857955458755305295e-02
6.081287525855585963e-03
2.584879467813164071e-03
-6.170793009105644128e-03
-9.650545995637476934e-03
-1.648886282806585890e-02
-2.206063149944223131e-02
-1.914942596243979916e-02
-1.024291089940121066e-02
-1.047349643971452271e-03
4.260245352296566229e-03
2.245043717564022129e-02
2.248059757974821618e-02
2.656612508892441937e-02
1.584543174786377795e-02
2.146979858232652208e-02
1.900896299399129630e-02
1.246865270939438025e-02
2.231666631956414487e-03
-8.107029132585355860e-03
-1.363900961129839613e-02
-1.276477250048398820e-02
-1.711471359887237892e-02
-1.362051731832648015e-02
2.615886302706698675e-03
-7.447256000774981179e-04
5.687326159591148816e-03
1.080888435654220152e-02
1.593496480406681251e-02
1.833820205290657979e-02
1.727916041286172225e-02
9.173943200668409348e-03
2.641185499955821421e-03
-4.498171198497157540e-03
-1.122264367243399480e-02
-1.096450197605793216e-02
-1.368103121166429868e-02
-8.902222698801722650e-03
-5.617270434752883596e-03
-1.115676635177464092e-02
6.971564238359636255e-03
1.568203070601904836e-02
1.586631291638525634e-02
1.859145455106287273e-02
1.751331576009379498e-02
1.690944211494628882e-02
1.643319442718423062e-02
8.080035419597989335e-03
9.644229479356967788e-04
-2.961048866106293000e-03
-1.193480192287269329e-02
-1.659400962166323462e-02
-1.496270384084330898e-02
-6.423436940503300489e-03
-6.783728212065882369e-03
1.881124712670612922e-03
2.955683849762233417e-03
1.801498196763273371e-02
1.065696072794826595e-02
1.410704214408983574e-02
8.501235918007346570e-04
1.319367464511790773e-02
4.583626078512660282e-03
-9.010620993912000229e-04
-5.193352556425612221e-03
-1.081750245279610237e-02
-7.650236467585714434e-03
-1.337072554410897139e-02
-4.668131102476429095e-03
-2.164970210066158914e-03
7.321854644265679470e-04
5.987926404289546471e-03
1.194456412854464841e-02
1.269237419629949855e-02
1.780921864459057702e-02
1.133353733913608670e-02
9.093222984849156851e-03
6.643889444961929326e-03
-1.428481364745972249e-03
1.854711177771867258e-04
-4.968239306507085500e-03
-7.423637464997587601e-03
-8.987466545966812936e-03
-9.145657107844599315e-03
-1.239065374740482050e-03
-5.695524940763560355e-03
4.334260076263730943e-03
9.720814875927887011e-03
1.187049505104827325e-02
9.667113758873746576e-03
9.676497552462862833e-03
9.876223847700661349e-03
5.827553218888539312e-03
1.766446234068957651e-03
-6.438413067104527265e-03
-7.335077080012322899e-03
-1.179893023833600112e-02
-1.385838195086278382e-02
-1.086432755349057457e-02
-8.243455797777847482e-03
-5.335110486632487457e-03
4.422210489425992884e-04
1.535029580799745141e-03
6.680108967250618715e-03
1.277946056384528760e-02
9.577016720051557269e-03
3.995196506955882992e-03
9.003235462934137262e-03
3.008217870567575156e-03
3.233957904297931653e-03
-5.997311612413814066e-03
-9.874754464400527926e-03
-5.692330367944037003e-03
9.672212681319023028e-04
-6.621124009561555473e-03
-4.433401082120780670e-03
6.085497205595219276e-03
2.956717914712364212e-03
7.327438819227989619e-03
8.704631876229869045e-03
6.711917598845484889e-03
5.498235150277588738e-03
5.856202608893580110e-03
6.722150268234923509e-03
-5.027056401104187423e-03
-4.017839796569793245e-03
-9.070148615277802764e-03
-1.040353730393953416e-02
-7.315332334539954677e-03
-5.168331100557642041e-03
-6.015496365469627169e-03
-1.022686675568737751e-03
-2.427957980815995381e-03
1.231824399484822950e-04
1.054109969329104259e-02
4.996757410003216382e-03
2.329567110589765046e-03
5.680092232016359551e-03
1.976379234172539762e-03
1.006475731248847229e-03
-2.214524729998047087e-03
-1.116775690900218086e-03
-5.388605914938627769e-03
-6.437659283310574743e-03
-5.820407761340433070e-03
-5.059287465373059518e-03
1.135976167529198326e-03
6.093006413347111516e-03
1.038562303930000950e-02
6.824076170020045885e-03
5.221087747554521881e-03
-1.996065480436715143e-03
1.930060997848932975e-03
-3.792073498477375234e-03
1.076243550388298470e-03
-1.720917228727821598e-03
-8.120556009061877245e-03
-6.926301666634836901e-03
-1.038580836639759614e-02
-9.447797725647332986e-03
-1.827712743365657820e-04
-5.495434598663764825e-03
-2.067980207953354268e-03
5.077765254384928630e-03
9.247456936493283347e-03
9.696504426806371382e-03
4.935020608384247526e-03
-4.648581749768706259e-04
3.428091300366202260e-03
-8.620616136343057069e-04
2.071579816447188978e-03
-2.199239405710939205e-03
-2.952709204680302631e-03
-5.614965716034305172e-03
7.975257722537710137e-04
1.128420038848651063e-03
-1.289973031768749771e-03
-3.101742791643694931e-05
2.518256759567700804e-03
-4.133177706606757512e-04
-1.111131242076046692e-04
6.494435617864212709e-03
7.645949980926824117e-03
6.069463458358355813e-04
-1.534149245140758447e-03
-1.009975719538473704e-02
-2.397016118504530051e-03
-3.707847331867264798e-03
-5.383037362687807977e-03
1.479017506871220565e-03
-2.249953617282191357e-03
-1.090178109308515388e-03
-1.421820861084277304e-03
3.596855666944534253e-03
3.703750109740224297e-03
4.115479004177588084e-04
3.121626437056936824e-03
5.844838453721579175e-03
1.490129179514430207e-03
2.653073699837484121e-03
1.145625565126891778e-05
2.765066154408835162e-03
-1.645141393050943059e-03
-4.468429872858983333e-03
5.189721578620462746e-03
-1.669684154942855043e-03
-1.638998289846541750e-03
2.756865413016221754e-03
1.606160746784301421e-03
2.447337671146221664e-04
1.115167348019826313e-05
1.210463237247960807e-04
3.473479613751065506e-04
9.830077666356511635e-04
-1.459634405300929392e-04
-4.588326428251245440e-03
-3.057379091266215331e-03
-4.855022181032349338e-03
-6.195271515092799601e-03
-3.200161067254816711e-03
-5.151574080293409852e-03
5.533545190946591178e-04
-4.077017599220078559e-03
3.575750373627496932e-03
-2.549617232862666765e-03
-6.552179950393780808e-04
2.193902639865910002e-03
-6.794341463942037531e-04
2.387499341246897017e-03
5.886684864052556818e-04
2.235201513128750889e-03
-3.428442491496219019e-03
-3.825975490449637622e-03
-5.461907348878173750e-04
-2.430873541077468048e-03
-3.561291459274687141e-03
4.218309753654255270e-03
1.773386856596599484e-03
-1.801620731395198616e-03
-3.710043535527567061e-04
9.124378687323299883e-04
-1.254148853050313615e-03
-1.343633182996903765e-03
4.789657449138384911e-04
2.179665806344514064e-03
4.519285269926095311e-04
-2.313643859514680993e-03
4.219576666404455112e-03
-1.479742849322539201e-03
-1.191830146299485823e-03
1.880098827777379380e-03
-2.702722072492288932e-03
-8.746226437062354798e-05
-2.659875967799972020e-03
-1.278881711551796592e-03
-1.580328165750310380e-03
-9.366952461150735007e-04
-8.370130031078960517e-04
7.662796245190215934e-04
-1.077202546001852865e-03
9.521337251801254486e-04
1.310078710454827024e-03
4.373042329722621004e-04
-1.131050898219925936e-03
7.006800137477390243e-04
7.508272362697581250e-04
-2.073356540110924458e-03
7.261874481064878881e-04
-2.682208948204342028e-03
-2.492396404809057281e-04
6.117848278836953910e-04
-1.728528140412385070e-03
1.848224620561875198e-03
-8.578304789284399478e-04
-1.206426437565355611e-04
-3.982781826620448431e-04
-5.945394453233588576e-04
4.546338788959018804e-04
-2.200000000000003602e-03
