3.999999999999924645e-07 8.910152261903244257e+07 2.170311569939618324e-01 1.895291139205645403e-01 -5.172554815782304119e-04
1.271822244508866481e-07 8.686333534883999825e+07 6.283185307179584456e+00 2.216566931233805160e-01 -1.442696784002360901e-03
1.744281276563980869e-07 8.690726158697293699e+07 6.283185307179570245e+00 2.216574821782436866e-01 -4.522249837925677949e-04
1.969663846800976111e-07 8.958623435765732825e+07 6.283176005660802588e+00 1.477716700181348208e-01 1.284928699224553977e-03
2.210269973034915082e-07 8.896788832558892667e+07 6.283185103849455722e+00 1.589808324771273540e-01 8.181773985224985403e-04
2.391946586980013340e-07 9.283855373254516721e+07 5.371866402059554745e-07 2.215247892282066755e-01 1.363435894234342688e-03
1.283944177912794474e-07 9.805758556593215466e+07 3.534041896992544451e+00 1.516967318116926589e-01 6.340797685453045032e-04
1.338121217375514734e-07 9.000000000000062585e+07 3.141592660265956738e+00 1.847145867388470808e-01 1.140825591024417166e-03
2.003843593792125558e-07 9.000000000000000000e+07 3.141592653527909285e+00 1.847145871150903673e-01 9.486882347463324473e-04
2.000104760334388310e-07 9.000000000000000000e+07 3.141592653588710871e+00 1.847145871146751994e-01 1.416981045058252802e-03
