9.129584070867885481e-01
9.247903469447338320e-01
9.282046605746807622e-01
8.980928907481389167e-01
8.792038866522323692e-01
8.879554931095565706e-01
9.019438961266684762e-01
9.120935536182772641e-01
9.131296555113191937e-01
9.149025739139352575e-01
9.057245431218386988e-01
8.901436422909244639e-01
8.966488479119304467e-01
9.038228852740386454e-01
9.130904195289885061e-01
9.219355889907306922e-01
9.166339400558384254e-01
9.054084790000546112e-01
8.958279936238260355e-01
8.928942621497024668e-01
8.917168938749822082e-01
9.128332159681099567e-01
9.261126582890228942e-01
9.207410467495785733e-01
9.097119836671205828e-01
9.078732900444919096e-01
8.926197464500598144e-01
9.003661743034629961e-01
9.193808914112282515e-01
9.204268119896258371e-01
9.236868970374362275e-01
8.989777414942357048e-01
8.961848216978264281e-01
8.897358020731820361e-01
8.971748298482845607e-01
9.237056978529788465e-01
8.737587320286844816e-01
9.464877975510260777e-01
