8.589699546763227556e-01
8.511109814883475178e-01
8.538621798874406199e-01
8.556515101608560547e-01
8.660125324937115732e-01
8.713699250760748027e-01
8.510601654325500309e-01
8.511635891628495099e-01
8.432033000724301619e-01
8.416932306356241789e-01
8.521463985597395041e-01
8.569072717908573500e-01
8.702915397473350856e-01
8.589673999074175503e-01
8.528819117989556720e-01
8.480342483587843816e-01
8.512036903973962954e-01
8.472437822655278783e-01
8.641700902958739938e-01
8.596167339782464500e-01
8.638792473241548864e-01
8.561092943916553955e-01
8.510210206475299355e-01
8.449462019154808656e-01
8.527057331195058154e-01
8.469556389489065751e-01
8.666441641513794591e-01
8.695372790782951444e-01
8.616453899722150700e-01
8.570075309089943971e-01
8.539077440125042440e-01
8.503993376399945348e-01
8.445685125686053230e-01
8.613466924182037188e-01
8.654164900635923363e-01
8.634276027037990353e-01
8.583659172644693136e-01
8.377479863623336076e-01
8.364697354885675118e-01
8.509480200779885317e-01
