1.033431885376393078e+00
1.003048367429887566e+00
1.019063814552940039e+00
1.019128067297287776e+00
9.495348181561883427e-01
9.197737449917511299e-01
8.813160252536827999e-01
8.766228578276674677e-01
8.942741838814081135e-01
9.333242697327532866e-01
9.792017430920075816e-01
1.024421052631578899e+00
1.024013112423231009e+00
1.005947542673618633e+00
9.583779260960090252e-01
9.219259056946097486e-01
8.865942971857689869e-01
8.775382396477777736e-01
9.145951087453584316e-01
9.504608086331456374e-01
9.747296825950471089e-01
1.010419716514820099e+00
1.013441684554839961e+00
9.777196172736697388e-01
9.411039004934766972e-01
9.211311565372478638e-01
8.902030456852791929e-01
9.058851359343054188e-01
9.222979351538764803e-01
9.459901242976331837e-01
9.872802355770068372e-01
9.963011389051371625e-01
1.004177080836785807e+00
9.775819551983997435e-01
9.377667140825035608e-01
9.090243264452001482e-01
8.957853484134896682e-01
9.015077612910954441e-01
9.257125638116846522e-01
9.610718911326364688e-01
9.887211740041929042e-01
