9.263659528750182170e-01
8.848674242577904137e-01
8.529170520277259415e-01
8.259852915562417852e-01
8.054141539939694283e-01
8.175021018659275329e-01
8.659353175840708294e-01
8.878344184019940633e-01
9.140207731426468474e-01
9.132445049363872025e-01
9.102453959961065433e-01
8.791002447556479638e-01
8.563968178505061424e-01
8.311878654374770248e-01
8.144949075226598501e-01
8.294933113435306593e-01
8.524712026867476977e-01
8.811082756938218852e-01
9.103184208655076270e-01
9.161971145065715971e-01
9.177293420382863776e-01
8.814901568810885601e-01
8.592128900606660347e-01
8.159553995870815202e-01
8.261674748599038276e-01
8.189106451937905318e-01
8.525847079869641743e-01
8.836224783603979782e-01
9.085737539849821909e-01
9.147660418065232113e-01
9.086539212723870884e-01
8.813416430233382837e-01
8.605958965868507615e-01
8.300333622079041351e-01
8.229857234059202442e-01
8.339960920495778085e-01
8.526553309602550312e-01
8.742555589507260416e-01
9.044641602754891485e-01
9.171948641491320942e-01
