8.912145031944309626e-01
9.142481179648932477e-01
8.845856331576088527e-01
8.701161488054905968e-01
8.594722476248926046e-01
8.502351634145606241e-01
8.653672504378224772e-01
8.866534349286545602e-01
9.095683988229488204e-01
9.170610831003612740e-01
9.156179288968087082e-01
8.963347096491227628e-01
8.800062360436754494e-01
8.591115286299382259e-01
8.430391909530459138e-01
8.574823944578334745e-01
8.661450908795470527e-01
8.964109403872418946e-01
9.038631149139311205e-01
9.114637879997049552e-01
9.020249409317269151e-01
8.820406977157342343e-01
8.692073388999113082e-01
8.591578948817639727e-01
8.552239716093437139e-01
8.656915231977779790e-01
8.838839723815175020e-01
9.031268119039689291e-01
9.093156461927865974e-01
9.067441102679910658e-01
9.001251688543960849e-01
8.704397688789975440e-01
8.533385307326498692e-01
8.505404768499472690e-01
8.524037358462094316e-01
8.778876840614975308e-01
8.931546376145182986e-01
9.057801171302534149e-01
9.170110385559395727e-01
9.015442101910884354e-01
