9.798036465638149117e-01
9.955330194374019115e-01
9.942557864504139031e-01
9.807172684844018828e-01
9.452326309200917986e-01
9.323379014113315488e-01
9.266037806757112527e-01
9.664163923512224530e-01
9.895602431176260261e-01
9.913304193909620032e-01
9.938632997107992306e-01
9.823200432978531627e-01
9.517516690756417930e-01
9.392238849765258690e-01
9.551089011835562914e-01
9.348302496856475408e-01
9.439718290216860819e-01
9.530532880215815128e-01
9.784739299333546914e-01
9.550926635013018418e-01
9.634966378482228144e-01
9.634160186183799990e-01
9.478675389218520486e-01
9.844539268827124934e-01
9.765353583293782114e-01
9.725905608625744492e-01
9.635288065843621297e-01
9.338143622989651949e-01
9.298347483561149041e-01
9.159799085659288131e-01
9.444722752747424233e-01
9.626816577955863430e-01
9.784698486328125000e-01
9.887282232597495168e-01
9.900170367934961746e-01
9.586537879246653793e-01
9.538254951628162281e-01
9.171826150922577359e-01
9.124893663946563871e-01
9.225264058438353842e-01
9.462704756442883447e-01
