9.447983014861995876e-01
9.614119433198380360e-01
9.988246356370474865e-01
9.991014264854543026e-01
9.525361580770014269e-01
9.720272282493086502e-01
9.349068585944114718e-01
9.509844559585491908e-01
9.283276450511945832e-01
9.476000838398658255e-01
9.764146168640550627e-01
9.818485086342229051e-01
9.845916795069337146e-01
9.742347727506956989e-01
9.519944570919528504e-01
9.547312792900588541e-01
9.163424124513618318e-01
9.435619141588554859e-01
9.485213581599123422e-01
9.507163323782235054e-01
9.743516125945066442e-01
9.833389715832205891e-01
9.763703805467783825e-01
9.271486536333456430e-01
9.181985294117647189e-01
9.098924351966143353e-01
9.264274540477122066e-01
9.535646595713660467e-01
9.795911766608448312e-01
1.023228412725130543e+00
9.829974310760348777e-01
9.704499331782409088e-01
9.181375465503184286e-01
8.867582328007824755e-01
8.813105216825506405e-01
9.080068482242394934e-01
9.453287608777528606e-01
9.820635016388168381e-01
1.020739143058608800e+00
9.955590834978117476e-01
9.824789660855234308e-01
