8.562106310616889315e-01
8.650778485694970987e-01
8.591941859136604798e-01
8.549955915871684242e-01
8.574462672039728783e-01
8.523575127835761878e-01
8.569638093724156747e-01
8.681350307693326274e-01
8.663967995246967257e-01
8.767153530243861903e-01
8.626913877273315601e-01
8.584899730018207276e-01
8.597502560547012340e-01
8.466062524172577319e-01
8.548687232409576398e-01
8.591548400717721190e-01
8.541402054708082670e-01
8.605398171995959355e-01
8.666864583892203155e-01
8.633086789302282238e-01
8.625751615378156600e-01
8.528273271621370499e-01
8.576700598007628296e-01
8.524969285831703880e-01
8.544237809274248807e-01
8.570808886336392929e-01
8.683510990197166324e-01
8.618355034920612834e-01
8.678119643445028064e-01
8.552133420872943814e-01
8.543032986582548283e-01
8.588692652901758207e-01
8.595728306086775072e-01
8.595056008529613489e-01
8.614152262692601481e-01
8.688008171995511564e-01
8.595304563954661026e-01
8.646893763032653668e-01
8.499969719852137340e-01
8.543093517759652311e-01
