3.600000000000000000e+03
3.605128205128205082e+03
3.610256410256410163e+03
3.615384615384615245e+03
3.620512820512820326e+03
3.625641025641025863e+03
3.630769230769230944e+03
3.635897435897436026e+03
3.641025641025641107e+03
3.646153846153846189e+03
3.651282051282051270e+03
3.656410256410256352e+03
3.661538461538461434e+03
3.666666666666666515e+03
3.671794871794871597e+03
3.676923076923077133e+03
3.682051282051282215e+03
3.687179487179487296e+03
3.692307692307692378e+03
3.697435897435897459e+03
3.702564102564102541e+03
3.707692307692307622e+03
3.712820512820512704e+03
3.717948717948717785e+03
3.723076923076922867e+03
3.728205128205128403e+03
3.733333333333333485e+03
3.738461538461538566e+03
3.743589743589743648e+03
3.748717948717948730e+03
3.753846153846153811e+03
3.758974358974358893e+03
3.764102564102563974e+03
3.769230769230769056e+03
3.774358974358974592e+03
3.779487179487179674e+03
3.784615384615384755e+03
3.789743589743589837e+03
3.794871794871794918e+03
3.800000000000000000e+03
