1.031020582503537231e+00
1.046509180828115948e+00
1.037660947008279155e+00
9.963948901486454623e-01
9.635726423109600702e-01
9.324240712344981086e-01
9.339296551360194432e-01
9.674416158215863870e-01
9.944650409900266386e-01
1.036576099772054338e+00
1.048662251655629207e+00
1.037669061707523266e+00
9.883143365052807772e-01
9.550618330111484422e-01
9.313945595990184012e-01
9.327637147648326632e-01
9.762872089009266841e-01
1.010207571492462764e+00
1.033487662440153665e+00
1.055222467655411833e+00
1.019071177784870663e+00
9.822417768825041362e-01
9.441579371474617677e-01
9.411764705882352811e-01
9.419939577039274647e-01
9.839645081112863290e-01
1.013226892071691365e+00
1.025015449928796007e+00
1.034672279717008703e+00
9.934045940413918085e-01
9.527771695496679571e-01
9.446168433755710581e-01
9.265722097936862633e-01
9.413747441916455738e-01
9.934944984338607288e-01
1.026615553121577262e+00
1.089126247592365537e+00
1.000985545335085325e+00
9.520295202952029356e-01
8.127629733520336242e-01
8.708333333333333481e-01
