8.703529814145740673e-01
8.651475677687217036e-01
8.724327076199340780e-01
8.693665908241954288e-01
8.633762790654824215e-01
8.676473707724992046e-01
8.704746223346017109e-01
8.683808157884299606e-01
8.698909516264872188e-01
8.612439617829167338e-01
8.685343793651614241e-01
8.689658526729152621e-01
8.746914006036824452e-01
8.648318271125354784e-01
8.728788021870208524e-01
8.654771794810700580e-01
8.776557358076252369e-01
8.616745387183182281e-01
8.620821067448134478e-01
8.693442701706473041e-01
8.697650182202762981e-01
8.624501310045513680e-01
8.667606155766623965e-01
8.690616043222108011e-01
8.758539305589401192e-01
8.648490650288973569e-01
8.672150770380424589e-01
8.644715626527621488e-01
8.595093373555610095e-01
8.773271606543240342e-01
8.715949398782311119e-01
8.691608264384752536e-01
8.754165779125178126e-01
8.674155828047086514e-01
8.698772977888861169e-01
8.549756750809518469e-01
8.704259905767923744e-01
8.632789820283904847e-01
8.636220204843848558e-01
8.659279593221966831e-01
