7.871029606737628415e-01
8.035180962250284553e-01
8.180604320795087370e-01
8.558751180023732585e-01
8.928361657247003702e-01
9.219327314180131294e-01
9.401209396598592116e-01
9.414506255005846702e-01
9.373131419574417533e-01
9.235179034012486188e-01
8.960780915194935803e-01
8.684449460419415567e-01
8.435114366293754440e-01
8.198094772957366105e-01
8.076709515457398680e-01
7.945587150803645748e-01
7.845776281124868801e-01
7.862873531220144763e-01
8.048520142745583250e-01
8.178291564495759891e-01
8.422452628445675771e-01
8.943010527965519207e-01
9.356216595392843338e-01
9.512839048672465658e-01
9.556627280531876378e-01
9.270405025194593529e-01
9.067746327757345570e-01
8.659899694619579424e-01
8.324280821148486442e-01
8.034103655016071599e-01
7.835983797771247650e-01
7.922933278805004420e-01
8.025691814610895758e-01
8.334689686309693091e-01
8.839072109289713985e-01
9.177182991825585390e-01
9.384277531414537687e-01
9.520446834217496379e-01
9.399095010965067276e-01
9.031974558840013545e-01
