9.350649350649350433e-01
1.004219409282700370e+00
1.075875486381322910e+00
8.858350951374207582e-01
8.742746615087040318e-01
9.785407725321888517e-01
9.665071770334928702e-01
1.050802139037433136e+00
8.674418604651162878e-01
1.010752688172043001e+00
8.924339106654511911e-01
8.787906890475748467e-01
8.906197841326359832e-01
9.041264857591387871e-01
9.538228961473269596e-01
9.853506437652876926e-01
1.015409762427630369e+00
1.025525378761432682e+00
1.018601272913050471e+00
9.798341996183959068e-01
9.422932487690895975e-01
8.952737386369999939e-01
8.827142536550497409e-01
8.776039628316802954e-01
9.006797025070186757e-01
9.324608272798222686e-01
9.682226406895053650e-01
1.018728589880384172e+00
1.032675840327184513e+00
1.009675392057993948e+00
9.908571428571428807e-01
9.475148454668723685e-01
9.078348826039047692e-01
8.827730047791375600e-01
8.736030659411385679e-01
8.909787052291170406e-01
9.184371456718526394e-01
9.685783589371845803e-01
1.005099408104416447e+00
1.017834971980805969e+00
1.018736728773514288e+00
