9.716708421661206518e-01
9.311235471373224826e-01
9.173143008194554193e-01
9.200202480384712667e-01
9.320620303201424539e-01
9.954664043454086730e-01
1.008380440368423114e+00
1.002362982295266880e+00
1.001270372436016576e+00
9.991961645565986538e-01
9.888600074266616913e-01
9.573720235735616590e-01
9.470742496887499806e-01
9.387953893608961264e-01
9.628816819745861233e-01
9.937973233494453718e-01
1.000772976733400377e+00
1.004240472356414449e+00
1.017370200698080263e+00
1.011298812246810064e+00
9.816952506596305916e-01
1.002448687613492595e+00
9.612474576271186066e-01
9.472519267180458113e-01
9.488182689236666079e-01
9.509883125976194007e-01
9.804815500783586879e-01
9.996151731720726019e-01
1.016985547143840263e+00
1.010302998198961744e+00
1.018323032325110677e+00
1.005307532826537731e+00
1.004913804805212418e+00
9.842633928571428159e-01
9.626541072170661240e-01
9.429509991787571321e-01
9.477284874398717029e-01
9.472877802268695469e-01
9.731248270135621770e-01
9.958599817268158905e-01
1.022952104214959634e+00
