8.994654003981149559e-01
8.301583373061623972e-01
8.185473950410412369e-01
8.133072512641433827e-01
8.246520708293024748e-01
8.469535946343366151e-01
8.904909962404097268e-01
8.970007770041741324e-01
9.147756852459985044e-01
9.167514264397199630e-01
8.971654110412007332e-01
8.596973017218485502e-01
8.477385204984834166e-01
8.169819946165886027e-01
8.114971742168688440e-01
8.372663723238933375e-01
8.567395606996262014e-01
8.761114498298712139e-01
9.100703221657809872e-01
9.101166981630235409e-01
9.224805769147111922e-01
8.971406555148273565e-01
8.654067264335821852e-01
8.497145587277805667e-01
8.294301593083978075e-01
8.251050896004518131e-01
8.318890834120629130e-01
8.550924050826412826e-01
8.865375832543191947e-01
9.000694029656387540e-01
9.164779853496374251e-01
9.160524387965529591e-01
8.920597384510017269e-01
8.721280537391207233e-01
8.498097789435058447e-01
8.196532825025596436e-01
8.207703450920241783e-01
8.309912348179200325e-01
8.507311573945465222e-01
8.823928034807524412e-01
