0.000000000000000000e+00
6.306647250652751098e-08
1.261329450130550220e-07
1.891994175195825329e-07
2.522658900261100439e-07
3.153323625326375549e-07
3.783988350391650659e-07
4.414653075456925768e-07
5.045317800522200878e-07
5.675982525587475988e-07
6.306647250652751098e-07
6.937311975718026207e-07
7.567976700783301317e-07
8.198641425848576427e-07
8.829306150913851537e-07
9.459970875979126646e-07
1.009063560104440176e-06
1.072130032610967792e-06
1.135196505117495198e-06
1.198262977624022603e-06
1.261329450130550220e-06
1.324395922637077836e-06
1.387462395143605241e-06
1.450528867650132647e-06
1.513595340156660263e-06
1.576661812663187880e-06
1.639728285169715285e-06
1.702794757676242690e-06
1.765861230182770307e-06
1.828927702689297924e-06
1.891994175195825329e-06
1.955060647702352734e-06
2.018127120208880351e-06
2.081193592715407968e-06
2.144260065221935585e-06
2.207326537728462778e-06
2.270393010234990395e-06
2.333459482741518012e-06
2.396525955248045205e-06
2.459592427754572822e-06
2.522658900261100439e-06
2.585725372767628056e-06
2.648791845274155673e-06
2.711858317780682866e-06
2.774924790287210483e-06
2.837991262793738100e-06
2.901057735300265293e-06
2.964124207806792910e-06
3.027190680313320527e-06
3.090257152819848144e-06
3.153323625326375761e-06
3.216390097832902954e-06
3.279456570339430571e-06
3.342523042845958188e-06
3.405589515352485381e-06
3.468655987859012998e-06
3.531722460365540615e-06
3.594788932872068231e-06
3.657855405378595848e-06
3.720921877885123042e-06
3.783988350391650659e-06
3.847054822898178275e-06
3.910121295404705469e-06
3.973187767911233509e-06
4.036254240417760702e-06
4.099320712924287896e-06
4.162387185430815936e-06
4.225453657937343129e-06
4.288520130443871170e-06
4.351586602950398363e-06
4.414653075456925557e-06
4.477719547963453597e-06
4.540786020469980790e-06
4.603852492976507984e-06
4.666918965483036024e-06
4.729985437989563217e-06
4.793051910496090411e-06
4.856118383002618451e-06
4.919184855509145644e-06
4.982251328015673685e-06
5.045317800522200878e-06
5.108384273028728071e-06
5.171450745535256112e-06
5.234517218041783305e-06
5.297583690548311345e-06
5.360650163054838539e-06
5.423716635561365732e-06
5.486783108067893772e-06
5.549849580574420966e-06
5.612916053080948159e-06
5.675982525587476200e-06
5.739048998094003393e-06
5.802115470600530586e-06
5.865181943107058627e-06
5.928248415613585820e-06
5.991314888120113860e-06
6.054381360626641054e-06
6.117447833133168247e-06
6.180514305639696287e-06
6.243580778146223481e-06
6.306647250652751521e-06
6.369713723159278714e-06
6.432780195665805908e-06
6.495846668172333948e-06
6.558913140678861141e-06
6.621979613185388335e-06
6.685046085691916375e-06
6.748112558198443568e-06
6.811179030704970762e-06
6.874245503211498802e-06
6.937311975718025996e-06
7.000378448224554036e-06
7.063444920731081229e-06
7.126511393237608423e-06
7.189577865744136463e-06
7.252644338250663656e-06
7.315710810757191697e-06
7.378777283263718890e-06
7.441843755770246083e-06
7.504910228276774124e-06
7.567976700783301317e-06
7.631043173289828510e-06
7.694109645796356551e-06
7.757176118302884591e-06
7.820242590809410937e-06
7.883309063315938978e-06
