1.939356443999978364e+05
2.904547843999978504e+05
3.763820943999977899e+05
4.461518443999979645e+05
5.076077343999978621e+05
5.575916543999980204e+05
5.980197043999978341e+05
6.241632043999979505e+05
6.579140143999978900e+05
6.961909143999977969e+05
7.343621543999980204e+05
7.781409343999979319e+05
8.350896643999977969e+05
8.935029943999976385e+05
9.480487543999978807e+05
9.942320443999979179e+05
1.046180974399997969e+06
1.094473564399997937e+06
1.144916534399997909e+06
1.198233994399997871e+06
1.249303554399997694e+06
1.308193534399997676e+06
1.369889434399998281e+06
1.430834254399997881e+06
1.488116114399997750e+06
1.541578954399997834e+06
1.593924424399998272e+06
1.647152374399997992e+06
1.704169694399997825e+06
1.760878824399998179e+06
1.819041814399998169e+06
1.873516194399997825e+06
1.930900274399997899e+06
1.986643474399997620e+06
2.038985444399997825e+06
2.093099574399997946e+06
2.147939024399998132e+06
2.201046744399998337e+06
2.258365714399998076e+06
2.317414684399997815e+06
2.376636864399997517e+06
2.436285934399998281e+06
2.498724604399997275e+06
2.558226794399998151e+06
2.618706724399997853e+06
2.678521914399997797e+06
2.736487804399998393e+06
2.793907604399997741e+06
2.851357284399997909e+06
2.906445344399997965e+06
2.964687394399998244e+06
3.021826214399998076e+06
3.078960014399997424e+06
3.137123744399997406e+06
3.195922184399998281e+06
3.252656064399997704e+06
3.313548404399997555e+06
3.373133864399997517e+06
3.432175904399998020e+06
3.493182894399998244e+06
3.554111324399997946e+06
3.612599824399997946e+06
3.673286614399997983e+06
3.733040344399997965e+06
3.791392754399998114e+06
3.850214744399996940e+06
3.910529794399998151e+06
3.967187164399998263e+06
4.026472454399997834e+06
4.086505114399997517e+06
4.145459634399997536e+06
4.205204274399997666e+06
4.266379284399998374e+06
4.325659444399998523e+06
4.387356294399998151e+06
4.447849334399996325e+06
4.509073534399997443e+06
4.570347584399997257e+06
4.632050114399997517e+06
4.690945994399998337e+06
4.753392714399997145e+06
4.814294254399998114e+06
4.874085284399997443e+06
4.935085404399998486e+06
4.996479134399998933e+06
5.055003484399997629e+06
5.117356004399997182e+06
5.179013014399998821e+06
5.239247994399997406e+06
5.300816654399997555e+06
5.363390224399997853e+06
5.423144394399998710e+06
5.485722184399996884e+06
5.548307044399998151e+06
5.608901124399997294e+06
5.670715044399997219e+06
5.733961444399996661e+06
5.794202444399997592e+06
5.857126494399996474e+06
5.919018384399997070e+06
5.980718524399997666e+06
6.043480544399999082e+06
6.106813064399997704e+06
6.167544784399997443e+06
6.231277484399997629e+06
6.293375964399997145e+06
6.354599284399997443e+06
6.417813714399999008e+06
6.481247504399998114e+06
6.542134954399997368e+06
6.606410974399999715e+06
6.669667884399998002e+06
6.731374444399997592e+06
6.795741264399996959e+06
6.859881194399997592e+06
6.921277224399997853e+06
6.985406164399999194e+06
7.049799614399997517e+06
7.112717114399997517e+06
7.176284934399997815e+06
7.241075884399997070e+06
7.302778514399997890e+06
7.367020324399997480e+06
7.431065374399998225e+06
7.493579534399998374e+06
7.557124194399998523e+06
7.621210394399996847e+06
7.683617694399997592e+06
7.749270334399998188e+06
7.813144744399998337e+06
7.877514424399998039e+06
7.942378374399998225e+06
8.008287314399996772e+06
8.070715074399996549e+06
8.136905804399998859e+06
8.201743814399997704e+06
8.264851594399997965e+06
8.330190574399997480e+06
8.396151564399998635e+06
8.458998834399998188e+06
8.524636754399999976e+06
8.590646654399996623e+06
8.654226124399999157e+06
8.719048144399998710e+06
8.785676464399999008e+06
8.849057884399997070e+06
8.915680794399997219e+06
8.981638764399997890e+06
9.045862994399998337e+06
9.111937514399996027e+06
9.178963864399999380e+06
9.242902804399998859e+06
9.309950924399998039e+06
9.376536024399997666e+06
9.441807544399997219e+06
9.507823654399998486e+06
9.575031884399998933e+06
9.638903654399998486e+06
9.706021594399999827e+06
9.772492704399995506e+06
9.837899134399997070e+06
9.904421924399996176e+06
9.971771584400000051e+06
1.003627098439999856e+07
1.010414279439999908e+07
1.017020184439999796e+07
1.023649178439999931e+07
1.030365240439999662e+07
1.037187884439999796e+07
1.043594146439999901e+07
1.050423220439999737e+07
1.057158941439999640e+07
1.063662353439999744e+07
1.070473718439999782e+07
1.077337172439999878e+07
1.083810236439999565e+07
1.090622119439999759e+07
1.097378685439999774e+07
1.104040378439999744e+07
1.110736871439999901e+07
1.117637612439999916e+07
1.124204731439999677e+07
1.131066280439999700e+07
1.137975593439999595e+07
1.144667462439999729e+07
1.151499825439999811e+07
1.158380708440000005e+07
1.165016496439999901e+07
1.171999847439999692e+07
1.178816354439999722e+07
1.185544870439999923e+07
1.192438820439999923e+07
1.199405838439999893e+07
1.206021100439999625e+07
1.213035431439999677e+07
1.219929119439999945e+07
1.226605636439999938e+07
1.233541194439999573e+07
1.240551672439999878e+07
1.247139739439999685e+07
1.254151822439999692e+07
1.261073328439999744e+07
1.267841253439999744e+07
1.274709664439999871e+07
1.281825036439999938e+07
1.288462575439999625e+07
1.295453511439999752e+07
1.302425277439999953e+07
1.309241866439999826e+07
1.316240473439999484e+07
1.323321482439999841e+07
1.330037656439999864e+07
1.337149202439999953e+07
1.344111326439999789e+07
1.351013243439999782e+07
1.358076455439999886e+07
1.365089604439999908e+07
1.371923496439999901e+07
1.379040136440000124e+07
1.386116818439999782e+07
1.392997048439999856e+07
1.400058830439999886e+07
1.407183091440000013e+07
1.413954181439999677e+07
1.421205594439999759e+07
1.428299764439999871e+07
1.435231252439999953e+07
1.442250564439999871e+07
1.449475648439999670e+07
1.456280398439999856e+07
1.463429956439999677e+07
1.470576537439999916e+07
1.477496383439999633e+07
1.484564321439999714e+07
1.491858667439999990e+07
1.498685603439999931e+07
1.505902421439999901e+07
1.512970954439999536e+07
1.519964280439999886e+07
1.527124047439999878e+07
1.534294863439999707e+07
1.541305521439999901e+07
1.548580333439999446e+07
1.555799293439999968e+07
1.562853937439999729e+07
1.570066458440000005e+07
1.577330945439999737e+07
1.584159178439999744e+07
1.591461198439999670e+07
1.598679610439999774e+07
