1.939356443999978364e+05
2.573607868096363964e+05
3.207859292192749563e+05
3.842110716289135162e+05
4.476362140385520179e+05
5.110613564481905778e+05
5.744864988578291377e+05
6.379116412674677558e+05
7.013367836771062575e+05
7.647619260867447592e+05
8.281870684963832609e+05
8.916122109060219955e+05
9.550373533156604972e+05
1.018462495725298999e+06
1.081887638134937501e+06
1.145312780544576235e+06
1.208737922954214737e+06
1.272163065363853239e+06
1.335588207773491740e+06
1.399013350183130242e+06
1.462438492592768744e+06
1.525863635002407478e+06
1.589288777412045980e+06
1.652713919821684482e+06
1.716139062231322983e+06
1.779564204640961485e+06
1.842989347050600220e+06
1.906414489460238721e+06
1.969839631869877223e+06
2.033264774279515725e+06
2.096689916689154459e+06
2.160115059098793194e+06
2.223540201508431695e+06
2.286965343918070197e+06
2.350390486327708699e+06
2.413815628737347201e+06
2.477240771146985702e+06
2.540665913556624204e+06
2.604091055966262706e+06
2.667516198375901207e+06
2.730941340785539709e+06
2.794366483195178211e+06
2.857791625604817178e+06
2.921216768014455680e+06
2.984641910424094182e+06
3.048067052833732683e+06
3.111492195243371185e+06
3.174917337653009687e+06
3.238342480062648188e+06
3.301767622472286690e+06
3.365192764881925192e+06
3.428617907291564159e+06
3.492043049701202661e+06
3.555468192110841163e+06
3.618893334520479664e+06
3.682318476930118166e+06
3.745743619339756668e+06
3.809168761749395169e+06
3.872593904159033671e+06
3.936019046568672173e+06
3.999444188978311140e+06
4.062869331387949642e+06
4.126294473797588143e+06
4.189719616207226645e+06
4.253144758616865613e+06
4.316569901026504114e+06
4.379995043436142616e+06
4.443420185845781118e+06
4.506845328255419619e+06
4.570270470665058121e+06
4.633695613074696623e+06
4.697120755484335124e+06
4.760545897893973626e+06
4.823971040303612128e+06
4.887396182713250630e+06
4.950821325122889131e+06
5.014246467532527633e+06
5.077671609942166135e+06
5.141096752351804636e+06
5.204521894761443138e+06
5.267947037171081640e+06
5.331372179580720142e+06
5.394797321990358643e+06
5.458222464399998076e+06
5.521647606809636578e+06
5.585072749219275080e+06
5.648497891628913581e+06
5.711923034038552083e+06
5.775348176448190585e+06
5.838773318857829086e+06
5.902198461267467588e+06
5.965623603677106090e+06
6.029048746086744592e+06
6.092473888496383093e+06
6.155899030906021595e+06
6.219324173315660097e+06
6.282749315725298598e+06
6.346174458134937100e+06
6.409599600544575602e+06
6.473024742954214104e+06
6.536449885363852605e+06
6.599875027773492038e+06
6.663300170183130540e+06
6.726725312592769042e+06
6.790150455002407543e+06
6.853575597412046045e+06
6.917000739821684547e+06
6.980425882231323048e+06
7.043851024640961550e+06
7.107276167050600052e+06
7.170701309460238554e+06
7.234126451869877055e+06
7.297551594279515557e+06
7.360976736689154059e+06
7.424401879098792560e+06
7.487827021508431062e+06
7.551252163918069564e+06
7.614677306327708066e+06
7.678102448737346567e+06
7.741527591146986000e+06
7.804952733556624502e+06
7.868377875966263004e+06
7.931803018375901505e+06
7.995228160785540007e+06
8.058653303195178509e+06
8.122078445604817010e+06
8.185503588014455512e+06
8.248928730424094014e+06
8.312353872833732516e+06
8.375779015243371017e+06
8.439204157653009519e+06
8.502629300062648952e+06
8.566054442472286522e+06
8.629479584881925955e+06
8.692904727291565388e+06
8.756329869701202959e+06
8.819755012110842392e+06
8.883180154520479962e+06
8.946605296930119395e+06
9.010030439339756966e+06
9.073455581749396399e+06
9.136880724159033969e+06
9.200305866568673402e+06
9.263731008978310972e+06
9.327156151387950405e+06
9.390581293797587976e+06
9.454006436207227409e+06
9.517431578616866842e+06
9.580856721026504412e+06
9.644281863436143845e+06
9.707707005845781416e+06
9.771132148255420849e+06
9.834557290665058419e+06
9.897982433074697852e+06
9.961407575484335423e+06
1.002483271789397486e+07
1.008825786030361243e+07
1.015168300271325186e+07
1.021510814512288943e+07
1.027853328753252886e+07
1.034195842994216643e+07
1.040538357235180587e+07
1.046880871476144344e+07
1.053223385717108287e+07
1.059565899958072044e+07
1.065908414199035987e+07
1.072250928439999931e+07
1.078593442680963688e+07
1.084935956921927631e+07
1.091278471162891388e+07
1.097620985403855331e+07
1.103963499644819088e+07
1.110306013885783032e+07
1.116648528126746789e+07
1.122991042367710732e+07
1.129333556608674489e+07
1.135676070849638432e+07
1.142018585090602189e+07
1.148361099331566133e+07
1.154703613572529890e+07
1.161046127813493833e+07
1.167388642054457590e+07
1.173731156295421533e+07
1.180073670536385477e+07
1.186416184777349234e+07
1.192758699018313177e+07
1.199101213259276934e+07
1.205443727500240877e+07
1.211786241741204634e+07
1.218128755982168578e+07
1.224471270223132335e+07
1.230813784464096278e+07
1.237156298705060035e+07
1.243498812946023978e+07
1.249841327186987735e+07
1.256183841427951679e+07
1.262526355668915436e+07
1.268868869909879379e+07
1.275211384150843136e+07
1.281553898391807079e+07
1.287896412632770836e+07
1.294238926873734780e+07
1.300581441114698723e+07
1.306923955355662480e+07
1.313266469596626423e+07
1.319608983837590180e+07
1.325951498078554124e+07
1.332294012319517881e+07
1.338636526560481824e+07
1.344979040801445581e+07
1.351321555042409524e+07
1.357664069283373281e+07
1.364006583524337225e+07
1.370349097765300982e+07
1.376691612006264925e+07
1.383034126247228682e+07
1.389376640488192625e+07
1.395719154729156382e+07
1.402061668970120326e+07
1.408404183211084083e+07
1.414746697452048026e+07
1.421089211693011969e+07
1.427431725933975726e+07
1.433774240174939670e+07
1.440116754415903427e+07
1.446459268656867370e+07
1.452801782897831127e+07
1.459144297138795070e+07
1.465486811379758827e+07
1.471829325620722771e+07
1.478171839861686528e+07
1.484514354102650471e+07
1.490856868343614228e+07
1.497199382584578171e+07
1.503541896825541928e+07
1.509884411066505872e+07
1.516226925307469629e+07
1.522569439548433572e+07
1.528911953789397515e+07
1.535254468030361272e+07
1.541596982271325216e+07
1.547939496512288973e+07
1.554282010753252916e+07
1.560624524994216673e+07
1.566967039235180616e+07
1.573309553476144373e+07
1.579652067717108317e+07
1.585994581958072074e+07
1.592337096199036017e+07
1.598679610439999774e+07
