8.650585408551664246e-01
8.983239859432015084e-01
8.937398636140782004e-01
8.730298647097476383e-01
8.496825876828891788e-01
8.408136755270589902e-01
8.467682020392121034e-01
8.769982503308176858e-01
9.013377119434128337e-01
8.965112151354210912e-01
8.838158731518476197e-01
8.578594714205123317e-01
8.502621491043099722e-01
8.433783248361327312e-01
8.701467242227838295e-01
8.883846465711020546e-01
9.095739639674385035e-01
8.878439560157339594e-01
8.759550832660685238e-01
8.421545058336199485e-01
8.290502232819533246e-01
8.451427460244904655e-01
8.712447351391203743e-01
8.858562865694115107e-01
8.904366535042376185e-01
8.855444703052277600e-01
8.475143344829967340e-01
8.379115632390378154e-01
8.438060695932818600e-01
8.597552026972499206e-01
8.816593997011711314e-01
9.056828727607840746e-01
8.870301651657421793e-01
8.676803553227274701e-01
8.539623795434095888e-01
8.358271227813005577e-01
8.568971222433020563e-01
8.758095999415808075e-01
8.914420984180938534e-01
8.968383666168822099e-01
