8.589699546763239768e-01
8.511109814883481839e-01
8.538621798874411750e-01
8.556515101608564988e-01
8.660125324937116842e-01
8.713699250760736925e-01
8.510601654325509191e-01
8.511635891628478445e-01
8.432033000724307170e-01
8.416932306356238458e-01
8.521463985597391710e-01
8.569072717908575720e-01
8.702915397473364179e-01
8.589673999074183275e-01
8.528819117989567822e-01
8.480342483587829383e-01
8.512036903973969615e-01
8.472437822655275452e-01
8.641700902958743269e-01
8.596167339782474492e-01
8.638792473241544423e-01
8.561092943916560616e-01
8.510210206475308237e-01
8.449462019154815318e-01
8.527057331195065926e-01
8.469556389489063530e-01
8.666441641513809024e-01
8.695372790782941452e-01
8.616453899722151810e-01
8.570075309089949522e-01
8.539077440125052432e-01
8.503993376399945348e-01
8.445685125686058781e-01
8.613466924182037188e-01
8.654164900635921143e-01
8.634276027037985912e-01
8.583659172644705349e-01
8.377479863623339407e-01
8.364697354885676228e-01
8.509480200779883097e-01
