8.506669416406866802e-01
8.407770033387401698e-01
8.520243203201676163e-01
8.613328909885314966e-01
8.681625138566095856e-01
8.747846308890995237e-01
8.735059737110866251e-01
8.543799444716049241e-01
8.461977253370611685e-01
8.422832238994341081e-01
8.616278014353802028e-01
8.734891178041216397e-01
8.744459017082051311e-01
8.791779668303461026e-01
8.674666106282760136e-01
8.415949850827472156e-01
8.435341502194633190e-01
8.571423244813951570e-01
8.714803072677440587e-01
8.673684621285211449e-01
8.757376795145920267e-01
8.700648226447420530e-01
8.631373015677253902e-01
8.441736013223249957e-01
8.492741404756158907e-01
8.626932491091170441e-01
8.801236194577490846e-01
8.805350770454684062e-01
8.742957944103243451e-01
8.588383116164124420e-01
8.513544647203707960e-01
8.470703231952094736e-01
8.610905379893157852e-01
8.680812794076515626e-01
8.826258852612269834e-01
8.728919403127249899e-01
8.697853383110849546e-01
8.481320175409138296e-01
8.346810176130496917e-01
8.542019796661050046e-01
