8.938024722227864149e-01
8.889886187914877169e-01
8.980977321309348005e-01
8.965111291470855281e-01
9.036157148084568158e-01
8.970691882902257497e-01
9.080278086165718410e-01
8.924648713759579799e-01
8.959501004470233898e-01
8.964397824482012167e-01
8.997197522582635054e-01
8.927640436148729375e-01
8.958065890575460655e-01
9.003700111778916160e-01
9.040645400347644411e-01
8.994728477028531843e-01
9.037655050137355373e-01
9.043450237055652430e-01
9.020938102249896895e-01
8.980350369297924740e-01
9.046173620477147015e-01
8.977976569381871386e-01
8.949617881502086592e-01
8.894503532997339867e-01
8.955479827178191021e-01
8.941602862237398863e-01
8.959840483782827159e-01
8.866703137667815149e-01
8.914464637193124652e-01
8.904972772420685079e-01
8.948173601891780127e-01
8.909559362219600098e-01
8.903823444044770552e-01
8.898195035616421888e-01
8.897131288019116679e-01
8.937975073809905080e-01
8.902564601893417917e-01
8.915463176584833560e-01
8.892178870571829652e-01
8.932237337688363477e-01
