2.380000000000000000e+04
2.380512820512820690e+04
2.381025641025641016e+04
2.381538461538461706e+04
2.382051282051282033e+04
2.382564102564102723e+04
2.383076923076923049e+04
2.383589743589743739e+04
2.384102564102564065e+04
2.384615384615384755e+04
2.385128205128205082e+04
2.385641025641025772e+04
2.386153846153846098e+04
2.386666666666666788e+04
2.387179487179487114e+04
2.387692307692307804e+04
2.388205128205128131e+04
2.388717948717948821e+04
2.389230769230769147e+04
2.389743589743589837e+04
2.390256410256410163e+04
2.390769230769230853e+04
2.391282051282051179e+04
2.391794871794871869e+04
2.392307692307692196e+04
2.392820512820512886e+04
2.393333333333333212e+04
2.393846153846153902e+04
2.394358974358974228e+04
2.394871794871794918e+04
2.395384615384615245e+04
2.395897435897435935e+04
2.396410256410256261e+04
2.396923076923076951e+04
2.397435897435897277e+04
2.397948717948717967e+04
2.398461538461538294e+04
2.398974358974358984e+04
2.399487179487179310e+04
2.400000000000000000e+04
