8.611494413029984196e-01
9.071413642946275502e-01
9.185036238572267253e-01
8.970211800293829141e-01
8.762391760531194063e-01
8.684706024497858001e-01
8.565899942948366208e-01
8.586810049889596064e-01
8.904356808614586338e-01
9.035779981345706258e-01
9.182482438035939332e-01
9.091936736783672313e-01
8.942920919838180938e-01
8.657433102921124890e-01
8.517853060508554508e-01
8.567471351615977282e-01
8.775004294266078864e-01
8.963151854791719941e-01
9.149105157767976060e-01
9.154383573771970317e-01
8.921633108853999072e-01
8.824270544138020922e-01
8.577598457241338847e-01
8.629380359509616349e-01
8.748263572901133767e-01
9.010202477234277030e-01
9.087478052768515058e-01
9.218737437394085577e-01
9.016955491467486539e-01
8.765874780120139764e-01
8.525612802848629990e-01
8.556722985920949265e-01
8.805833418364257259e-01
8.939222964341430044e-01
9.169232249468709517e-01
9.194686068216307850e-01
9.032151341359623276e-01
8.791362081522122729e-01
8.683674980507294361e-01
8.531843702729360324e-01
