5.000000000000000000e+01
5.512820512820513130e+01
6.025641025641025550e+01
6.538461538461538680e+01
7.051282051282051100e+01
7.564102564102563520e+01
8.076923076923077360e+01
8.589743589743589780e+01
9.102564102564102200e+01
9.615384615384616041e+01
1.012820512820512846e+02
1.064102564102564088e+02
1.115384615384615472e+02
1.166666666666666714e+02
1.217948717948717956e+02
1.269230769230769340e+02
1.320512820512820440e+02
1.371794871794871824e+02
1.423076923076923208e+02
1.474358974358974592e+02
1.525641025641025692e+02
1.576923076923077076e+02
1.628205128205128176e+02
1.679487179487179560e+02
1.730769230769230944e+02
1.782051282051282044e+02
1.833333333333333428e+02
1.884615384615384812e+02
1.935897435897435912e+02
1.987179487179487296e+02
2.038461538461538680e+02
2.089743589743589780e+02
2.141025641025641164e+02
2.192307692307692548e+02
2.243589743589743648e+02
2.294871794871795032e+02
2.346153846153846416e+02
2.397435897435897516e+02
2.448717948717948900e+02
2.500000000000000000e+02
