8.406288655547935473e-01
8.263845190272405272e-01
8.190756359970182698e-01
8.453301011391414210e-01
8.611186361036825554e-01
8.785976190798600038e-01
8.942512235020130262e-01
9.155272503780845783e-01
9.401333810020499060e-01
9.421792426191796244e-01
9.322286745504098082e-01
9.284522611559160588e-01
9.086018844153656016e-01
8.965842274590116734e-01
8.725655860847925105e-01
8.661762585549105387e-01
8.471999617002917704e-01
8.374502392283257324e-01
8.294225800136081350e-01
8.190652387569152815e-01
8.297776629649579183e-01
8.439396589118628444e-01
8.649064497621768988e-01
8.883733316943959180e-01
9.148807382605328442e-01
9.351301364397138771e-01
9.386461985685504716e-01
9.354268894865667150e-01
9.152224234952117676e-01
9.000832158456398835e-01
8.743500061915869814e-01
8.541710801861889246e-01
8.351722266380646742e-01
8.196767384485805774e-01
8.319189813715707205e-01
8.513010255392410297e-01
8.674417696917611220e-01
8.993014140770532183e-01
9.185314724074311599e-01
9.332887173928382518e-01
