7.000000000000001801e-08 1.035664770899137557e+08 2.999650426838282868e+00 1.173701726989497957e-01 -9.999999999999998473e-03
7.774845585323656219e-08 1.254546508896587193e+08 2.938446234780474949e-03 1.197655548145124121e-01 1.291180959391913198e-03
1.324559082756570678e-07 1.235183616507705748e+08 3.030884697179504848e-06 1.173701727701784575e-01 6.016602574284171667e-03
1.869227903153983740e-07 1.202676475752354413e+08 3.057839789027361698e-09 1.173701726989540978e-01 -3.773067366558085058e-04
1.999997878020159114e-07 1.196224684064257592e+08 3.853628750014218785e+00 1.750047646015850666e-01 -3.278722843197761153e-03
1.999999999999999645e-07 1.248718380782759041e+08 4.884073111547687640e-01 1.760552590483813740e-01 6.620195878144856903e-04
7.451301690296841441e-08 9.203401452460798621e+07 2.513253175083557944e-01 1.193645559113661048e-01 -1.848103954029154533e-03
7.958696537804911018e-08 9.010554413453415036e+07 1.292952016722681563e-02 1.195649495691765984e-01 4.939376298818585857e-03
1.999999999999999645e-07 9.001225500069963932e+07 4.630818551488724566e-04 1.760552586638793882e-01 -1.430522143371025382e-03
1.998940927047301343e-07 1.200000000000000000e+08 3.141592653589827311e+00 1.467127158736780401e-01 1.094182409189012502e-03
