2.172716876000015181e+05
2.534597976000015624e+05
3.003926776000015670e+05
3.375644976000014576e+05
3.784060376000015531e+05
4.100806376000015298e+05
4.539482476000015740e+05
4.860929576000015950e+05
5.357445976000013761e+05
5.675482776000015438e+05
6.027821076000015019e+05
6.534705476000014460e+05
6.861295476000016788e+05
7.222434376000015764e+05
7.681191676000014413e+05
7.994914876000015065e+05
8.392454776000014972e+05
8.797327776000015438e+05
9.153879776000014972e+05
9.631130576000015717e+05
9.984183976000015391e+05
1.032920157600001432e+06
1.076204827600001823e+06
1.109501727600001264e+06
1.149603297600001330e+06
1.188620197600001702e+06
1.226833837600001367e+06
1.271964677600001218e+06
1.307407107600001851e+06
1.337897047600001795e+06
1.378825727600001497e+06
1.417225657600001199e+06
1.458961117600001395e+06
1.497251007600001525e+06
1.535527547600001562e+06
1.575919137600001413e+06
1.608178767600001534e+06
1.653222957600001711e+06
1.687265657600001665e+06
1.728791767600001767e+06
1.766174207600001246e+06
1.801044557600001339e+06
1.845886347600001609e+06
1.878438377600001404e+06
1.918951537600001320e+06
1.953112067600001348e+06
2.000278697600001469e+06
2.034213987600001507e+06
2.075156507600001292e+06
2.115821087600001600e+06
2.153725057600001805e+06
2.194199177600001451e+06
2.228414547600001562e+06
2.268900977600001730e+06
2.302585857600002084e+06
2.342598907600001432e+06
2.382451297600001562e+06
2.423184627600001637e+06
2.464513307600001339e+06
2.497836847600001376e+06
2.538954107600001153e+06
2.583900007600001059e+06
2.617670557600001339e+06
2.658412837600001134e+06
2.698063687600001227e+06
2.732510307600001339e+06
2.772178887600001413e+06
2.812169847600001376e+06
2.846976917600001208e+06
2.886984547600001562e+06
2.927001297600001097e+06
2.962024427600002382e+06
3.002090687600001227e+06
3.041271017600001767e+06
3.081943267600001302e+06
3.122008807600001805e+06
3.156670837600001600e+06
3.196229677600001916e+06
3.235487807600001805e+06
3.275107477600001264e+06
3.313971847600001842e+06
3.349696057600000873e+06
3.389937847600001376e+06
3.424861927600001451e+06
3.464578107600001618e+06
3.504679907600000966e+06
3.540068787600000855e+06
3.580482367600001395e+06
3.620121787600001786e+06
3.655470547600001562e+06
3.695274807600001339e+06
3.731449337600001600e+06
3.772436827600001357e+06
3.812267937600001227e+06
3.853664467600001488e+06
3.888920877600002103e+06
3.924768877600001637e+06
3.965868027600001078e+06
4.005919317600001581e+06
4.047591567600001581e+06
4.084205177600001451e+06
4.123941567600001581e+06
4.164744787600001786e+06
4.205706207600001246e+06
4.240695837600002065e+06
4.281617107600001618e+06
4.320858447600001469e+06
4.356010967600001022e+06
4.396154847600001842e+06
4.435880637600001879e+06
4.470471747600001283e+06
4.510614827600002289e+06
4.550377017600001767e+06
4.584994087600001134e+06
4.622873627600001171e+06
4.664416937600001693e+06
4.702053887600000948e+06
4.744337997600002214e+06
4.775949117600001395e+06
4.819491987600002438e+06
4.861611397600001656e+06
4.894189697600001469e+06
4.937271407600001432e+06
4.974767067600001581e+06
5.010687697600001469e+06
5.049313947600001469e+06
5.091972517600000836e+06
5.124263157600002363e+06
5.166882427600001916e+06
5.209663327600001357e+06
5.247358757600001991e+06
5.278951927600001916e+06
5.323257397600001656e+06
5.367263097600000910e+06
5.406008927600000985e+06
5.437023337600001134e+06
5.482589847600001842e+06
5.521143797600002028e+06
5.564440197600000538e+06
5.598320817600002512e+06
5.640403467600001022e+06
5.678977057600001805e+06
5.722691977600000799e+06
5.756201137600001879e+06
5.793840667600001208e+06
5.836819787600002252e+06
5.873716277600001544e+06
5.907053097600000910e+06
5.950909817600001581e+06
5.987330747600001283e+06
6.024680637600000948e+06
6.062825117600002326e+06
6.105526217600001954e+06
6.142678847600002773e+06
6.180712727600001730e+06
6.224162047600001097e+06
6.257035127600002103e+06
6.294872627600003034e+06
6.333038547600002028e+06
6.372475747600002214e+06
6.411016257600001059e+06
6.450168807600000873e+06
6.487598307600001805e+06
6.532378767600001767e+06
6.570679687600001693e+06
6.604885647600001656e+06
6.649631437600000761e+06
6.687142097600000910e+06
6.726157917600002140e+06
6.759669787600002252e+06
6.803639687600001693e+06
6.842679417600002140e+06
6.876340907600002363e+06
6.913622297600001097e+06
6.958208107600001618e+06
6.991481467600001954e+06
7.030598797600001097e+06
7.069467647600001656e+06
7.102428737600001507e+06
7.141448577600001357e+06
7.186782507600001059e+06
7.221393557600002736e+06
7.261311677600000985e+06
7.301487057600001805e+06
7.340908617600002326e+06
7.381945597600001842e+06
7.422057737600002438e+06
7.456403347600001842e+06
7.497287037600001320e+06
7.531026527600001544e+06
7.571220007600001059e+06
7.612686077600001357e+06
7.647131737600002438e+06
7.693063427600001916e+06
7.732231657600002363e+06
7.767111547600002028e+06
7.806748657600001432e+06
7.847110497600002214e+06
7.881867147600001656e+06
7.922535177600000985e+06
7.962336667600001208e+06
7.997248747600001283e+06
8.037789887600002810e+06
8.072919547600001097e+06
8.113303087600002065e+06
8.148661737600001507e+06
8.194302607600001618e+06
8.235289297600001097e+06
8.271034747600001283e+06
8.312699257600001991e+06
8.347664427600001916e+06
8.382999387600000948e+06
8.425903557600000873e+06
8.460084327600000426e+06
8.502021877600003034e+06
8.537288157600002363e+06
8.579794877600001171e+06
8.614488777600001544e+06
8.656387597600001842e+06
8.705368947599999607e+06
8.741556977600000799e+06
8.777648247600000352e+06
8.812395457600001246e+06
8.854551267600001767e+06
8.896525127600001171e+06
8.931257707600003108e+06
8.974063247600000352e+06
9.009315247600002214e+06
9.045916617600001395e+06
9.086167057600002736e+06
9.128677747600002214e+06
9.157760897600002587e+06
9.200646827600004151e+06
9.237167217600002885e+06
9.278377957600003108e+06
9.320720317600000650e+06
9.354860177600001916e+06
9.398277977600000799e+06
9.429271267600001767e+06
9.471264707600001246e+06
9.507891327600000426e+06
9.549461197600001469e+06
9.586371367600001395e+06
9.628770367600001395e+06
9.671980907600002363e+06
9.701823917600002140e+06
9.743892487600002438e+06
9.780118067600002512e+06
9.822654767600001767e+06
9.865221187600001693e+06
