1.278908295199988934e+05
1.861940745199989469e+05
2.279052655199988803e+05
2.356042775199988973e+05
2.442666465199989616e+05
2.763099695199988782e+05
3.305647965199989849e+05
3.798966815199989360e+05
4.353798505199988722e+05
4.784912935199989006e+05
5.050757085199988796e+05
5.377758385199989425e+05
5.792126195199989015e+05
6.201022775199988391e+05
6.695712105199989164e+05
7.157403995199989295e+05
7.509358595199988922e+05
7.880655105199989630e+05
8.264631995199990924e+05
8.619366845199988456e+05
9.057717715199989034e+05
9.502771615199990338e+05
9.877782415199987590e+05
1.029428609519998892e+06
1.069349801519998815e+06
1.103441940519999014e+06
1.145533850519998930e+06
1.188901538519999012e+06
1.226659680519998772e+06
1.269564428519999143e+06
1.312624318519998807e+06
1.348464565519999014e+06
1.390854348519998835e+06
1.433924870519998949e+06
1.471816042519998970e+06
1.516055607519999146e+06
1.559297036519999150e+06
1.596066154519998701e+06
1.638527545519998996e+06
1.681680694519998971e+06
1.719014292519998737e+06
1.763080782519998727e+06
1.808218646519998787e+06
1.846163690519998781e+06
1.890625654519999167e+06
1.933822326519998722e+06
1.971520832519998774e+06
2.014853311519998824e+06
2.059255902519999072e+06
2.097348623519998509e+06
2.142154125519999303e+06
2.187444963519998826e+06
2.225912390519999433e+06
2.270165041519999038e+06
2.314712453519998584e+06
2.353068774519999046e+06
2.397710830519998912e+06
2.442458803519998677e+06
2.481224156519998796e+06
2.526702210519998800e+06
2.572008706519998610e+06
2.610385491519998759e+06
2.655988246519998182e+06
2.701762437519998755e+06
2.741191956519998610e+06
2.786063464519998990e+06
2.832032107519999612e+06
2.870906183519999031e+06
2.916373793519998901e+06
2.961927508519998752e+06
3.001667901519998442e+06
3.048048145519999322e+06
3.093915949519998394e+06
3.133617723519998603e+06
3.179891309519999195e+06
3.226391871519998647e+06
3.266153714519999456e+06
3.312134860519998707e+06
3.358874285519998986e+06
3.398187017519998830e+06
3.445171231519998517e+06
3.491402195519998670e+06
3.531729082519998774e+06
3.578290026519998442e+06
3.625449290519998875e+06
3.665511276519998442e+06
3.712660482519999146e+06
3.760086296519999392e+06
3.800795807519998401e+06
3.847551072519998532e+06
3.894809329519998748e+06
3.935514096519998275e+06
3.982945739519999363e+06
4.029854607519999146e+06
4.070792395519999322e+06
4.118701452519999351e+06
4.166512788519999012e+06
4.206930021519998088e+06
4.255139094519998878e+06
4.303319918519999832e+06
4.344592261519999243e+06
4.391844516519999132e+06
4.440381689519997686e+06
4.481305764519997872e+06
4.529301263519998640e+06
4.576948479519998655e+06
4.618708424519998953e+06
4.667225744519998319e+06
4.715267237519999035e+06
4.756803682519998401e+06
4.805512365519997664e+06
4.854286658519999124e+06
4.896261409519998357e+06
4.944778309519999661e+06
4.993821764519997872e+06
5.035164626519999467e+06
5.084393575519999489e+06
5.132777470519999042e+06
5.175039226519999094e+06
5.224031945519998670e+06
5.273461699519999325e+06
5.315329548519998789e+06
5.364937005519999191e+06
5.414375159519999288e+06
5.457090251519998536e+06
5.505988336519998498e+06
5.555551272519999184e+06
5.598117106519998051e+06
5.647634465519999154e+06
5.696878811519999057e+06
5.739512980519998819e+06
5.789785255519998260e+06
5.839684123519999906e+06
5.882162296519999392e+06
5.932355117519998923e+06
5.982742538519998081e+06
6.025962215519999154e+06
6.075495293519998901e+06
6.126354157519998029e+06
6.169105673519998789e+06
6.219541306519999169e+06
6.269453760519999079e+06
6.313026396519998088e+06
6.363819701519997790e+06
6.414178770519998856e+06
6.457592177519997582e+06
6.508417819519998506e+06
6.559483170519998297e+06
6.603009755519998260e+06
6.653648611519998871e+06
6.704739485519998707e+06
6.748037005519999191e+06
6.799081274519999512e+06
6.849815097519999370e+06
6.894112114519998431e+06
6.945029956519999541e+06
6.996723184519998729e+06
7.040389290519998409e+06
7.092173124519999139e+06
7.143619099519998766e+06
7.188239701519999653e+06
7.239360942519999109e+06
7.290970030519998632e+06
7.335363155519999564e+06
7.386850230519997887e+06
7.438094012519997545e+06
7.482591172519999556e+06
7.535000294519999065e+06
7.587153259519998915e+06
7.631312504519999027e+06
7.683483610519998707e+06
7.735905438520000316e+06
7.781010921519999392e+06
7.832405512519999407e+06
7.885373132519998588e+06
7.929792380519999191e+06
7.982100495519998483e+06
8.034048289519999176e+06
8.079369789519998245e+06
8.132281886519999243e+06
8.184910199519998394e+06
8.229774379519999027e+06
8.282647305519999005e+06
8.335766960519998334e+06
8.381131875519999303e+06
8.433848040519999340e+06
8.487248537520000711e+06
8.532342000519998372e+06
8.585351871519997716e+06
8.637838660519998521e+06
8.683838458520000800e+06
8.736967082519998774e+06
8.790780466519998387e+06
8.836104116519998759e+06
8.889810328519999981e+06
8.943321521519999951e+06
8.989523378519998863e+06
9.042573598519999534e+06
9.096062117519998923e+06
9.142180138520000502e+06
9.195665870519999415e+06
9.249186476519998163e+06
9.295238558519998565e+06
9.349732446519996971e+06
9.403820353520000353e+06
9.449782139519998804e+06
9.503979024519998580e+06
9.558131530519999564e+06
9.605004926519999281e+06
9.658419949519999325e+06
9.713242939519997686e+06
9.759424029519999400e+06
9.813759171520000324e+06
9.867687900519996881e+06
9.914703562519999221e+06
9.969660265519997105e+06
1.002392131651999801e+07
1.007075495751999877e+07
1.012559627351999842e+07
1.018041001352000050e+07
1.022772131251999922e+07
1.028233006551999971e+07
1.033760451151999831e+07
1.038444413451999798e+07
1.043937273251999728e+07
1.049383417452000082e+07
1.054131110152000003e+07
1.059656359851999581e+07
1.065202121951999888e+07
1.069905151651999727e+07
1.075448901452000067e+07
1.081029146251999959e+07
1.085819998651999980e+07
1.091329972951999865e+07
1.096887550351999886e+07
1.101665634051999822e+07
1.107191586151999794e+07
1.112724819452000037e+07
1.117523032051999867e+07
1.123152211251999810e+07
1.128774046751999855e+07
1.133524738151999749e+07
1.139123418951999955e+07
1.144758697751999833e+07
1.149594359451999888e+07
1.155124894751999900e+07
1.160792244951999933e+07
1.165578274651999958e+07
1.171188235951999761e+07
1.176760024151999876e+07
1.181661299851999991e+07
1.187313029752000049e+07
1.192978367851999775e+07
1.197773712151999772e+07
1.203461222651999630e+07
1.209146689251999930e+07
1.214025589351999946e+07
1.219674952451999858e+07
1.225378846451999806e+07
1.230219456851999834e+07
1.235891593651999906e+07
1.241529772351999953e+07
1.246451243651999906e+07
1.252145387851999886e+07
1.257899043552000076e+07
1.262768158951999806e+07
1.268506492051999643e+07
1.274242276951999962e+07
1.279206929351999983e+07
1.284888300152000040e+07
1.290682461452000029e+07
1.295559617351999879e+07
1.301303248052000068e+07
1.307011261051999778e+07
1.311924654951999895e+07
1.317765300551999919e+07
1.323538835252000205e+07
1.328448104751999862e+07
1.334221430851999857e+07
1.340054552551999874e+07
1.345062149951999821e+07
1.350794135651999712e+07
1.356664005051999912e+07
1.361599503651999682e+07
1.367364892351999693e+07
1.373118396851999871e+07
1.378168239952000044e+07
1.384022365252000093e+07
1.389825450651999749e+07
1.394816588052000105e+07
1.400654528851999901e+07
1.406541441851999797e+07
1.411567663951999880e+07
1.417405363051999733e+07
1.423280733651999757e+07
1.428255493651999719e+07
1.434099179452000000e+07
1.439945929151999764e+07
1.445037890552000143e+07
1.450950841851999797e+07
1.456824085951999575e+07
1.461833625652000122e+07
1.467764358751999773e+07
1.473702584452000074e+07
1.478823784651999734e+07
1.484683713851999864e+07
1.490617236051999964e+07
1.495644728151999786e+07
1.501543274551999941e+07
1.507454772051999718e+07
1.512535993451999873e+07
1.518533052252000012e+07
1.524480455851999857e+07
1.529549999651999772e+07
1.535523245651999861e+07
1.541515678051999956e+07
1.546659613151999749e+07
1.552515052651999891e+07
1.558563387751999870e+07
1.563647724351999909e+07
1.569638764251999743e+07
1.575556000052000210e+07
1.580722160251999833e+07
1.586763848851999640e+07
1.592753808551999927e+07
1.597854500152000040e+07
1.603879807251999900e+07
1.609922664951999672e+07
1.615075340251999907e+07
1.621085679751999862e+07
1.627168565751999989e+07
1.632293718451999873e+07
1.638299872751999833e+07
1.644276014451999962e+07
1.649506689951999858e+07
1.655540158051999845e+07
1.661652754752000049e+07
1.666791243351999857e+07
1.672863911251999997e+07
1.678960093952000141e+07
1.684202803551999852e+07
1.690239705551999807e+07
1.696360789151999727e+07
1.701518555951999873e+07
1.707567334851999953e+07
1.713616325551999733e+07
1.718852395851999521e+07
1.725004932051999867e+07
1.731138196251999959e+07
1.736296982352000102e+07
1.742417136752000079e+07
1.748582767451999709e+07
1.753876580751999840e+07
1.759917805152000114e+07
1.766126591151999682e+07
1.771336237751999870e+07
1.777439496451999992e+07
1.783513833251999691e+07
1.788819942552000284e+07
1.795034614251999930e+07
1.801203202451999858e+07
1.806431649451999739e+07
1.812598257951999828e+07
1.818784614051999897e+07
1.824107320151999965e+07
1.830247319851999730e+07
1.836474263752000034e+07
1.841727075851999968e+07
1.847890811251999810e+07
1.854037639051999897e+07
1.859385255152000114e+07
1.865635361552000046e+07
1.871841206051999703e+07
1.877146674052000046e+07
1.883377206851999834e+07
1.889619602651999891e+07
1.894991203852000087e+07
1.901190129252000153e+07
1.907456670752000064e+07
1.912785705951999873e+07
1.918991867751999944e+07
1.925151357051999867e+07
1.930506904552000016e+07
1.936818039852000028e+07
1.943122836851999909e+07
1.948447320651999861e+07
1.954699536351999640e+07
1.961001776151999831e+07
1.966419891451999918e+07
1.972637931351999938e+07
1.978967870151999965e+07
1.984321087451999635e+07
1.990539228652000055e+07
1.996816520452000201e+07
2.002245341452000290e+07
2.008579635452000052e+07
2.014862663951999694e+07
2.020262067151999846e+07
2.026558355652000010e+07
2.032851435652000085e+07
2.038371293252000213e+07
2.044655365551999956e+07
2.050996033851999789e+07
2.056347901551999897e+07
2.062678922351999581e+07
2.068945355451999605e+07
2.074472673551999778e+07
2.080826106151999906e+07
2.087181379552000016e+07
2.092567936551999673e+07
2.098928786851999909e+07
2.105377806351999938e+07
2.110896519351999462e+07
2.117185758151999861e+07
2.123553247852000222e+07
2.129001272851999849e+07
2.135342411651999503e+07
2.141725583252000064e+07
2.147198591251999885e+07
2.153641728751999885e+07
2.160002538851999864e+07
2.165386599151999876e+07
2.171877611952000111e+07
2.178335384052000195e+07
2.183885314051999897e+07
2.190208323751999438e+07
2.196636253651999682e+07
2.202096851651999727e+07
2.208478996651999652e+07
2.214940915551999584e+07
2.220479181951999664e+07
2.226915172851999849e+07
2.233312920151999965e+07
2.238856959752000123e+07
2.245311525051999837e+07
2.251787825952000171e+07
2.257380262251999974e+07
2.263764433852000162e+07
2.270228323451999575e+07
2.275701266952000186e+07
2.282206609651999921e+07
2.288646434152000025e+07
2.294230854151999950e+07
2.300677361151999980e+07
2.307190276052000001e+07
2.312719907751999795e+07
2.319207164152000099e+07
2.325778025451999903e+07
2.331368726151999831e+07
2.337790138651999831e+07
2.344297894151999801e+07
2.349893771851999685e+07
2.356356926951999962e+07
2.362826523651999980e+07
2.368413474152000248e+07
2.374984572752000019e+07
2.381529343751999736e+07
2.387050319151999801e+07
2.393644160552000254e+07
2.400188776551999897e+07
2.405844870952000096e+07
2.412288587451999635e+07
2.418885243351999670e+07
2.424444143651999906e+07
2.430934197151999921e+07
2.437477706451999769e+07
2.443107030451999977e+07
2.449707103551999480e+07
2.456232232551999763e+07
2.461860724551999941e+07
2.468408230151999742e+07
2.475022133351999521e+07
2.480703536651999503e+07
2.487229970951999724e+07
2.493856969551999867e+07
2.499420656252000108e+07
2.506010051452000067e+07
2.512532814051999897e+07
2.518249638251999766e+07
2.524862533051999658e+07
2.531462409152000025e+07
2.537066232251999900e+07
2.543615375651999936e+07
2.550367855652000010e+07
2.556056145551999658e+07
2.562600925951999798e+07
2.569203074751999974e+07
2.574873538451999798e+07
2.581453543351999670e+07
2.588079435551999882e+07
2.593780756052000076e+07
2.600442369351999834e+07
2.607072892252000049e+07
2.612623157751999795e+07
2.619393336952000111e+07
2.626067063951999694e+07
2.631857432851999998e+07
2.638394791252000257e+07
2.645035176252000034e+07
2.650686336051999778e+07
