9.595294891831865902e-01
1.013647900803062551e+00
1.020208488988508133e+00
1.016748893641349127e+00
9.880409920213244490e-01
9.304634013270208781e-01
8.759323719542516651e-01
8.462717503004546504e-01
8.745472229675341769e-01
9.116774852548683583e-01
9.584980922650017110e-01
1.004710465734018010e+00
1.039199204007410948e+00
1.014963729221560751e+00
9.699110751818916798e-01
9.164821310230009122e-01
8.819085552519833060e-01
8.651724083958114431e-01
8.751029798081855215e-01
9.119787099850785728e-01
9.616026711185309273e-01
1.001526025534486664e+00
1.023698964140951295e+00
1.005959639068406242e+00
9.714006318639988313e-01
9.180626945630927516e-01
8.812876345721063487e-01
8.725286879579704502e-01
8.831943523899070669e-01
9.221517189127758085e-01
9.782014656564401722e-01
1.006427226957626209e+00
1.016708498715853448e+00
1.002735407297510317e+00
9.534618864863178000e-01
9.226111178394089674e-01
8.774586909951612723e-01
8.672425110395035608e-01
8.925137526907438446e-01
9.349766102914717214e-01
9.556133732275270409e-01
