9.021956427165760406e-01
9.377276468580816315e-01
9.044800638228027712e-01
8.607193118800511300e-01
8.203387271037200223e-01
7.882123924289010652e-01
8.042811028131114925e-01
8.297768504109410692e-01
8.701140781800845714e-01
9.176176257954578031e-01
9.326413255731093033e-01
9.334036334638610155e-01
9.171241072296977270e-01
8.762174265354846225e-01
8.245182439780347483e-01
8.032199551734272580e-01
8.052831474824079239e-01
8.230380278169726616e-01
8.686163211802713224e-01
9.079841848419567540e-01
9.391709818500003637e-01
9.375575631296978463e-01
9.213967216520395631e-01
8.683289907700816324e-01
8.286547908869906776e-01
8.049383810694343833e-01
8.018479581492422570e-01
8.107965283572536874e-01
8.688084496145686009e-01
9.071184779498433493e-01
9.357068678516289317e-01
9.429228914113808591e-01
9.227555236910884862e-01
8.763529906723479534e-01
8.413139227916616170e-01
8.003219730816817368e-01
8.030568455944923079e-01
8.147620665589047073e-01
8.620017428542297022e-01
8.974000394887683418e-01
