8.647740597222208780e-01
9.329060419144289407e-01
9.338005703908953681e-01
9.257355363034247553e-01
9.029270844788359618e-01
8.781178807829184141e-01
8.590465469599977144e-01
8.593609436323487172e-01
8.818038499746455594e-01
8.875128919348328482e-01
9.213166996139564580e-01
9.316895900793698004e-01
9.335913043161468972e-01
9.097564164884995863e-01
8.829512085629263041e-01
8.668826534882344559e-01
8.612737845428484196e-01
8.615946276398396275e-01
8.785641863631443726e-01
9.123314140376874715e-01
9.302595899118563105e-01
9.353266401756370474e-01
9.258851780718662106e-01
9.079442502078749477e-01
8.744055150264887777e-01
8.631462669869732762e-01
8.634892615080075329e-01
8.797480113422343484e-01
8.983336226371995137e-01
9.163923020217654702e-01
9.348970176326570902e-01
9.235478780095800477e-01
9.165929886919798042e-01
8.935525222785293264e-01
8.643644526406157880e-01
8.595235118249923145e-01
8.699943856302879697e-01
8.865041179537686000e-01
9.207856374223031271e-01
9.258019648606067298e-01
