9.880152427495128009e-01
1.012710492227979264e+00
1.029231454209192487e+00
1.002336825141015408e+00
9.700698531789664347e-01
9.289673444839973149e-01
9.193829942552448342e-01
9.275279015184173526e-01
9.537780973520493255e-01
9.872802398120391620e-01
1.005228036563783567e+00
1.007673498278691238e+00
9.969524776991206538e-01
9.688728702490170264e-01
9.432070742894973492e-01
9.147768725680933688e-01
9.201693951077681843e-01
9.585386708122813904e-01
9.721619993977717034e-01
1.013093729028409440e+00
1.009830925660034628e+00
1.001589217768677154e+00
9.774486704813194482e-01
9.369444285140792195e-01
9.236030491642772677e-01
9.258519871440910043e-01
9.518720322720715110e-01
9.832366307485637114e-01
1.002034937877072540e+00
1.020616237044537300e+00
1.013076364257937678e+00
9.689180528852852081e-01
9.447066756574511448e-01
9.199009442159531424e-01
9.212891322461611576e-01
9.293681475378667844e-01
9.751638999981737665e-01
1.005434782608695565e+00
1.040634661774199055e+00
1.012319692936296756e+00
9.703955986376735510e-01
