2.200000000000000000e+03
2.205128205128205082e+03
2.210256410256410163e+03
2.215384615384615245e+03
2.220512820512820326e+03
2.225641025641025863e+03
2.230769230769230944e+03
2.235897435897436026e+03
2.241025641025641107e+03
2.246153846153846189e+03
2.251282051282051270e+03
2.256410256410256352e+03
2.261538461538461434e+03
2.266666666666666515e+03
2.271794871794871597e+03
2.276923076923077133e+03
2.282051282051282215e+03
2.287179487179487296e+03
2.292307692307692378e+03
2.297435897435897459e+03
2.302564102564102541e+03
2.307692307692307622e+03
2.312820512820512704e+03
2.317948717948717785e+03
2.323076923076922867e+03
2.328205128205128403e+03
2.333333333333333485e+03
2.338461538461538566e+03
2.343589743589743648e+03
2.348717948717948730e+03
2.353846153846153811e+03
2.358974358974358893e+03
2.364102564102563974e+03
2.369230769230769056e+03
2.374358974358974592e+03
2.379487179487179674e+03
2.384615384615384755e+03
2.389743589743589837e+03
2.394871794871794918e+03
2.400000000000000000e+03
