9.266752044861364945e-01
8.979671625488632181e-01
8.800189224776182595e-01
8.804581324751523663e-01
8.902471792933568384e-01
8.993221064147595145e-01
9.317410983372214073e-01
9.402147957430183611e-01
9.324715928423796818e-01
9.170439161441112930e-01
8.920839198768437672e-01
8.702536812252213982e-01
8.825894005298228207e-01
8.889204106054614529e-01
9.036316020941520533e-01
9.291052447314993579e-01
9.377313924914278953e-01
9.327792201443887432e-01
9.103459622891773018e-01
8.992439957786279026e-01
8.829579784036204471e-01
8.723864873327096259e-01
8.912998266143378201e-01
9.015439466243322375e-01
9.210783324325683141e-01
9.396417193149270153e-01
9.393244394440668499e-01
9.143845435181376935e-01
8.924888384636932015e-01
8.793746754241765773e-01
8.793788551229935191e-01
8.842005496991336422e-01
9.035312518564685424e-01
9.263407595400040551e-01
9.319570732164511595e-01
9.260284310334682134e-01
9.156103804689451620e-01
8.919405231770156650e-01
8.880920029185052078e-01
8.757472549410637574e-01
