9.255275675498961796e-01
9.598916317295030920e-01
9.946414302054118473e-01
1.024206753792442859e+00
1.043454545454545412e+00
1.026488640034456834e+00
9.832022977167890199e-01
9.364040108053660605e-01
9.148967207375423571e-01
9.173803299377986109e-01
9.556429317441789140e-01
9.889990259554231056e-01
1.026158399358757078e+00
1.039211362032463004e+00
1.027242334799108425e+00
9.945806968115405988e-01
9.430122116689281242e-01
9.109883551896681420e-01
9.151665751683087935e-01
9.422522688251164791e-01
9.831758367923695285e-01
1.020518992102294131e+00
1.045276170681391559e+00
1.038064667428839405e+00
9.988540101900175161e-01
9.536914645557024173e-01
9.181056335927947343e-01
9.121335040177676046e-01
9.388029082571575090e-01
9.699822790661838390e-01
1.031349911190053259e+00
1.033803074949997791e+00
1.036696559791248085e+00
9.984845673285086542e-01
9.538913924799471422e-01
9.043983780205230305e-01
9.227373068432671577e-01
9.450784593437945302e-01
9.837744171392565073e-01
1.016933698059137692e+00
1.032482598607888713e+00
