1.011005891190222883e+00
1.028733812230203881e+00
1.005142636983433091e+00
9.648687606851932275e-01
9.290643851411192200e-01
9.161909226364869374e-01
9.236151603498542473e-01
9.625432745081482500e-01
9.960103930936216043e-01
1.010245935668144579e+00
1.023565247953940549e+00
1.002498469480616272e+00
9.509539506542803444e-01
9.228488623871548002e-01
9.153508330819001282e-01
9.213597158802637743e-01
9.620501889997169487e-01
1.006438342419478937e+00
1.030996359263836482e+00
1.014800861141011756e+00
9.897023628947989593e-01
9.428895486539680126e-01
9.129873103087389197e-01
9.107440423225638959e-01
9.313717472726975588e-01
9.743956848904574697e-01
1.010472221241125901e+00
1.028492519223509261e+00
9.863867794269934874e-01
9.803809114153941850e-01
9.432789432789432382e-01
9.515470120657441022e-01
9.407693180528764465e-01
9.432657257687634411e-01
9.641717116125481102e-01
9.662134876834028718e-01
9.612008858994339766e-01
9.269376794147605736e-01
9.757415635883270877e-01
9.822428629968583680e-01
1.005003126954346460e+00
