8.989618235713914274e-01
9.012029057459174375e-01
9.105220408223883011e-01
9.165294179797393026e-01
9.047011285967467842e-01
8.983898593442160019e-01
8.750773257608717159e-01
8.791354305640496358e-01
8.814055733534029713e-01
8.932363719964280246e-01
9.101687227394624768e-01
9.137177234081279575e-01
9.170258983707046951e-01
9.007269502875850931e-01
8.785019170292669433e-01
8.853186625835204326e-01
8.780721270332459971e-01
8.807333087642342795e-01
8.999157977276546205e-01
9.128248528109121906e-01
9.162427732577810291e-01
9.082281064651107627e-01
8.976087640874027551e-01
8.822980507700425301e-01
8.782830209413823308e-01
8.788588950678910550e-01
8.952053631625006558e-01
8.962528282884822950e-01
9.143151961112261361e-01
9.064610644063820777e-01
9.090747719094052215e-01
8.878227207586595338e-01
8.893834497022100605e-01
8.785988387630132568e-01
8.859456977143742584e-01
8.920803300499368094e-01
8.970887487820280448e-01
9.126438390851264737e-01
9.105272601102439856e-01
8.917104413272056718e-01
