1.032573289902280145e+00
9.369085173501576769e-01
1.021472392638036908e+00
9.469964664310953628e-01
1.076923076923076872e+00
7.585034013605441716e-01
8.697478991596638842e-01
8.935361216730037803e-01
7.969924812030074746e-01
8.705882352941176627e-01
9.164041676762781918e-01
8.919137341830608579e-01
8.900900900900901025e-01
9.163752098489087450e-01
9.632794399740913782e-01
1.005695347190938893e+00
1.041979406328970681e+00
1.034921354132953608e+00
1.019218352908853653e+00
9.829884231447275633e-01
9.457144135277802954e-01
9.100555133649228523e-01
8.820955369595536721e-01
8.833759169207945350e-01
9.140102937412915018e-01
9.518057944172509943e-01
9.969480971693088778e-01
1.018790548658390138e+00
1.045368816292630676e+00
1.020641063808673143e+00
9.956192492468040056e-01
9.555721367867260341e-01
9.171371242007889668e-01
8.854783037475345564e-01
8.880679053506099763e-01
8.937406296851574394e-01
9.390077006352512967e-01
9.782483546233915472e-01
1.020030256027268711e+00
1.037992808731345695e+00
1.027204279407184950e+00
