7.941605360901834443e-01
7.895679227429308611e-01
8.148874197094766458e-01
8.568049162840080113e-01
8.824698398503206809e-01
8.994789960363307468e-01
9.395870299546447146e-01
9.416885068041629392e-01
9.410473727572745695e-01
9.220860389202587548e-01
8.975615980106840253e-01
8.743113812995264578e-01
8.540441575902305571e-01
8.204498960816603015e-01
8.141291963037100565e-01
7.958623160085438464e-01
7.852103638727127022e-01
7.812072054089322926e-01
7.975660057613964682e-01
8.159340924369198333e-01
8.423426411447442197e-01
8.741308826066256366e-01
9.186778956861152423e-01
9.382094268927869685e-01
9.468892489879481289e-01
9.295956424318380096e-01
9.107353392874160125e-01
8.844088535355224545e-01
8.440538565972531826e-01
8.270121050220925474e-01
7.934991078695444733e-01
7.868549658583333661e-01
7.902925261874185203e-01
8.149474240240968115e-01
8.625320191211494070e-01
9.046747199744060719e-01
9.295725668021082022e-01
9.487421927614609896e-01
9.438934777719099056e-01
9.079105281116199855e-01
