9.263909784383680401e-01
8.441641824755595769e-01
8.167108823911547466e-01
7.900553255349891391e-01
7.868704084514580588e-01
8.020280633505240120e-01
8.478572675093551947e-01
8.734724318694562228e-01
9.196341049198387685e-01
9.279868629273941849e-01
9.258018833591894481e-01
8.996501725358648782e-01
8.648207621460431982e-01
8.088974551750947040e-01
7.975773976849519498e-01
7.855729739242033327e-01
8.009471090030519935e-01
8.307401893315268238e-01
8.797921110747418671e-01
9.096406149505921190e-01
9.288145698493693869e-01
9.360238769968811656e-01
9.053088003539566664e-01
8.673666772817125725e-01
8.329639131547668107e-01
7.954580178061119167e-01
7.992676114611171334e-01
8.038364242150769501e-01
8.296948323947119786e-01
8.648034046453811907e-01
9.098299697450668022e-01
9.280603053519993484e-01
9.308418222113111762e-01
9.069056590647223137e-01
8.594699005414684345e-01
8.289204968924192007e-01
8.011869075949971108e-01
7.914416755962851990e-01
7.981829198535045355e-01
8.306613220571932299e-01
