9.428615196078431460e-01
9.119693806541405712e-01
8.716758655293527225e-01
8.458083313100481782e-01
8.610180060799750290e-01
9.102804921804098504e-01
9.416560164207428141e-01
9.932024319744842122e-01
1.014935480918824906e+00
1.016393442622950838e+00
1.004498378491474053e+00
9.681662675333561063e-01
9.176555847449949788e-01
8.956725227899828834e-01
8.768299497113056784e-01
8.679979802257586918e-01
8.897010636689015595e-01
9.304133343299200165e-01
9.689424316196477704e-01
1.003996455632109042e+00
1.015577195405514166e+00
1.008880209292899455e+00
9.816979312911247035e-01
9.502194715864179519e-01
9.003415489707375929e-01
8.681222247573582296e-01
8.701803897639296403e-01
8.912443659920138428e-01
9.125372593580686198e-01
9.545124201032368916e-01
9.945770452031824638e-01
1.024102311854402370e+00
1.020749060965038923e+00
9.887516993500568008e-01
9.551946535400535065e-01
9.135665281669727023e-01
8.810075223066012873e-01
8.721763704078003832e-01
8.730938510144821141e-01
8.792067695885278367e-01
9.428912197004244433e-01
