8.611494413029978645e-01
9.071413642946273281e-01
9.185036238572236167e-01
8.970211800293833582e-01
8.762391760531200724e-01
8.684706024497864663e-01
8.565899942948378420e-01
8.586810049889602725e-01
8.904356808614581897e-01
9.035779981345707368e-01
9.182482438035932670e-01
9.091936736783672313e-01
8.942920919838166505e-01
8.657433102921129331e-01
8.517853060508548957e-01
8.567471351615973951e-01
8.775004294266057769e-01
8.963151854791723272e-01
9.149105157767976060e-01
9.154383573771973648e-01
8.921633108853996852e-01
8.824270544138020922e-01
8.577598457241335517e-01
8.629380359509616349e-01
8.748263572901129326e-01
9.010202477234277030e-01
9.087478052768513948e-01
9.218737437394084466e-01
9.016955491467479877e-01
8.765874780120143095e-01
8.525612802848629990e-01
8.556722985920958147e-01
8.805833418364266141e-01
8.939222964341431155e-01
9.169232249468698415e-01
9.194686068216297858e-01
9.032151341359619945e-01
8.791362081522120508e-01
8.683674980507291030e-01
8.531843702729348111e-01
