9.062233760344485800e-01
8.987869304015224658e-01
9.168169443595407531e-01
9.265262638293880748e-01
9.350286708961608184e-01
9.170687455528564458e-01
9.103960391405249153e-01
9.201324492738380822e-01
9.041420676549635216e-01
9.065703263740099160e-01
9.215858746127469914e-01
9.254295941227234090e-01
9.347622009096173690e-01
9.240266439477977656e-01
9.049150285139243577e-01
8.992426205055616961e-01
8.907234629412706939e-01
9.022751729027019829e-01
9.264241846300622640e-01
9.434411166919163261e-01
9.422605162158219638e-01
9.169979962715557598e-01
9.291550272265685084e-01
9.022021018708674678e-01
9.053045999779494313e-01
9.067958121272899907e-01
9.261790617849162688e-01
9.371823042586838737e-01
9.423554957673889731e-01
9.283917634809730757e-01
9.107385753507198922e-01
9.043176652091832191e-01
8.958467022857194983e-01
9.168609236049753974e-01
9.241708919892923646e-01
9.323282396083325541e-01
9.319891752442732713e-01
9.166151260223524000e-01
9.144957338948137560e-01
9.106619633788430868e-01
8.925858266096855509e-01
