4.767527000000000000e+06
4.764132750000000000e+06
4.899109750000000000e+06
4.898219000000000000e+06
4.982438500000000000e+06
4.981857500000000000e+06
5.053455250000000000e+06
5.051802500000000000e+06
5.131445000000000000e+06
5.132172250000000000e+06
5.238023750000000000e+06
5.235651000000000000e+06
5.332901500000000000e+06
5.333279000000000000e+06
5.410428750000000000e+06
5.410097750000000000e+06
5.515150750000000000e+06
5.514861250000000000e+06
5.609551000000000000e+06
5.607729250000000000e+06
5.703668500000000000e+06
5.701088000000000000e+06
5.792122000000000000e+06
5.792593750000000000e+06
5.892810750000000000e+06
5.891319750000000000e+06
5.990206750000000000e+06
5.992885750000000000e+06
6.081940250000000000e+06
6.082117750000000000e+06
6.179426000000000000e+06
6.176825000000000000e+06
6.268372250000000000e+06
6.269412250000000000e+06
6.372393750000000000e+06
6.369663750000000000e+06
6.460139750000000000e+06
6.458873500000000000e+06
6.554599000000000000e+06
6.552191000000000000e+06
6.651438000000000000e+06
6.653435750000000000e+06
6.745776500000000000e+06
6.745963500000000000e+06
6.840179750000000000e+06
6.841002750000000000e+06
6.936722750000000000e+06
6.936293000000000000e+06
7.031716250000000000e+06
7.032299500000000000e+06
7.126789250000000000e+06
7.132543250000000000e+06
7.226162250000000000e+06
7.225300000000000000e+06
7.322116250000000000e+06
7.323973750000000000e+06
7.418318000000000000e+06
7.417479500000000000e+06
7.515770250000000000e+06
7.515477750000000000e+06
7.609223750000000000e+06
7.608390750000000000e+06
7.705903000000000000e+06
7.705437000000000000e+06
7.800415250000000000e+06
7.798833500000000000e+06
7.897650250000000000e+06
7.894710500000000000e+06
7.990942500000000000e+06
7.991563250000000000e+06
8.086974500000000000e+06
8.086203750000000000e+06
8.181537750000000000e+06
8.182055250000000000e+06
8.276165500000000000e+06
8.275083000000000000e+06
8.373352500000000000e+06
8.371960500000000000e+06
8.467316500000000000e+06
8.464148750000000000e+06
8.559705000000000000e+06
8.562767250000000000e+06
8.657826500000000000e+06
8.658763500000000000e+06
8.755619250000000000e+06
8.755791500000000000e+06
8.849238750000000000e+06
8.850461250000000000e+06
8.946992500000000000e+06
8.947305750000000000e+06
9.041811250000000000e+06
9.044690750000000000e+06
9.143222750000000000e+06
9.144564250000000000e+06
9.236863250000000000e+06
9.235778250000000000e+06
9.330595250000000000e+06
9.332868250000000000e+06
9.427754000000000000e+06
9.429780750000000000e+06
9.524300750000000000e+06
9.523185750000000000e+06
9.622975750000000000e+06
9.621270000000000000e+06
9.717223250000000000e+06
9.715678000000000000e+06
9.814255750000000000e+06
9.813991000000000000e+06
9.907326250000000000e+06
9.906967500000000000e+06
1.000121800000000000e+07
1.000117775000000000e+07
1.009720900000000000e+07
1.009707425000000000e+07
1.019433875000000000e+07
1.019327200000000000e+07
1.028983800000000000e+07
1.028919425000000000e+07
1.038685300000000000e+07
1.038611475000000000e+07
1.048168175000000000e+07
1.048068875000000000e+07
1.057943950000000000e+07
1.057983175000000000e+07
1.067289825000000000e+07
1.067232150000000000e+07
1.076649425000000000e+07
1.076930575000000000e+07
1.086616400000000000e+07
1.086500475000000000e+07
1.096130225000000000e+07
1.095930350000000000e+07
1.105484050000000000e+07
1.105575875000000000e+07
1.115399300000000000e+07
1.115375125000000000e+07
1.124833000000000000e+07
1.125114325000000000e+07
1.135170025000000000e+07
1.134845375000000000e+07
1.144392300000000000e+07
1.144300625000000000e+07
1.154098300000000000e+07
1.153999875000000000e+07
1.163691125000000000e+07
1.163545900000000000e+07
1.173110825000000000e+07
1.173178875000000000e+07
1.182879700000000000e+07
1.182656725000000000e+07
1.192333700000000000e+07
1.192011975000000000e+07
1.201412500000000000e+07
1.201514550000000000e+07
1.211041200000000000e+07
1.210995750000000000e+07
1.220671625000000000e+07
1.220473750000000000e+07
1.230278100000000000e+07
1.230502575000000000e+07
1.239834950000000000e+07
1.239663625000000000e+07
1.249315875000000000e+07
1.249264675000000000e+07
1.258919725000000000e+07
1.258859275000000000e+07
1.268361850000000000e+07
1.268693275000000000e+07
1.278525850000000000e+07
1.278234025000000000e+07
1.287704950000000000e+07
1.287808975000000000e+07
1.297596250000000000e+07
1.297447375000000000e+07
1.306988400000000000e+07
1.306949125000000000e+07
1.316795275000000000e+07
1.316887425000000000e+07
1.326324500000000000e+07
1.326363375000000000e+07
1.336068700000000000e+07
1.335903750000000000e+07
1.345485100000000000e+07
1.345556425000000000e+07
1.355351150000000000e+07
1.355309225000000000e+07
1.365008225000000000e+07
1.364865450000000000e+07
1.374683950000000000e+07
1.374786775000000000e+07
1.384409825000000000e+07
1.384442700000000000e+07
1.393959425000000000e+07
1.393923000000000000e+07
1.403617800000000000e+07
1.403344050000000000e+07
1.413188725000000000e+07
1.413222275000000000e+07
1.422788600000000000e+07
1.422621175000000000e+07
