4.001647500000000000e+05
4.006837500000000000e+05
4.033240000000000000e+05
4.017615000000000000e+05
4.222277500000000000e+05
4.224532500000000000e+05
4.225737500000000000e+05
4.230345000000000000e+05
4.263437500000000000e+05
4.263872500000000000e+05
4.292615000000000000e+05
4.299095000000000000e+05
4.333670000000000000e+05
4.332330000000000000e+05
4.400767500000000000e+05
4.402040000000000000e+05
4.430750000000000000e+05
4.441982500000000000e+05
4.543247500000000000e+05
4.504430000000000000e+05
4.563010000000000000e+05
4.551515000000000000e+05
4.631462500000000000e+05
4.604527500000000000e+05
4.708100000000000000e+05
4.702365000000000000e+05
4.745797500000000000e+05
4.763615000000000000e+05
4.780002500000000000e+05
4.801877500000000000e+05
4.865535000000000000e+05
4.842390000000000000e+05
4.908322500000000000e+05
4.924650000000000000e+05
4.946547500000000000e+05
4.938230000000000000e+05
4.992162500000000000e+05
5.000007500000000000e+05
5.063362500000000000e+05
5.070287500000000000e+05
5.093952500000000000e+05
5.098627500000000000e+05
5.137430000000000000e+05
5.139937500000000000e+05
5.180340000000000000e+05
5.175947500000000000e+05
5.188735000000000000e+05
5.188020000000000000e+05
5.205412500000000000e+05
5.222467500000000000e+05
5.257610000000000000e+05
5.248590000000000000e+05
5.274940000000000000e+05
5.295422500000000000e+05
5.349870000000000000e+05
5.350672500000000000e+05
5.378572500000000000e+05
5.375305000000000000e+05
5.390597500000000000e+05
5.399607500000000000e+05
5.440405000000000000e+05
5.437195000000000000e+05
5.472227500000000000e+05
5.442917500000000000e+05
5.491922500000000000e+05
5.493077500000000000e+05
5.530627500000000000e+05
5.531532500000000000e+05
5.561795000000000000e+05
5.534055000000000000e+05
5.564977500000000000e+05
5.546877500000000000e+05
5.575335000000000000e+05
5.558670000000000000e+05
5.585460000000000000e+05
5.558475000000000000e+05
5.568772500000000000e+05
5.581902500000000000e+05
5.601575000000000000e+05
5.617997500000000000e+05
5.640520000000000000e+05
5.644957500000000000e+05
5.664992500000000000e+05
5.644925000000000000e+05
5.685665000000000000e+05
5.675355000000000000e+05
5.691727500000000000e+05
5.706702500000000000e+05
5.742347500000000000e+05
5.752180000000000000e+05
5.757082500000000000e+05
5.767792500000000000e+05
5.768142500000000000e+05
5.788440000000000000e+05
5.810265000000000000e+05
5.802930000000000000e+05
5.842552500000000000e+05
5.844582500000000000e+05
5.891880000000000000e+05
5.890327500000000000e+05
5.897675000000000000e+05
5.922745000000000000e+05
5.951757500000000000e+05
5.952027500000000000e+05
5.979832500000000000e+05
5.979090000000000000e+05
6.006667500000000000e+05
5.999532500000000000e+05
6.038000000000000000e+05
6.026792500000000000e+05
6.041912500000000000e+05
6.037292500000000000e+05
6.044245000000000000e+05
6.020157500000000000e+05
6.041915000000000000e+05
6.057167500000000000e+05
6.076392500000000000e+05
6.082455000000000000e+05
6.104632500000000000e+05
6.104697500000000000e+05
6.126065000000000000e+05
6.111382500000000000e+05
6.158717500000000000e+05
6.160897500000000000e+05
6.184072500000000000e+05
6.183197500000000000e+05
6.217120000000000000e+05
6.216582500000000000e+05
6.232882500000000000e+05
6.260757500000000000e+05
6.273595000000000000e+05
6.259490000000000000e+05
6.307835000000000000e+05
6.283532500000000000e+05
6.330945000000000000e+05
6.313952500000000000e+05
6.340555000000000000e+05
6.313950000000000000e+05
6.331305000000000000e+05
6.331522500000000000e+05
6.365395000000000000e+05
6.371060000000000000e+05
6.411525000000000000e+05
6.414985000000000000e+05
6.442025000000000000e+05
6.435137500000000000e+05
6.458870000000000000e+05
6.463597500000000000e+05
6.487672500000000000e+05
6.506065000000000000e+05
6.554197500000000000e+05
6.539660000000000000e+05
6.586472500000000000e+05
6.600355000000000000e+05
6.606187500000000000e+05
6.617832500000000000e+05
6.644187500000000000e+05
6.607385000000000000e+05
6.649782500000000000e+05
6.637125000000000000e+05
6.654570000000000000e+05
6.645027500000000000e+05
6.684837500000000000e+05
6.663375000000000000e+05
6.692417500000000000e+05
6.717107500000000000e+05
6.732530000000000000e+05
6.744490000000000000e+05
6.767540000000000000e+05
6.778770000000000000e+05
6.815592500000000000e+05
6.827115000000000000e+05
6.836895000000000000e+05
6.823392500000000000e+05
6.847142500000000000e+05
6.833895000000000000e+05
6.856857500000000000e+05
6.864565000000000000e+05
6.881805000000000000e+05
6.882472500000000000e+05
6.889047500000000000e+05
6.897860000000000000e+05
6.927940000000000000e+05
6.922227500000000000e+05
6.947890000000000000e+05
6.940110000000000000e+05
6.946200000000000000e+05
6.961952500000000000e+05
6.959987500000000000e+05
6.978622500000000000e+05
6.995590000000000000e+05
6.993615000000000000e+05
7.010082500000000000e+05
7.012270000000000000e+05
7.029047500000000000e+05
7.024905000000000000e+05
7.017170000000000000e+05
7.005255000000000000e+05
7.029750000000000000e+05
7.058317500000000000e+05
7.068472500000000000e+05
7.072230000000000000e+05
7.118737500000000000e+05
7.105490000000000000e+05
7.122640000000000000e+05
7.122202500000000000e+05
7.143577500000000000e+05
7.139602500000000000e+05
7.152495000000000000e+05
7.138812500000000000e+05
7.173265000000000000e+05
7.156155000000000000e+05
7.221505000000000000e+05
7.232625000000000000e+05
7.281385000000000000e+05
7.283330000000000000e+05
7.317820000000000000e+05
7.304275000000000000e+05
7.351487500000000000e+05
7.356712500000000000e+05
7.395732500000000000e+05
7.393682500000000000e+05
7.440412500000000000e+05
7.451140000000000000e+05
7.500742500000000000e+05
7.498705000000000000e+05
7.562472500000000000e+05
7.528725000000000000e+05
7.599360000000000000e+05
7.595845000000000000e+05
7.634275000000000000e+05
7.643082500000000000e+05
7.680835000000000000e+05
7.690820000000000000e+05
7.755480000000000000e+05
7.735210000000000000e+05
7.805660000000000000e+05
7.801727500000000000e+05
7.844377500000000000e+05
7.856207500000000000e+05
7.931315000000000000e+05
7.911062500000000000e+05
7.965207500000000000e+05
7.944210000000000000e+05
7.979945000000000000e+05
7.965420000000000000e+05
8.042895000000000000e+05
8.032137500000000000e+05
8.081752500000000000e+05
8.067962500000000000e+05
8.141757500000000000e+05
8.133472500000000000e+05
8.201885000000000000e+05
8.201632500000000000e+05
8.225585000000000000e+05
8.234282500000000000e+05
8.281225000000000000e+05
8.275997500000000000e+05
8.327707500000000000e+05
8.321072500000000000e+05
8.367672500000000000e+05
8.363575000000000000e+05
8.377527500000000000e+05
8.397685000000000000e+05
8.436932500000000000e+05
8.441470000000000000e+05
8.458327500000000000e+05
8.457000000000000000e+05
8.491622500000000000e+05
8.486425000000000000e+05
8.502185000000000000e+05
8.496812500000000000e+05
8.518052500000000000e+05
8.534712500000000000e+05
8.553935000000000000e+05
8.561565000000000000e+05
8.562587500000000000e+05
8.584240000000000000e+05
8.608412500000000000e+05
8.592962500000000000e+05
8.633167500000000000e+05
8.612082500000000000e+05
8.633697500000000000e+05
8.643055000000000000e+05
8.655970000000000000e+05
8.666972500000000000e+05
8.679160000000000000e+05
8.673565000000000000e+05
8.734867500000000000e+05
8.730032500000000000e+05
8.740490000000000000e+05
8.748572500000000000e+05
8.767842500000000000e+05
8.771527500000000000e+05
8.814380000000000000e+05
8.811332500000000000e+05
8.850895000000000000e+05
8.842932500000000000e+05
8.888020000000000000e+05
8.860915000000000000e+05
8.924342500000000000e+05
8.898882500000000000e+05
8.924282500000000000e+05
8.899482500000000000e+05
8.954957500000000000e+05
8.958685000000000000e+05
9.018465000000000000e+05
9.012617500000000000e+05
9.051332500000000000e+05
9.048082500000000000e+05
9.069785000000000000e+05
9.058585000000000000e+05
9.104597500000000000e+05
9.099080000000000000e+05
9.122395000000000000e+05
9.132125000000000000e+05
9.168540000000000000e+05
9.150200000000000000e+05
9.203577500000000000e+05
9.215325000000000000e+05
9.238390000000000000e+05
9.240950000000000000e+05
9.283410000000000000e+05
9.274017500000000000e+05
9.301890000000000000e+05
9.306530000000000000e+05
9.344135000000000000e+05
9.341365000000000000e+05
9.391272500000000000e+05
9.371405000000000000e+05
9.437625000000000000e+05
9.421252500000000000e+05
9.461910000000000000e+05
9.464795000000000000e+05
9.483882500000000000e+05
9.488630000000000000e+05
9.520200000000000000e+05
9.525757500000000000e+05
9.532905000000000000e+05
9.543462500000000000e+05
9.574687500000000000e+05
9.587672500000000000e+05
9.604667500000000000e+05
9.596105000000000000e+05
9.625947500000000000e+05
9.634777500000000000e+05
9.643182500000000000e+05
9.656240000000000000e+05
9.687162500000000000e+05
9.680620000000000000e+05
9.695120000000000000e+05
9.707460000000000000e+05
9.739067500000000000e+05
9.710530000000000000e+05
9.765017500000000000e+05
9.750050000000000000e+05
9.781660000000000000e+05
9.768222500000000000e+05
9.787802500000000000e+05
9.802520000000000000e+05
9.829397500000000000e+05
9.831317500000000000e+05
9.856875000000000000e+05
9.850900000000000000e+05
9.856390000000000000e+05
9.887522500000000000e+05
9.920230000000000000e+05
9.907110000000000000e+05
9.937382500000000000e+05
9.953470000000000000e+05
9.950900000000000000e+05
9.969202500000000000e+05
1.001511250000000000e+06
1.000444750000000000e+06
1.001187750000000000e+06
1.000881750000000000e+06
1.003022000000000000e+06
1.003382750000000000e+06
1.004297500000000000e+06
1.007557000000000000e+06
1.005543250000000000e+06
1.006758250000000000e+06
1.009248000000000000e+06
1.010862500000000000e+06
1.013478250000000000e+06
1.011535750000000000e+06
1.015432500000000000e+06
1.014778250000000000e+06
1.018056250000000000e+06
1.019532750000000000e+06
1.020214250000000000e+06
1.020493000000000000e+06
1.022625000000000000e+06
1.026534000000000000e+06
1.026047750000000000e+06
1.025112000000000000e+06
1.027662250000000000e+06
1.025841250000000000e+06
1.028226500000000000e+06
1.030179500000000000e+06
1.031791500000000000e+06
1.032442250000000000e+06
1.034879000000000000e+06
1.036569500000000000e+06
1.036940250000000000e+06
1.038232000000000000e+06
1.041780750000000000e+06
1.041260250000000000e+06
1.046297750000000000e+06
1.043230250000000000e+06
1.046897250000000000e+06
1.044610750000000000e+06
1.048080500000000000e+06
1.047486000000000000e+06
1.051253750000000000e+06
1.051624250000000000e+06
1.054734000000000000e+06
1.054457250000000000e+06
1.058484750000000000e+06
1.059857750000000000e+06
1.061688000000000000e+06
1.064320750000000000e+06
1.065108750000000000e+06
1.065753250000000000e+06
1.070812500000000000e+06
1.068361500000000000e+06
1.071921000000000000e+06
1.072410250000000000e+06
1.076276000000000000e+06
1.077609750000000000e+06
1.082883250000000000e+06
1.084673500000000000e+06
1.087382500000000000e+06
1.086946750000000000e+06
1.086696750000000000e+06
1.087892500000000000e+06
1.092972250000000000e+06
1.092180250000000000e+06
1.097282750000000000e+06
1.096518500000000000e+06
1.102082500000000000e+06
1.102919000000000000e+06
1.105439250000000000e+06
1.105107000000000000e+06
1.109233250000000000e+06
1.109770500000000000e+06
1.110558750000000000e+06
1.112991750000000000e+06
1.118140250000000000e+06
1.118596250000000000e+06
1.121571250000000000e+06
1.120706000000000000e+06
1.126567750000000000e+06
1.124426750000000000e+06
1.128976000000000000e+06
1.128919000000000000e+06
1.132962500000000000e+06
1.135883500000000000e+06
1.137500500000000000e+06
1.137767750000000000e+06
1.141131250000000000e+06
1.143853000000000000e+06
1.147226750000000000e+06
1.148092250000000000e+06
1.152628250000000000e+06
1.152163500000000000e+06
1.156068250000000000e+06
1.157542000000000000e+06
1.158980500000000000e+06
1.157773500000000000e+06
1.160371750000000000e+06
1.160974250000000000e+06
1.165750500000000000e+06
1.164190000000000000e+06
1.168488000000000000e+06
1.167652500000000000e+06
1.170706000000000000e+06
1.171297000000000000e+06
1.174412750000000000e+06
1.175390000000000000e+06
1.179233750000000000e+06
1.177680250000000000e+06
1.177960500000000000e+06
1.178252750000000000e+06
1.182430750000000000e+06
1.180693250000000000e+06
1.184994250000000000e+06
1.184912500000000000e+06
1.187013250000000000e+06
1.185935500000000000e+06
1.189532000000000000e+06
1.189991750000000000e+06
1.193807750000000000e+06
1.190133500000000000e+06
1.191250000000000000e+06
1.194265000000000000e+06
1.193871500000000000e+06
1.196590500000000000e+06
1.198820500000000000e+06
1.201036250000000000e+06
